0.011609977,0
0.023219955,0
0.034829932,0
0.046439909,0
0.058049887,0
0.069659864,0
0.081269841,0
0.092879819,1.9233351e-05
0.1044898,8.222555e-06
0.11609977,0.019484244
0.12770975,1.7537309e-05
0.13931973,0.014149131
0.15092971,0.02388824
0.16253968,0.00021052526
0.17414966,0.023223226
0.18575964,0.008097893
0.19736961,0.0019072576
0.20897959,0.0101143
0.22058957,0.0039484813
0.23219955,0.0017971636
0.24380952,0.0017413343
0.2554195,0.0024560702
0.26702948,0.0021800344
0.27863946,0.00034037726
0.29024943,0.0023061925
0.30185941,0.0012358661
0.31346939,0.007037435
0.32507937,0.0089866407
0.33668934,1.1402042e-09
0.34829932,0.0011399669
0.3599093,2.0537993e-06
0.37151927,0
0.38312925,0.00022345489
0.39473923,0.0089575937
0.40634921,0.0069025955
0.41795918,0.00075249911
0.42956916,0.001082871
0.44117914,0
0.45278912,0.00027278396
0.46439909,0.0042750149
0.47600907,0
0.48761905,0.0033604753
0.49922902,0.00013305018
0.510839,0.0064906002
0.52244898,0
0.53405896,5.0920984e-08
0.54566893,0.00028194129
0.55727891,0.0038089494
0.56888889,2.7307113e-05
0.58049887,0.0020863006
0.59210884,0.0070408128
0.60371882,6.452108e-05
0.6153288,0.0056230123
0.62693878,0
0.63854875,2.3972249e-05
0.65015873,0.0030370565
0.66176871,0.0027388477
0.67337868,0
0.68498866,0.000315941
0.69659864,0.00071776408
0.70820862,1.9417229e-05
0.71981859,0.0023999782
0.73142857,5.8851889e-05
0.74303855,0.00072417337
0.75464853,0
0.7662585,0.0016838824
0.77786848,0
0.78947846,0
0.80108844,3.8290841e-06
0.81269841,0.0015253185
0.82430839,0.00011285135
0.83591837,0.0017365991
0.84752834,0.002392239
0.85913832,0.00018897398
0.8707483,0.0011223642
0.88235828,0
0.89396825,0
0.90557823,0.00089771296
0.91718821,0
0.92879819,0
0.94040816,0
0.95201814,3.0396741e-07
0.96362812,0.0009885281
0.9752381,0
0.98684807,0
0.99845805,2.2864366e-06
1.010068,0
1.021678,0
1.033288,0
1.044898,0.0013726363
1.0565079,0.000925287
1.0681179,0
1.0797279,0
1.0913379,3.8357114e-05
1.1029478,6.3277468e-10
1.1145578,0.00030195519
1.1261678,0.0045078936
1.1377778,0.0017725462
1.1493878,0
1.1609977,9.6036734e-05
1.1726077,0
1.1842177,0
1.1958277,0
1.2074376,0
1.2190476,0.00083513281
1.2306576,0
1.2422676,6.5337822e-05
1.2538776,0.0014347156
1.2654875,0.0052799628
1.2770975,0.00033419861
1.2887075,0.00011623045
1.3003175,0.0037503083
1.3119274,2.7023322e-06
1.3235374,0.12402103
1.3351474,1.2610336
1.3467574,3.9075614
1.3583673,8.55909
1.3699773,10.94593
1.3815873,11.798189
1.3931973,10.878959
1.4048073,10.342387
1.4164172,10.827189
1.4280272,10.392193
1.4396372,10.465815
1.4512472,10.026414
1.4628571,10.176562
1.4744671,10.786364
1.4860771,10.054671
1.4976871,10.209889
1.5092971,10.006224
1.520907,9.7461321
1.532517,10.320009
1.544127,10.259533
1.555737,10.134197
1.5673469,9.9233491
1.5789569,9.9326585
1.5905669,10.203859
1.6021769,9.9177663
1.6137868,9.4845282
1.6253968,9.447978
1.6370068,9.5629465
1.6486168,9.1299769
1.6602268,9.0587925
1.6718367,8.8407607
1.6834467,8.891929
1.6950567,8.6522991
1.7066667,8.3867738
1.7182766,8.4910503
1.7298866,8.5605296
1.7414966,8.0393328
1.7531066,7.8583125
1.7647166,7.7202942
1.7763265,8.166873
1.7879365,7.7367686
1.7995465,7.0963999
1.8111565,7.9125353
1.8227664,7.3883799
1.8343764,7.0995491
1.8459864,7.1629716
1.8575964,7.1783155
1.8692063,7.615796
1.8808163,7.0733163
1.8924263,6.8887339
1.9040363,7.0927537
1.9156463,7.2468243
1.9272562,6.8680591
1.9388662,6.9233788
1.9504762,6.8462679
1.9620862,7.0911415
1.9736961,6.8024774
1.9853061,6.6671923
1.9969161,6.8599508
2.0085261,6.5238095
2.0201361,6.6604575
2.031746,6.4679165
2.043356,6.0992331
2.054966,6.6376801
2.066576,6.3136601
2.0781859,6.0740064
2.0897959,6.1761813
2.1014059,5.7388799
2.1130159,6.4964581
2.1246259,6.1586085
2.1362358,5.7475925
2.1478458,6.0648797
2.1594558,5.8819118
2.1710658,6.0659738
2.1826757,5.7750358
2.1942857,5.4448563
2.2058957,6.0751657
2.2175057,5.623968
2.2291156,5.4655939
2.2407256,5.5924046
2.2523356,5.5546572
2.2639456,5.8378975
2.2755556,5.4180491
2.2871655,5.3311453
2.2987755,5.5217993
2.3103855,5.4268217
2.3219955,5.3107145
2.3336054,5.276618
2.3452154,5.1746797
2.3568254,5.422644
2.3684354,5.0690432
2.3800454,4.8317585
2.3916553,4.9642637
2.4032653,4.9282619
2.4148753,4.9377987
2.4264853,4.792782
2.4380952,4.5115133
2.4497052,4.7111724
2.4613152,4.5616192
2.4729252,4.5799094
2.4845351,4.4353821
2.4961451,4.5117136
2.5077551,4.5177078
2.5193651,4.3292292
2.5309751,4.2010539
2.542585,4.582036
2.554195,4.4769061
2.565805,4.4304135
2.577415,4.5450414
2.5890249,4.3915317
2.6006349,4.8046052
2.6122449,4.9959466
2.6238549,4.7634471
2.6354649,4.5801181
2.6470748,4.6234197
2.6586848,4.96652
2.6702948,4.7982211
2.6819048,4.40026
2.6935147,4.5940827
2.7051247,4.4857584
2.7167347,4.5808716
2.7283447,4.0930654
2.7399546,4.2334731
2.7515646,4.3690466
2.7631746,4.1765972
2.7747846,4.0311749
2.7863946,3.9049767
2.7980045,3.8401506
2.8096145,4.142688
2.8212245,3.7742233
2.8328345,3.9519138
2.8444444,3.8528733
2.8560544,3.8568058
2.8676644,4.0162005
2.8792744,3.5985457
2.8908844,3.8473461
2.9024943,3.641699
2.9141043,3.9162289
2.9257143,7.0541077
2.9373243,9.127394
2.9489342,9.6389435
2.9605442,9.0067155
2.9721542,8.9923133
2.9837642,8.8830597
2.9953741,9.0106396
3.0069841,9.2110183
3.0185941,8.9442148
3.0302041,8.9164101
3.0418141,8.6431097
3.053424,8.0757626
3.065034,8.2278103
3.076644,8.2010732
3.088254,7.9678671
3.0998639,7.5464763
3.1114739,7.5358934
3.1230839,7.2639787
3.1346939,6.9849995
3.1463039,6.8913733
3.1579138,6.7984903
3.1695238,6.7153345
3.1811338,6.6900755
3.1927438,6.5221944
3.2043537,5.8559076
3.2159637,5.5227263
3.2275737,4.9449815
3.2391837,4.6115687
3.2507937,4.5282584
3.2624036,4.2903497
3.2740136,4.2075665
3.2856236,4.2823688
3.2972336,3.9588745
3.3088435,5.3119314
3.3204535,8.852637
3.3320635,9.6996216
3.3436735,9.8468587
3.3552834,9.8402138
3.3668934,9.4944996
3.3785034,9.4762374
3.3901134,9.1871215
3.4017234,9.5339098
3.4133333,9.2721869
3.4249433,9.0150312
3.4365533,8.8604244
3.4481633,8.9133377
3.4597732,8.751806
3.4713832,8.6170582
3.4829932,8.5840686
3.4946032,8.4688616
3.5062132,8.3596865
3.5178231,8.1822162
3.5294331,8.1447099
3.5410431,8.1981275
3.5526531,7.8170584
3.564263,7.3040935
3.575873,6.8863799
3.587483,6.9345062
3.599093,5.9622806
3.6107029,5.5626003
3.6223129,5.1583726
3.6339229,4.9834721
3.6455329,4.7261089
3.6571429,4.5098661
3.6687528,4.262721
3.6803628,4.4646419
3.6919728,4.3458618
3.7035828,4.4071578
3.7151927,8.4930583
3.7268027,9.4796737
3.7384127,9.5854389
3.7500227,9.8986673
3.7616327,9.6539709
3.7732426,8.8989341
3.7848526,8.5225634
3.7964626,8.4078831
3.8080726,8.2922012
3.8196825,8.2017268
3.8312925,8.1929652
3.8429025,8.3918067
3.8545125,8.0667481
3.8661224,7.8267906
3.8777324,7.1677389
3.8893424,7.3198375
3.9009524,7.0577745
3.9125624,7.3720016
3.9241723,7.0482988
3.9357823,7.3885375
3.9473923,7.0766294
3.9590023,6.9090164
3.9706122,7.2134417
3.9822222,6.8354739
3.9938322,7.3530187
4.0054422,7.2708643
4.0170522,7.1012288
4.0286621,6.9583736
4.0402721,7.078329
4.0518821,7.0106293
4.0634921,7.1663979
4.075102,6.8174869
4.086712,6.7088329
4.098322,6.9046993
4.109932,6.4298488
4.121542,6.4445797
4.1331519,6.2154689
4.1447619,5.8989697
4.1563719,6.8094233
4.1679819,6.1526461
4.1795918,5.8512666
4.1912018,6.2417493
4.2028118,5.9945805
4.2144218,6.1776836
4.2260317,5.8003974
4.2376417,5.4695834
4.2492517,6.5157212
4.2608617,5.6887024
4.2724717,5.5726208
4.2840816,5.8979433
4.2956916,5.6780516
4.3073016,6.1681855
4.3189116,5.4153856
4.3305215,5.4827642
4.3421315,6.0743688
4.3537415,5.6519637
4.3653515,5.6271395
4.3769615,5.5457529
4.3885714,5.4372499
4.4001814,6.0770621
4.4117914,5.7442805
4.4234014,5.3355514
4.4350113,5.5818522
4.4466213,5.2327946
4.4582313,5.3332824
4.4698413,4.9212877
4.4814512,4.8424377
4.4930612,5.4707859
4.5046712,5.0704231
4.5162812,4.8556138
4.5278912,4.7706927
4.5395011,4.6552605
4.5511111,5.0684496
4.5627211,4.6421786
4.5743311,4.409595
4.585941,4.8447578
4.597551,4.46723
4.609161,4.7081337
4.620771,4.3744946
4.632381,4.3706507
4.6439909,5.0514126
4.6556009,4.654734
4.6672109,4.5679077
4.6788209,4.5023864
4.6904308,4.4961812
4.7020408,4.5815506
4.7136508,4.5664022
4.7252608,4.5270053
4.7368707,4.465971
4.7484807,4.3046531
4.7600907,4.2424833
4.7717007,4.1298667
4.7833107,3.9479981
4.7949206,4.1479827
4.8065306,3.4710746
4.8181406,3.2995736
4.8297506,3.890221
4.8413605,3.5601764
4.8529705,3.6128304
4.8645805,3.2810868
4.8761905,3.3953515
4.8878005,3.8209585
4.8994104,3.1997789
4.9110204,3.3093902
4.9226304,3.4759196
4.9342404,3.5002772
4.9458503,3.62639
4.9574603,3.68152
4.9690703,3.9919381
4.9806803,3.9020724
4.9922902,3.8437517
5.0039002,4.0193406
5.0155102,4.0171021
5.0271202,3.9859557
5.0387302,3.7929097
5.0503401,3.9232262
5.0619501,4.2364865
5.0735601,3.9495909
5.0851701,3.8353542
5.09678,3.7306398
5.10839,3.9462427
5.12,3.8025089
5.13161,3.4852677
5.14322,3.6344715
5.1548299,3.3470297
5.1664399,3.2693854
5.1780499,3.301385
5.1896599,2.9087484
5.2012698,3.1010897
5.2128798,2.8504391
5.2244898,2.7773442
5.2360998,2.9789466
5.2477098,2.5361233
5.2593197,2.7285936
5.2709297,2.7973442
5.2825397,2.8867311
5.2941497,2.8087293
5.3057596,2.6068035
5.3173696,4.7249875
5.3289796,6.8065913
5.3405896,7.222651
5.3521995,7.4189426
5.3638095,7.4561717
5.3754195,7.8144848
5.3870295,8.0907612
5.3986395,7.7506627
5.4102494,7.7475306
5.4218594,7.9911995
5.4334694,7.8065176
5.4450794,7.4525338
5.4566893,7.5761968
5.4682993,7.5517403
5.4799093,7.4864865
5.4915193,7.3573624
5.5031293,7.1654684
5.5147392,7.3271101
5.5263492,7.0167312
5.5379592,6.9075515
5.5495692,6.9354273
5.5611791,7.0454237
5.5727891,6.7104053
5.5843991,6.4159647
5.5960091,6.433653
5.607619,6.1509208
5.619229,5.6459807
5.630839,4.7448824
5.642449,4.5461139
5.654059,4.4378058
5.6656689,4.1227185
5.6772789,3.8135178
5.6888889,3.5694487
5.7004989,4.0080485
5.7121088,4.116653
5.7237188,6.6566792
5.7353288,6.9530829
5.7469388,6.8695297
5.7585488,6.8046367
5.7701587,6.6215252
5.7817687,6.949256
5.7933787,6.842342
5.8049887,6.4432659
5.8165986,6.3889477
5.8282086,6.2892893
5.8398186,5.9197974
5.8514286,5.1665471
5.8630385,5.0798126
5.8746485,5.1975537
5.8862585,4.9076195
5.8978685,4.2850943
5.9094785,4.0475606
5.9210884,4.0848797
5.9326984,4.01725
5.9443084,3.7930179
5.9559184,3.6927706
5.9675283,3.7190821
5.9791383,3.3588073
5.9907483,3.1513162
6.0023583,2.9575899
6.0139683,2.9539848
6.0255782,2.8340032
6.0371882,2.6729411
6.0487982,2.6943396
6.0604082,2.4077931
6.0720181,2.4753357
6.0836281,2.2651344
6.0952381,2.5754135
6.1068481,5.1319451
6.118458,7.6670507
6.130068,8.8343573
6.141678,9.305475
6.153288,9.574737
6.164898,9.333006
6.1765079,8.9936638
6.1881179,8.2127057
6.1997279,9.0112565
6.2113379,8.7605321
6.2229478,8.1123047
6.2345578,7.887247
6.2461678,7.6086559
6.2577778,8.0148898
6.2693878,6.9353783
6.2809977,6.5561688
6.2926077,7.3681001
6.3042177,6.5639498
6.3158277,7.1929469
6.3274376,6.4834383
6.3390476,6.1661886
6.3506576,6.9320658
6.3622676,6.3006344
6.3738776,6.0088191
6.3854875,6.2751802
6.3970975,6.1449261
6.4087075,6.5877111
6.4203175,5.8056045
6.4319274,5.7200031
6.4435374,6.2090091
6.4551474,6.2808592
6.4667574,6.3264974
6.4783673,7.6190131
6.4899773,6.8264376
6.5015873,6.0860221
6.5131973,8.537789
6.5248073,8.3020742
6.5364172,8.437211
6.5480272,7.9999047
6.5596372,7.7651118
6.5712472,7.4476313
6.5828571,7.1916115
6.5944671,6.93367
6.6060771,6.8036922
6.6176871,6.5972108
6.6292971,6.2345586
6.640907,5.9221577
6.652517,6.0009762
6.664127,5.2860349
6.675737,5.4041833
6.6873469,5.330023
6.6989569,5.4985858
6.7105669,5.9360753
6.7221769,5.015857
6.7337868,5.1081244
6.7453968,5.6759744
6.7570068,5.2298964
6.7686168,5.3817683
6.7802268,4.4587896
6.7918367,4.8916441
6.8034467,5.789942
6.8150567,4.8254601
6.8266667,4.6916782
6.8382766,4.3534709
6.8498866,4.0331444
6.8614966,4.3985652
6.8731066,4.3853527
6.8847166,3.90436
6.8963265,4.5583374
6.9079365,6.810393
6.9195465,7.0421122
6.9311565,7.5069089
6.9427664,7.8675286
6.9543764,6.6660072
6.9659864,7.0064176
6.9775964,6.0997311
6.9892063,6.2479687
7.0008163,5.8678565
7.0124263,5.5911189
7.0240363,5.3651089
7.0356463,4.9912467
7.0472562,4.8794842
7.0588662,3.9824677
7.0704762,5.0568421
7.0820862,4.4228412
7.0936961,4.0603968
7.1053061,5.239866
7.1169161,4.6771032
7.1285261,5.3505609
7.1401361,5.5528885
7.151746,5.348616
7.163356,5.5040462
7.174966,4.5491209
7.186576,4.5146736
7.1981859,3.7712529
7.2097959,4.5420293
7.2214059,3.4010549
7.2330159,3.7611803
7.2446259,3.1528056
7.2562358,3.79615
7.2678458,3.473824
7.2794558,3.2982165
7.2910658,3.8896037
7.3026757,4.0685567
7.3142857,5.7348158
7.3258957,6.6355375
7.3375057,7.2716806
7.3491156,6.4088191
7.3607256,5.9083348
7.3723356,6.598856
7.3839456,7.6388689
7.3955556,7.7799134
7.4071655,6.6192435
7.4187755,7.038478
7.4303855,6.2299444
7.4419955,6.1986363
7.4536054,6.2835302
7.4652154,6.4288553
7.4768254,6.0379192
7.4884354,5.8276908
7.5000454,5.6897341
7.5116553,5.4823139
7.5232653,5.5140935
7.5348753,5.4557706
7.5464853,5.4324601
7.5580952,5.1744609
7.5697052,4.9078416
7.5813152,5.1095884
7.5929252,5.3241925
7.6045351,5.2562408
7.6161451,5.1107931
7.6277551,5.4374833
7.6393651,5.7718854
7.6509751,5.9936576
7.662585,6.6571012
7.674195,6.514833
7.685805,6.9937947
7.697415,7.8181207
7.7090249,6.3689289
7.7206349,6.432715
7.7322449,6.4533713
7.7438549,5.4716171
7.7554649,5.8194897
7.7670748,5.943511
7.7786848,5.9276307
7.7902948,5.1979369
7.8019048,5.4849694
7.8135147,5.1778503
7.8251247,5.4800665
7.8367347,4.8291421
7.8483447,4.5026696
7.8599546,4.4473877
7.8715646,4.1189352
7.8831746,3.9980511
7.8947846,4.5334294
7.9063946,4.5384994
7.9180045,3.5205759
7.9296145,4.0237204
7.9412245,4.7359727
7.9528345,3.8568736
7.9644444,3.6083098
7.9760544,3.3518379
7.9876644,3.8428451
7.9992744,3.7542237
8.0108844,3.5964194
8.0224943,3.6448665
8.0341043,4.4975372
8.0457143,3.8264198
8.0573243,3.3993438
8.0689342,3.2319694
8.0805442,4.7682901
8.0921542,6.1764407
8.1037642,7.0184662
8.1153741,8.6321752
8.1269841,6.8983505
8.1385941,6.485477
8.1502041,7.6826473
8.1618141,7.1370203
8.173424,5.9951544
8.185034,4.6993096
8.196644,5.5166211
8.208254,5.1806505
8.2198639,5.3374474
8.2314739,4.4803048
8.2430839,4.9751504
8.2546939,4.3233214
8.2663039,5.0771105
8.2779138,4.1638205
8.2895238,3.745608
8.3011338,3.4596844
8.3127438,4.1612843
8.3243537,3.7152912
8.3359637,3.3895345
8.3475737,4.1209428
8.3591837,3.6661648
8.3707937,4.2110734
8.3824036,4.4560446
8.3940136,4.1303604
8.4056236,3.8935135
8.4172336,4.1005453
8.4288435,3.1598131
8.4404535,4.1015235
8.4520635,3.4388075
8.4636735,2.9595017
8.4752834,3.4822855
8.4868934,3.7831356
8.4985034,6.5548071
8.5101134,8.6623733
8.5217234,9.8363687
8.5333333,9.3948039
8.5449433,8.9046058
8.5565533,9.7150321
8.5681633,8.4501778
8.5797732,8.4333148
8.5913832,8.6316297
8.6029932,8.7126148
8.6146032,8.4365118
8.6262132,7.3344196
8.6378231,7.5178572
8.6494331,7.1891427
8.6610431,7.1492788
8.6726531,7.3653681
8.684263,6.9363189
8.695873,7.3610154
8.707483,6.5960856
8.719093,5.9649605
8.7307029,6.6991544
8.7423129,6.5080477
8.7539229,6.5140537
8.7655329,6.4696081
8.7771429,5.8550107
8.7887528,6.1877547
8.8003628,5.358132
8.8119728,5.8044834
8.8235828,6.1840716
8.8351927,8.4989587
8.8468027,10.283389
8.8584127,8.1665943
8.8700227,7.3510088
8.8816327,9.5014438
8.8932426,7.4754931
8.9048526,7.4783597
8.9164626,8.6438583
8.9280726,6.7805004
8.9396825,6.9394035
8.9512925,8.1506452
8.9629025,6.7022141
8.9745125,6.5235022
8.9861224,7.6355304
8.9977324,5.9567557
9.0093424,6.1098719
9.0209524,6.3548182
9.0325624,5.5270853
9.0441723,6.5170503
9.0557823,4.9981991
9.0673923,5.1672369
9.0790023,6.1209772
9.0906122,4.9804407
9.1022222,5.1015766
9.1138322,5.4619414
9.1254422,5.1048995
9.1370522,5.1074173
9.1486621,5.853948
9.1602721,5.1407563
9.1718821,5.0647756
9.1834921,6.6462226
9.195102,5.9868834
9.206712,5.4992787
9.218322,5.9215623
9.229932,8.489826
9.241542,10.614988
9.2531519,9.5635859
9.2647619,8.4920193
9.2763719,9.8423858
9.2879819,9.4132319
9.2995918,10.595968
9.3112018,8.7907652
9.3228118,9.2820726
9.3344218,9.7880107
9.3460317,8.5970528
9.3576417,8.8736596
9.3692517,9.2244527
9.3808617,8.0642492
9.3924717,7.9987906
9.4040816,8.6486161
9.4156916,6.8503784
9.4273016,6.7238697
9.4389116,7.0314313
9.4505215,5.7854241
9.4621315,6.9390096
9.4737415,6.1833655
9.4853515,6.0219068
9.4969615,6.0226443
9.5085714,6.2998044
9.5201814,6.5227682
9.5317914,5.6215525
9.5434014,5.8467843
9.5550113,6.465045
9.5666213,5.1571465
9.5782313,6.7491767
9.5898413,6.1158063
9.6014512,5.5666593
9.6130612,5.9871161
9.6246712,5.9432156
9.6362812,5.6436291
9.6478912,6.567946
9.6595011,6.4080851
9.6711111,6.8298247
9.6827211,6.6778892
9.6943311,6.7077125
9.705941,5.9360408
9.717551,6.796969
9.729161,8.0940377
9.740771,8.6270322
9.752381,7.4342579
9.7639909,6.9538974
9.7756009,7.6955024
9.7872109,8.098193
9.7988209,7.4272522
9.8104308,7.4115447
9.8220408,7.5937603
9.8336508,7.1191385
9.8452608,6.7260285
9.8568707,6.4136146
9.8684807,6.4735276
9.8800907,6.7867777
9.8917007,6.1961746
9.9033107,6.3315705
9.9149206,6.684612
9.9265306,6.7659734
9.9381406,5.8286824
9.9497506,6.2656689
9.9613605,6.6018776
9.9729705,7.2475972
9.9845805,6.5983443
9.9961905,6.6490613
10.0078,5.60388
10.01941,6.6397611
10.03102,9.3375046
10.04263,8.6186023
10.05424,6.0086522
10.06585,7.5579579
10.07746,6.6014884
10.08907,7.7044731
10.10068,6.4435359
10.11229,7.2622061
10.1239,6.613475
10.13551,7.1607091
10.14712,6.1529531
10.15873,6.6651651
10.17034,6.5754398
10.18195,6.0301955
10.19356,5.5613095
10.20517,5.9487474
10.21678,6.1990935
10.22839,5.3208067
10.24,5.2510273
10.25161,5.1870393
10.26322,5.5181331
10.27483,4.4511531
10.28644,4.9137374
10.29805,4.2007474
10.30966,4.7235422
10.32127,4.5618875
10.33288,4.6858417
10.34449,4.097567
10.3561,4.9112528
10.36771,4.5018239
10.37932,4.9651789
10.39093,4.0239973
10.40254,4.4979094
10.41415,5.0658564
10.42576,5.7839844
10.43737,7.6936062
10.44898,5.7435661
10.46059,8.4857873
10.4722,6.9897677
10.48381,7.5157546
10.49542,6.5897068
10.507029,6.6000512
10.518639,7.5000559
10.530249,5.7650722
10.541859,7.1396804
10.553469,5.6349359
10.565079,6.2696045
10.576689,5.9870165
10.588299,6.7228935
10.599909,5.8680056
10.611519,6.3184499
10.623129,5.7130529
10.634739,6.1486721
10.646349,4.959833
10.657959,5.5690731
10.669569,5.1226866
10.681179,5.7947356
10.692789,4.473986
10.704399,5.2781457
10.716009,5.8027592
10.727619,4.7350233
10.739229,5.0320559
10.750839,5.3334572
10.762449,6.2621404
10.774059,7.2952355
10.785669,8.1116524
10.797279,7.9402844
10.808889,9.7071705
10.820499,11.114103
10.832109,9.9698987
10.843719,8.7003846
10.855329,9.5958047
10.866939,9.2595522
10.878549,8.7370991
10.890159,7.7797114
10.901769,7.1044223
10.913379,7.7623091
10.924989,6.6886537
10.936599,6.3937984
10.948209,7.1735328
10.959819,6.5825935
10.971429,7.1681367
10.983039,5.9304749
10.994649,6.1704396
11.006259,7.0844173
11.017868,6.2186211
11.029478,5.9880402
11.041088,6.1498833
11.052698,5.950418
11.064308,6.495464
11.075918,5.7429768
11.087528,5.6682425
11.099138,6.101398
11.110748,5.8690515
11.122358,5.1772669
11.133968,5.1235485
11.145578,6.297986
11.157188,7.6957584
11.168798,7.4438757
11.180408,7.8862909
11.192018,7.600703
11.203628,9.5933188
11.215238,8.7472046
11.226848,8.2559076
11.238458,7.667745
11.250068,7.4455061
11.261678,7.2460653
11.273288,6.968134
11.284898,6.7334093
11.296508,6.5016594
11.308118,6.2119966
11.319728,5.8408498
11.331338,5.2184961
11.342948,4.8486796
11.354558,4.742002
11.366168,4.8464077
11.377778,4.5742031
11.389388,5.3560311
11.400998,4.4274736
11.412608,4.5285968
11.424218,5.0675385
11.435828,4.3377707
11.447438,4.6444502
11.459048,3.9717774
11.470658,4.0191717
11.482268,4.0075869
11.493878,4.5470296
11.505488,3.8121417
11.517098,3.7634736
11.528707,4.0491113
11.540317,4.122173
11.551927,4.5658966
11.563537,3.9140076
11.575147,4.4280476
11.586757,6.8400516
11.598367,6.5970836
11.609977,7.9011218
11.621587,8.2468457
11.633197,7.4140952
11.644807,6.8535821
11.656417,6.6667347
11.668027,6.870776
11.679637,6.4267835
11.691247,6.3335293
11.702857,5.7640768
11.714467,5.4618844
11.726077,5.3912293
11.737687,4.5406444
11.749297,4.8339364
11.760907,5.1583292
11.772517,4.267748
11.784127,5.1435895
11.795737,5.3434969
11.807347,5.4646668
11.818957,5.5552522
11.830567,5.6940764
11.842177,5.0439994
11.853787,5.2836747
11.865397,4.4576949
11.877007,4.1253593
11.888617,4.1496745
11.900227,3.9520117
11.911837,3.9384873
11.923447,3.0762098
11.935057,3.8242559
11.946667,3.7140977
11.958277,3.7906351
11.969887,3.9728545
11.981497,3.7457714
11.993107,6.5046026
12.004717,6.7895478
12.016327,8.015689
12.027937,6.3633717
12.039546,6.3080645
12.051156,6.2523858
12.062766,8.2123623
12.074376,8.2320201
12.085986,7.5756848
12.097596,6.6285205
12.109206,6.5727768
12.120816,6.5131113
12.132426,6.9218255
12.144036,7.0980686
12.155646,6.6283305
12.167256,6.4620061
12.178866,6.2251177
12.190476,6.2639275
12.202086,6.1408358
12.213696,5.8091519
12.225306,5.6473287
12.236916,5.8108197
12.248526,5.7010281
12.260136,5.6768221
12.271746,5.4065004
12.283356,5.7695533
12.294966,5.9357099
12.306576,5.7102967
12.318186,6.4762776
12.329796,7.3722415
12.341406,7.9902704
12.353016,8.1070917
12.364626,8.4118302
12.376236,8.267451
12.387846,7.5655388
12.399456,7.0452495
12.411066,6.85203
12.422676,6.5487988
12.434286,6.2419104
12.445896,5.9141368
12.457506,5.6918942
12.469116,6.8271319
12.480726,5.2040779
12.492336,4.4063951
12.503946,5.5431449
12.515556,5.4901314
12.527166,4.7277698
12.538776,4.8740709
12.550385,4.6520787
12.561995,5.0673004
12.573605,4.2744767
12.585215,4.1495904
12.596825,4.4889192
12.608435,4.0994593
12.620045,4.1936475
12.631655,5.3641356
12.643265,3.9679139
12.654875,4.5995841
12.666485,4.6760508
12.678095,3.7027993
12.689705,4.0222944
12.701315,3.5800489
12.712925,3.8722696
12.724535,5.0014694
12.736145,4.6581692
12.747755,3.975585
12.759365,6.4894802
12.770975,7.6549692
12.782585,8.2610755
12.794195,8.029988
12.805805,7.5492995
12.817415,8.7343427
12.829025,7.6556465
12.840635,7.0438193
12.852245,6.4349594
12.863855,5.7177062
12.875465,5.2627218
12.887075,6.1051109
12.898685,5.2173162
12.910295,5.1708799
12.921905,4.3166884
12.933515,5.1144096
12.945125,4.1268791
12.956735,4.8227529
12.968345,3.5686992
12.979955,3.9195825
12.991565,3.8209144
13.003175,3.6500372
13.014785,4.5012539
13.026395,4.589564
13.038005,4.423541
13.049615,3.9962137
13.061224,5.5441224
13.072834,4.4887296
13.084444,4.6198928
13.096054,3.8188613
13.107664,3.9625076
13.119274,4.1015297
13.130884,3.4535947
13.142494,3.9716969
13.154104,6.7237009
13.165714,8.6041324
13.177324,10.268074
13.188934,9.4885232
13.200544,9.2506963
13.212154,9.8086916
13.223764,8.632529
13.235374,8.7256436
13.246984,8.5028985
13.258594,8.8902395
13.270204,8.354914
13.281814,7.083567
13.293424,7.507523
13.305034,6.981731
13.316644,7.0956368
13.328254,7.3230981
13.339864,6.7519334
13.351474,7.3073022
13.363084,6.0614232
13.374694,6.109135
13.386304,6.5016741
13.397914,6.3168486
13.409524,6.5456703
13.421134,6.0683182
13.432744,5.8049539
13.444354,5.7473802
13.455964,5.4356295
13.467574,5.5272663
13.479184,6.2921367
13.490794,8.8305319
13.502404,9.9421328
13.514014,7.7398029
13.525624,7.7559683
13.537234,9.253747
13.548844,7.5232359
13.560454,7.5792626
13.572063,8.4474752
13.583673,6.770929
13.595283,7.0615677
13.606893,8.0811998
13.618503,6.6308873
13.630113,6.7923084
13.641723,7.3931607
13.653333,5.8556129
13.664943,6.3251167
13.676553,6.1466526
13.688163,5.7866521
13.699773,6.6823838
13.711383,4.9624444
13.722993,5.3725372
13.734603,6.1000537
13.746213,4.8295573
13.757823,5.1973083
13.769433,5.4496935
13.781043,4.9449203
13.792653,5.1041386
13.804263,5.9852511
13.815873,5.2572684
13.827483,5.3059185
13.839093,6.8684969
13.850703,5.7878373
13.862313,5.6782197
13.873923,5.8262531
13.885533,8.924589
13.897143,10.678739
13.908753,9.4366942
13.920363,8.6263312
13.931973,10.153663
13.943583,9.6435553
13.955193,10.335195
13.966803,8.5623745
13.978413,9.3973859
13.990023,9.4106318
14.001633,8.59329
14.013243,8.8097301
14.024853,9.0192114
14.036463,8.1212201
14.048073,7.8265573
14.059683,8.3651166
14.071293,6.7212554
14.082902,6.7277365
14.094512,7.2380604
14.106122,5.6734965
14.117732,6.9961486
14.129342,6.0581351
14.140952,5.9138391
14.152562,6.0958264
14.164172,6.1639737
14.175782,6.3130447
14.187392,5.5768847
14.199002,5.6575315
14.210612,6.2718707
14.222222,5.2894547
14.233832,6.3886608
14.245442,6.0157359
14.257052,5.6126557
14.268662,5.7646148
14.280272,5.9387904
14.291882,5.5393767
14.303492,6.8450228
14.315102,6.3838744
14.326712,7.0123234
14.338322,6.5836973
14.349932,6.7978868
14.361542,6.1402246
14.373152,6.9067925
14.384762,8.4792966
14.396372,7.8766957
14.407982,7.2697209
14.419592,6.1277383
14.431202,6.3850296
14.442812,6.2397135
14.454422,6.937152
14.466032,6.7969357
14.477642,7.1065276
14.489252,6.102561
14.500862,6.1509435
14.512472,6.5859928
14.524082,6.4765138
14.535692,5.7555475
14.547302,5.9091696
14.558912,5.8781397
14.570522,6.8062612
14.582132,6.0684537
14.593741,6.4329173
14.605351,7.1298478
14.616961,7.7551419
14.628571,7.0403877
14.640181,7.553493
14.651791,7.3063206
14.663401,7.5181
14.675011,8.0482499
14.686621,9.7636947
14.698231,9.9220757
14.709841,6.4687469
14.721451,7.4513185
14.733061,7.7859898
14.744671,6.195661
14.756281,7.096176
14.767891,6.4221984
14.779501,5.4662899
14.791111,6.4839737
14.802721,5.5712954
14.814331,4.7369022
14.825941,5.0717551
14.837551,5.5162768
14.849161,4.8503724
14.860771,5.4696648
14.872381,5.088355
14.883991,4.9727076
14.895601,5.4308781
14.907211,4.4908342
14.918821,4.6179728
14.930431,4.498335
14.942041,3.8516966
14.953651,4.3961353
14.965261,4.100522
14.976871,4.0115563
14.988481,4.7603686
15.000091,3.7513521
15.011701,3.2476283
15.023311,4.1550131
15.034921,4.5340669
15.046531,4.2652211
15.058141,4.0305987
15.069751,6.6091297
15.081361,7.9040822
15.092971,6.5162668
15.10458,8.2487199
15.11619,7.2509176
15.1278,6.0530026
15.13941,7.4845458
15.15102,6.5607149
15.16263,6.5886489
15.17424,5.7011387
15.18585,5.4548747
15.19746,6.4432369
15.20907,5.8395057
15.22068,6.4961905
15.23229,4.7034845
15.2439,6.1739585
15.25551,5.3842897
15.26712,6.8724273
15.27873,5.0963412
15.29034,5.118471
15.30195,5.3014192
15.31356,5.6939078
15.32517,6.2693281
15.33678,4.8229026
15.34839,5.2753301
15.36,5.5211332
15.37161,5.7667382
15.38322,6.2269445
15.39483,5.4006983
15.40644,5.0499744
15.41805,6.0325047
15.42966,7.14862
15.44127,7.9523791
15.45288,7.4417379
15.46449,7.3816587
15.4761,8.1061328
15.48771,6.5744763
15.49932,6.7606671
15.51093,6.3361982
15.52254,6.2243505
15.53415,6.7326681
15.54576,5.7572141
15.55737,6.2500227
15.56898,5.9110381
15.58059,5.8596781
15.5922,6.4743008
15.60381,5.9034841
15.61542,5.447172
15.627029,5.8426386
15.638639,5.106902
15.650249,5.9034733
15.661859,5.2109116
15.673469,4.3408535
15.685079,6.4955846
15.696689,4.8827395
15.708299,4.7871952
15.719909,5.4655051
15.731519,4.9334195
15.743129,6.1612527
15.754739,5.7059332
15.766349,7.730653
15.777959,7.6674881
15.789569,7.1294706
15.801179,7.3278363
15.812789,7.4394438
15.824399,6.6609884
15.836009,7.2835267
15.847619,7.3907002
15.859229,7.0565418
15.870839,7.3887515
15.882449,7.0952691
15.894059,6.7712274
15.905669,6.3187624
15.917279,6.2688806
15.928889,5.654336
15.940499,5.2503608
15.952109,5.0060936
15.963719,4.3819944
15.975329,4.4426802
15.986939,4.7618067
15.998549,4.2820693
16.010159,4.036779
16.021769,4.4311172
16.033379,3.5215731
16.044989,4.9225983
16.056599,3.6879518
16.068209,3.3546391
16.079819,4.5012232
16.091429,3.8348637
16.103039,3.6090322
16.114649,4.4363577
16.126259,3.4128563
16.137868,3.9259396
16.149478,3.7881332
16.161088,3.3846346
16.172698,3.6870165
16.184308,3.4080618
16.195918,3.9076426
16.207528,6.2513287
16.219138,7.4829837
16.230748,6.9797759
16.242358,6.3907883
16.253968,6.7717543
16.265578,7.6432596
16.277188,5.5754399
16.288798,4.7406822
16.300408,5.1462853
16.312018,5.5326953
16.323628,5.5528793
16.335238,5.0077035
16.346848,5.8499061
16.358458,5.4346221
16.370068,5.5047531
16.381678,5.146766
16.393288,5.6263996
16.404898,5.6744697
16.416508,4.1749605
16.428118,4.9821742
16.439728,5.3156057
16.451338,5.1188058
16.462948,4.5564514
16.474558,4.8033295
16.486168,4.0955462
16.497778,3.3797948
16.509388,3.9074534
16.520998,3.9957647
16.532608,3.5188225
16.544218,2.9854653
16.555828,2.8042039
16.567438,3.7296256
16.579048,3.717458
16.590658,6.619263
16.602268,10.091694
16.613878,12.086712
16.625488,12.336853
16.637098,11.410194
16.648707,11.013705
16.660317,10.253665
16.671927,9.7396897
16.683537,8.7789902
16.695147,8.4083319
16.706757,7.7291487
16.718367,6.7667376
16.729977,6.1357192
16.741587,5.9520214
16.753197,6.2932584
16.764807,5.9544732
16.776417,5.7511674
16.788027,5.7710348
16.799637,5.6440087
16.811247,5.6742493
16.822857,4.9737897
16.834467,5.2977826
16.846077,4.8651831
16.857687,4.8079101
16.869297,5.0279407
16.880907,7.5592664
16.892517,8.1842917
16.904127,7.6661412
16.915737,8.1709063
16.927347,6.58015
16.938957,7.6247583
16.950567,8.2616205
16.962177,6.4666603
16.973787,5.3297043
16.985397,4.9326771
16.997007,4.1855754
17.008617,4.2509965
17.020227,4.4710869
17.031837,4.2303739
17.043447,3.1349491
17.055057,3.4176832
17.066667,3.1788621
17.078277,3.2532948
17.089887,2.8501491
17.101497,3.4530003
17.113107,3.4267088
17.124717,2.5400327
17.136327,2.9801622
17.147937,3.2740126
17.159546,2.50055
17.171156,3.0140804
17.182766,3.2732521
17.194376,3.093528
17.205986,2.7878203
17.217596,4.0700372
17.229206,4.0502203
17.240816,4.2585723
17.252426,4.2995221
17.264036,4.3074207
17.275646,6.0671042
17.287256,7.2242176
17.298866,5.5447394
17.310476,7.1763917
17.322086,5.9511163
17.333696,5.8403016
17.345306,7.9318242
17.356916,7.1119527
17.368526,6.5638148
17.380136,6.5216421
17.391746,5.9411673
17.403356,6.1177959
17.414966,5.9030703
17.426576,6.0774273
17.438186,5.5957033
17.449796,5.5572249
17.461406,5.3906298
17.473016,5.1881094
17.484626,5.0283925
17.496236,5.3537506
17.507846,5.2509561
17.519456,4.5213348
17.531066,5.4554179
17.542676,4.6971741
17.554286,5.1759645
17.565896,5.1857666
17.577506,4.8159826
17.589116,5.0157727
17.600726,4.7659661
17.612336,4.5590129
17.623946,4.7957774
17.635556,4.9755819
17.647166,4.8310303
17.658776,4.2151127
17.670385,4.5784815
17.681995,4.3012469
17.693605,4.5846499
17.705215,4.7867915
17.716825,7.1623152
17.728435,9.3566996
17.740045,9.3457273
17.751655,9.2976524
17.763265,8.9203274
17.774875,9.2048061
17.786485,8.8682153
17.798095,8.8549828
17.809705,8.2231382
17.821315,8.03615
17.832925,8.6768901
17.844535,7.8243314
17.856145,8.2804462
17.867755,7.3175987
17.879365,7.6042492
17.890975,7.3806123
17.902585,7.1846466
17.914195,7.4813626
17.925805,7.2685116
17.937415,8.076949
17.949025,6.5027508
17.960635,7.8373768
17.972245,6.6810665
17.983855,7.5293668
17.995465,6.9718196
18.007075,7.2069123
18.018685,7.3223718
18.030295,6.6593802
18.041905,7.1221191
18.053515,7.1316863
18.065125,8.3056033
18.076735,7.8877025
18.088345,8.8514515
18.099955,8.5646916
18.111565,8.7487518
18.123175,8.1166156
18.134785,7.4714629
18.146395,7.3677827
18.158005,7.2382004
18.169615,6.577749
18.181224,6.8378004
18.192834,6.4402799
18.204444,6.332502
18.216054,6.3860343
18.227664,5.6299253
18.239274,6.1079557
18.250884,5.9977331
18.262494,6.0434089
18.274104,6.2655538
18.285714,5.8709198
18.297324,5.9667318
18.308934,6.6198367
18.320544,5.5742679
18.332154,6.1536801
18.343764,5.8633202
18.355374,5.0739935
18.366984,6.1231772
18.378594,5.3351218
18.390204,5.881495
18.401814,5.6558893
18.413424,5.2774122
18.425034,5.3591906
18.436644,4.6946968
18.448254,4.8846137
18.459864,5.018307
18.471474,5.0354203
18.483084,5.5907031
18.494694,6.9634315
18.506304,5.6478044
18.517914,5.8186061
18.529524,5.8652911
18.541134,5.3887448
18.552744,6.0933879
18.564354,5.3302869
18.575964,5.1834333
18.587574,5.5610995
18.599184,5.1115871
18.610794,4.9501976
18.622404,5.4118946
18.634014,4.7571416
18.645624,4.4018303
18.657234,4.8655936
18.668844,4.4030313
18.680454,4.66263
18.692063,4.7113362
18.703673,4.5656982
18.715283,4.8375072
18.726893,4.8036215
18.738503,4.2454911
18.750113,4.6792544
18.761723,4.3055677
18.773333,3.8903362
18.784943,4.090608
18.796553,4.4988286
18.808163,3.8259552
18.819773,4.6331773
18.831383,3.9373316
18.842993,4.1853829
18.854603,4.1479804
18.866213,5.1230744
18.877823,7.7370573
18.889433,8.9580033
18.901043,10.506792
18.912653,8.9613145
18.924263,8.5593553
18.935873,8.5982103
18.947483,7.9774087
18.959093,8.987297
18.970703,7.8771458
18.982313,7.6310851
18.993923,6.7000218
19.005533,7.1448753
19.017143,7.0748743
19.028753,7.3650936
19.040363,6.8068561
19.051973,6.5946325
19.063583,7.6071368
19.075193,7.1632901
19.086803,6.8250872
19.098413,6.3586119
19.110023,5.9389983
19.121633,6.8972473
19.133243,6.5028194
19.144853,5.9790646
19.156463,5.3967357
19.168073,5.3434163
19.179683,6.0903529
19.191293,5.6352264
19.202902,5.2343944
19.214512,4.8086246
19.226122,5.5627131
19.237732,6.9707329
19.249342,5.1081127
19.260952,5.7525031
19.272562,5.4832608
19.284172,5.5515735
19.295782,5.0634506
19.307392,5.3399785
19.319002,5.3423296
19.330612,4.9560696
19.342222,4.9412228
19.353832,4.7141331
19.365442,4.7613695
19.377052,5.3725245
19.388662,4.7444838
19.400272,4.6405742
19.411882,4.9566601
19.423492,4.9683434
19.435102,5.0640263
19.446712,4.374805
19.458322,4.8388056
19.469932,5.4502553
19.481542,5.0753784
19.493152,4.7445365
19.504762,4.5502437
19.516372,4.7640918
19.527982,5.7399253
19.539592,3.8660608
19.551202,4.1635033
19.562812,4.9757133
19.574422,3.9301496
19.586032,5.6021238
19.597642,5.1581128
19.609252,5.7712501
19.620862,8.0861432
19.632472,8.8041078
19.644082,8.2108555
19.655692,7.6991754
19.667302,8.6605649
19.678912,7.6227965
19.690522,6.4082778
19.702132,7.2520685
19.713741,6.7595852
19.725351,7.3413093
19.736961,6.9370784
19.748571,5.8125611
19.760181,6.045211
19.771791,6.7613289
19.783401,7.004489
19.795011,5.9093835
19.806621,5.8944708
19.818231,7.1427101
19.829841,7.0808957
19.841451,6.3826881
19.853061,5.8507028
19.864671,6.4720613
19.876281,7.2386591
19.887891,6.6022957
19.899501,5.636854
19.911111,6.742996
19.922721,6.5012661
19.934331,6.1798455
19.945941,6.5968695
19.957551,6.1897284
19.969161,6.0825789
19.980771,6.7092549
19.992381,6.3615106
20.003991,6.3673809
20.015601,7.0311977
20.027211,7.5308934
20.038821,6.025387
20.050431,8.4205657
20.062041,6.0172947
20.073651,6.7030569
20.085261,7.5176605
20.096871,6.3373618
20.108481,6.7042344
20.120091,6.8624252
20.131701,6.2812213
20.143311,6.5069184
20.154921,6.2344547
20.166531,6.6777471
20.178141,5.9358062
20.189751,6.1295909
20.201361,5.5955194
20.212971,6.7828807
20.22458,5.8288907
20.23619,6.3179731
20.2478,5.4629227
20.25941,5.7340895
20.27102,5.8887584
20.28263,5.1259594
20.29424,5.6399745
20.30585,5.8838681
20.31746,5.3816119
20.32907,5.3332547
20.34068,6.6020025
20.35229,6.4994541
20.3639,6.3328629
20.37551,6.4660236
20.38712,6.5203631
20.39873,6.096229
20.41034,6.518729
20.42195,6.4837226
20.43356,5.9288891
20.44517,6.458134
20.45678,6.0724507
20.46839,5.2678905
20.48,5.8591953
20.49161,5.0523585
20.50322,5.1311767
20.51483,5.3921556
20.52644,4.7533866
20.53805,5.0843859
20.54966,4.9819895
20.56127,4.3489769
20.57288,4.9852721
20.58449,4.4854384
20.5961,4.3881825
20.60771,5.0035361
20.61932,3.5529655
20.63093,4.739149
20.64254,4.7029001
20.65415,3.7946015
20.66576,5.0019818
20.67737,4.1838397
20.68898,4.2314466
20.70059,4.7160257
20.7122,3.9864516
20.72381,4.1203276
20.73542,4.7847241
20.747029,6.0675437
20.758639,6.3775639
20.770249,4.8258551
20.781859,5.7520868
20.793469,5.8018376
20.805079,5.6055668
20.816689,5.2334362
20.828299,5.3435086
20.839909,5.6578514
20.851519,5.3251291
20.863129,5.8640819
20.874739,5.7472421
20.886349,5.3261981
20.897959,4.7877712
20.909569,5.1395003
20.921179,5.5917813
20.932789,5.0382392
20.944399,4.9348018
20.956009,4.6790241
20.967619,4.5824235
20.979229,4.2206143
20.990839,4.6502482
21.002449,4.5355848
21.014059,3.1733431
21.025669,2.8515675
21.037279,3.5617163
21.048889,3.0680157
21.060499,3.2481247
21.072109,3.4745455
21.083719,3.5163613
21.095329,3.2777726
21.106939,3.8935076
21.118549,6.7834824
21.130159,8.2481106
21.141769,10.243667
21.153379,8.736054
21.164989,8.7438885
21.176599,8.8446861
21.188209,7.8052972
21.199819,7.7565737
21.211429,7.2194902
21.223039,6.3583985
21.234649,6.0636171
21.246259,5.5984844
21.257868,4.3992363
21.269478,5.5931732
21.281088,5.6375977
21.292698,4.4533159
21.304308,5.3760134
21.315918,4.8756392
21.327528,4.7760541
21.339138,4.7299551
21.350748,4.5878156
21.362358,4.7953305
21.373968,4.3952352
21.385578,4.4047785
21.397188,4.6863619
21.408798,6.9467952
21.420408,7.5825822
21.432018,7.3679445
21.443628,7.897185
21.455238,6.110229
21.466848,7.5488063
21.478458,8.6041475
21.490068,7.1884097
21.501678,6.0030735
21.513288,6.3709095
21.524898,5.5987035
21.536508,5.2894966
21.548118,4.9615821
21.559728,4.166824
21.571338,3.7799497
21.582948,3.7553107
21.594558,3.7680187
21.606168,3.4060629
21.617778,3.0231988
21.629388,3.2768306
21.640998,3.0484088
21.652608,2.6924292
21.664218,2.8865604
21.675828,3.0732119
21.687438,3.0314655
21.699048,3.5705447
21.710658,4.1385783
21.722268,4.3546485
21.733878,4.4775506
21.745488,6.3982962
21.757098,4.5638848
21.768707,6.2440666
21.780317,6.5183957
21.791927,4.4582216
21.803537,5.3722768
21.815147,6.7244587
21.826757,6.5966785
21.838367,6.0076352
21.849977,6.5769337
21.861587,6.1674904
21.873197,6.143046
21.884807,6.2776348
21.896417,6.6327682
21.908027,5.9935287
21.919637,5.6707715
21.931247,5.5421756
21.942857,5.0091484
21.954467,4.9742167
21.966077,4.798781
21.977687,4.5202526
21.989297,4.9781218
22.000907,4.1691437
22.012517,5.0448946
22.024127,4.9236617
22.035737,5.0019623
22.047347,4.6611046
22.058957,4.2628362
22.070567,5.1929984
22.082177,5.0955942
22.093787,4.0541064
22.105397,4.5113104
22.117007,4.4154095
22.128617,4.3192176
22.140227,4.5584881
22.151837,3.5820383
22.163447,4.3332883
22.175057,4.3868248
22.186667,4.3268598
22.198277,4.8574307
22.209887,6.8991784
22.221497,8.2210402
22.233107,8.0119971
22.244717,7.928028
22.256327,7.7226095
22.267937,7.9248517
22.279546,7.1731021
22.291156,7.4528549
22.302766,7.2818914
22.314376,7.2281749
22.325986,7.6687702
22.337596,6.8115076
22.349206,7.2598899
22.360816,6.5507456
22.372426,7.0277311
22.384036,6.5335501
22.395646,6.0438736
22.407256,7.0411121
22.418866,5.5524084
22.430476,7.0333753
22.442086,6.064097
22.453696,6.4645689
22.465306,6.6538188
22.476916,5.8223713
22.488526,6.2841114
22.500136,5.6442393
22.511746,5.8423183
22.523356,5.8556641
22.534966,6.3177671
22.546576,6.1389215
22.558186,6.8595738
22.569796,6.2744768
22.581406,6.41584
22.593016,7.476935
22.604626,6.0105728
22.616236,6.5214061
22.627846,5.5520339
22.639456,6.3288059
22.651066,6.0542855
22.662676,5.6381449
22.674286,5.7518113
22.685896,6.1865396
22.697506,5.3013621
22.709116,5.6647226
22.720726,5.7115895
22.732336,5.0892596
22.743946,5.4213638
22.755556,5.1840243
22.767166,5.523816
22.778776,5.8472031
22.790385,5.3117605
22.801995,5.6680071
22.813605,5.3611577
22.825215,4.9435165
22.836825,5.1368607
22.848435,4.9443014
22.860045,5.0077519
22.871655,5.2682499
22.883265,4.3046735
22.894875,4.72289
22.906485,4.3418354
22.918095,4.2943837
22.929705,4.7652148
22.941315,4.593383
22.952925,5.3850692
22.964535,6.7650426
22.976145,5.1809932
22.987755,7.3122313
22.999365,4.9088081
23.010975,6.4557584
23.022585,6.2448625
23.034195,4.7129589
23.045805,5.9489743
23.057415,4.4385385
23.069025,5.7929819
23.080635,4.6969417
23.092245,5.3047832
23.103855,5.3086996
23.115465,4.6688133
23.127075,5.7891962
23.138685,4.2245206
23.150295,5.4253201
23.161905,4.7339168
23.173515,4.8352669
23.185125,5.0758405
23.196735,3.8612597
23.208345,5.6602646
23.219955,4.1340415
23.231565,5.2675068
23.243175,4.6892854
23.254785,4.0560928
23.266395,5.4314847
23.278005,3.4024647
23.289615,5.2533804
23.301224,3.5474317
23.312834,3.2070429
23.324444,3.3138967
23.336054,3.7157992
23.347664,4.5380656
23.359274,5.4835555
23.370884,5.5427447
23.382494,4.640714
23.394104,5.2766581
23.405714,4.9529885
23.417324,4.6009537
23.428934,4.8771956
23.440544,4.4532723
23.452154,5.0684536
23.463764,4.3771729
23.475374,3.7989287
23.486984,4.1306843
23.498594,3.9133978
23.510204,4.0885893
23.521814,3.8218812
23.533424,4.0273356
23.545034,3.5171005
23.556644,3.1335171
23.568254,4.1004339
23.579864,3.7186265
23.591474,3.8096309
23.603084,3.3955207
23.614694,3.197132
23.626304,3.8430017
23.637914,3.4248732
23.649524,3.2710624
23.661134,3.7395693
23.672744,3.387167
23.684354,3.3127692
23.695964,3.7402987
23.707574,4.7119821
23.719184,3.7942939
23.730794,3.9342923
23.742404,4.8219441
23.754014,4.1272567
23.765624,4.2175025
23.777234,3.5425115
23.788844,4.2616574
23.800454,3.9712482
23.812063,4.1736813
23.823673,3.7407882
23.835283,3.5761239
23.846893,4.6191608
23.858503,3.6259122
23.870113,4.0683627
23.881723,3.9392817
23.893333,3.0384741
23.904943,4.4318319
23.916553,3.065969
23.928163,3.3733612
23.939773,3.6670456
23.951383,3.0433232
23.962993,3.6853073
23.974603,2.746925
23.986213,2.8154642
23.997823,3.3196589
24.009433,2.3638833
24.021043,3.0202149
24.032653,3.1834393
24.044263,2.6455842
24.055873,2.9164148
24.067483,3.7016163
24.079093,3.4439115
24.090703,4.1398356
24.102313,4.0128922
24.113923,4.756325
24.125533,5.4000262
24.137143,5.2855929
24.148753,5.6438869
24.160363,4.7557348
24.171973,4.2259261
24.183583,5.2276215
24.195193,4.6862019
24.206803,4.1053987
24.218413,3.7065173
24.230023,4.3017206
24.241633,4.4631597
24.253243,3.6399424
24.264853,3.9535444
24.276463,4.0669488
24.288073,3.808976
24.299683,4.3351379
24.311293,4.3533688
24.322902,4.2008759
24.334512,3.4636825
24.346122,4.262359
24.357732,4.2484046
24.369342,3.952995
24.380952,3.3930271
24.392562,3.8090751
24.404172,4.5539582
24.415782,3.6708753
24.427392,3.532476
24.439002,4.2945728
24.450612,4.4644394
24.462222,4.23326
24.473832,3.5761465
24.485442,4.047558
24.497052,4.5688825
24.508662,5.2371092
24.520272,3.8903792
24.531882,4.240131
24.543492,4.4508052
24.555102,3.84858
24.566712,4.5758452
24.578322,3.4218037
24.589932,4.1971476
24.601542,4.6308529
24.613152,3.8786159
24.624762,4.0110247
24.636372,3.6591979
24.647982,4.2570451
24.659592,3.8298028
24.671202,3.567794
24.682812,3.8972693
24.694422,3.468546
24.706032,4.1087734
24.717642,3.9436747
24.729252,2.9769572
24.740862,4.395865
24.752472,3.4114433
24.764082,3.5085729
24.775692,3.8372039
24.787302,3.0509029
24.798912,4.0891668
24.810522,4.0454035
24.822132,3.7236842
24.833741,4.2742813
24.845351,3.6518652
24.856961,3.9341483
24.868571,4.2690798
24.880181,3.2929847
24.891791,3.9164288
24.903401,3.9206808
24.915011,3.8084066
24.926621,4.2110423
24.938231,3.9051231
24.949841,3.9363758
24.961451,3.8120366
24.973061,3.6182186
24.984671,3.8179486
24.996281,3.5824155
25.007891,3.3815912
25.019501,3.5121631
25.031111,2.8233972
25.042721,3.7844702
25.054331,3.4288767
25.065941,2.7191858
25.077551,3.5083552
25.089161,2.7418066
25.100771,3.3253292
25.112381,3.5017252
25.123991,2.195874
25.135601,3.5862238
25.147211,2.8807983
25.158821,2.8768202
25.170431,3.4586883
25.182041,2.0516139
25.193651,3.1637778
25.205261,3.257363
25.216871,2.5609437
25.228481,3.2541365
25.240091,3.0576576
25.251701,3.5548479
25.263311,3.6016942
25.274921,3.6422008
25.286531,3.9306076
25.298141,4.0422094
25.309751,3.5347229
25.321361,3.3145003
25.332971,3.1186638
25.34458,2.9348667
25.35619,3.569876
25.3678,3.8343161
25.37941,3.4771497
25.39102,3.3260556
25.40263,3.7344833
25.41424,3.623421
25.42585,3.4572461
25.43746,3.7069498
25.44907,3.1195412
25.46068,2.582589
25.47229,2.6652187
25.4839,2.735915
25.49551,2.7060314
25.50712,2.6292396
25.51873,2.0177211
25.53034,2.477284
25.54195,2.4483842
25.55356,2.0878743
25.56517,2.7521206
25.57678,2.081326
25.58839,2.0137083
25.6,2.8901784
25.61161,4.2773822
25.62322,4.9617233
25.63483,6.0764669
25.64644,5.4542153
25.65805,4.9143623
25.66966,5.0448425
25.68127,3.824792
25.69288,4.2336023
25.70449,3.7351766
25.7161,3.3128418
25.72771,3.43696
25.73932,2.7136094
25.75093,3.7671865
25.76254,3.3266003
25.77415,3.7406663
25.78576,3.3399043
25.79737,3.0475626
25.80898,3.4785596
25.82059,2.7708765
25.8322,2.3045056
25.84381,2.2179981
25.85542,2.0754617
25.867029,2.5032765
25.878639,2.3779763
25.890249,2.4732602
25.901859,4.8683151
25.913469,5.1951171
25.925079,4.2425116
25.936689,4.6179046
25.948299,4.2402993
25.959909,3.6541812
25.971519,4.494744
25.983129,4.572537
25.994739,3.6661294
26.006349,3.2379674
26.017959,3.3238522
26.029569,2.6882487
26.041179,2.9515012
26.052789,2.459743
26.064399,2.2426865
26.076009,1.8563191
26.087619,2.0848322
26.099229,1.684507
26.110839,2.3910686
26.122449,2.0311089
26.134059,2.3112758
26.145669,1.9715282
26.157279,1.8366519
26.168889,2.0410055
26.180499,1.7282979
26.192109,1.5676526
26.203719,2.0264186
26.215329,2.4208713
26.226939,2.7395135
26.238549,4.714135
26.250159,4.3004366
26.261769,4.3561062
26.273379,3.7489109
26.284989,4.0264988
26.296599,4.0650322
26.308209,4.3008152
26.319819,3.3236169
26.331429,3.3706187
26.343039,3.0570628
26.354649,3.0646035
26.366259,3.4152406
26.377868,3.03238
26.389478,2.6309224
26.401088,2.8598293
26.412698,2.6720793
26.424308,2.522645
26.435918,2.8431157
26.447528,2.3052575
26.459138,2.8744181
26.470748,2.4771287
26.482358,2.6322965
26.493968,3.3691007
26.505578,2.9510493
26.517188,2.7280721
26.528798,2.7533735
26.540408,2.9426642
26.552018,2.8308998
26.563628,2.4832783
26.575238,2.2980795
26.586848,2.5372482
26.598458,2.2289704
26.610068,2.6251239
26.621678,2.3735582
26.633288,1.9831843
26.644898,2.4115724
26.656508,1.9970762
26.668118,2.1481804
26.679728,2.7368853
26.691338,4.1296114
26.702948,4.7571076
26.714558,4.0553168
26.726168,4.4337156
26.737778,4.9833149
26.749388,3.7244137
26.760998,4.5507663
26.772608,4.4857957
26.784218,4.2485429
26.795828,4.6516622
26.807438,4.074501
26.819048,4.2100297
26.830658,3.8889811
26.842268,3.8290896
26.853878,4.0376369
26.865488,3.8535344
26.877098,3.7883579
26.888707,3.8911512
26.900317,3.7965104
26.911927,3.6791136
26.923537,3.6408572
26.935147,3.6373992
26.946757,3.665213
26.958367,3.3636668
26.969977,3.3670461
26.981587,3.4863348
26.993197,4.2897783
27.004807,3.848407
27.016417,3.5803361
27.028027,3.4220863
27.039637,3.5576463
27.051247,4.5473087
27.062857,3.4580856
27.074467,3.6691117
27.086077,4.4513328
27.097687,4.3978308
27.109297,3.335034
27.120907,3.4149182
27.132517,3.111133
27.144127,3.3930625
27.155737,3.2047116
27.167347,3.1921553
27.178957,3.4114691
27.190567,3.6933438
27.202177,3.0073551
27.213787,3.523809
27.225397,3.4293556
27.237007,3.493455
27.248617,4.0075811
27.260227,3.5322824
27.271837,3.5893675
27.283447,4.0469394
27.295057,3.3029348
27.306667,3.6666899
27.318277,3.6703517
27.329887,3.5021538
27.341497,3.6145623
27.353107,3.1813354
27.364717,3.0815958
27.376327,3.3888268
27.387937,2.7824127
27.399546,3.3675829
27.411156,3.2119551
27.422766,3.2699943
27.434376,4.0545669
27.445986,3.1413142
27.457596,4.0133327
27.469206,3.3299874
27.480816,3.5325842
27.492426,3.4058836
27.504036,3.1400514
27.515646,2.9487588
27.527256,3.0437171
27.538866,3.0033676
27.550476,3.2337658
27.562086,3.3539366
27.573696,2.7973239
27.585306,3.6254725
27.596916,2.9191728
27.608526,3.2534076
27.620136,3.1055646
27.631746,3.2375217
27.643356,2.8165339
27.654966,3.0744669
27.666576,2.967772
27.678186,2.8061233
27.689796,3.1939185
27.701406,3.0786658
27.713016,3.1307997
27.724626,2.7160597
27.736236,2.8392117
27.747846,2.6289201
27.759456,2.9566004
27.771066,2.362014
27.782676,1.9445985
27.794286,2.1969373
27.805896,3.9630223
27.817506,4.3142684
27.829116,4.6448622
27.840726,5.0269284
27.852336,4.7116579
27.863946,4.6110923
27.875556,4.4842631
27.887166,3.7767201
27.898776,4.1260879
27.910385,3.9472034
27.921995,3.9890681
27.933605,3.3308659
27.945215,3.9014174
27.956825,4.2823069
27.968435,3.800277
27.980045,4.102377
27.991655,3.6873269
28.003265,3.5351325
28.014875,3.4958673
28.026485,3.1694325
28.038095,2.8134299
28.049705,2.3632878
28.061315,2.9201142
28.072925,3.1586012
28.084535,3.0980907
28.096145,2.9244235
28.107755,2.7636956
28.119365,3.1345475
28.130975,3.363168
28.142585,3.0300785
28.154195,3.2188437
28.165805,2.8207753
28.177415,3.4658447
28.189025,2.4939036
28.200635,2.8327275
28.212245,2.9148633
28.223855,2.4356849
28.235465,2.7369179
28.247075,2.8213066
28.258685,2.4367796
28.270295,2.8435122
28.281905,2.5935299
28.293515,2.2253034
28.305125,3.0829435
28.316735,2.3754617
28.328345,2.9149345
28.339955,2.638703
28.351565,2.4506778
28.363175,3.236106
28.374785,2.5187475
28.386395,2.7057887
28.398005,2.8279423
28.409615,2.6640767
28.421224,3.0167037
28.432834,2.1790693
28.444444,2.0357438
28.456054,2.6715687
28.467664,2.2060774
28.479274,2.1682682
28.490884,2.049072
28.502494,2.0319499
28.514104,2.0643469
28.525714,2.4933478
28.537324,2.7210971
28.548934,2.7460251
28.560544,2.6234248
28.572154,2.665001
28.583764,2.0858667
28.595374,2.9795289
28.606984,2.2917545
28.618594,3.1535807
28.630204,2.3000006
28.641814,2.8777704
28.653424,3.1605177
28.665034,2.2123574
28.676644,2.9829847
28.688254,2.6576384
28.699864,2.8459506
28.711474,2.6997357
28.723084,2.7337989
28.734694,2.9469943
28.746304,2.2174692
28.757914,2.2804007
28.769524,2.6559263
28.781134,2.5885705
28.792744,2.1279659
28.804354,2.1000007
28.815964,2.3437661
28.827574,2.4214126
28.839184,1.7698427
28.850794,2.0850957
28.862404,2.043542
28.874014,1.9721052
28.885624,1.9197841
28.897234,2.1411305
28.908844,2.1859522
28.920454,1.9652254
28.932063,2.1354039
28.943673,2.2865006
28.955283,3.989685
28.966893,2.2163682
28.978503,3.3829912
28.990113,2.9809737
29.001723,2.6512582
29.013333,2.8490033
29.024943,2.483045
29.036553,2.9035142
29.048163,2.6888549
29.059773,2.7700547
29.071383,2.7067346
29.082993,2.6068151
29.094603,2.8126764
29.106213,2.3948193
29.117823,2.6405246
29.129433,2.3306319
29.141043,2.3030286
29.152653,2.3460561
29.164263,1.9123218
29.175873,2.4599194
29.187483,1.9895601
29.199093,2.0990091
29.210703,1.9464124
29.222313,2.0041267
29.233923,2.211993
29.245533,2.3818315
29.257143,2.8762084
29.268753,2.5415461
29.280363,2.7009508
29.291973,2.5480746
29.303583,2.5742117
29.315193,2.5211688
29.326803,2.2760743
29.338413,2.54458
29.350023,2.8243025
29.361633,2.8638239
29.373243,3.057268
29.384853,2.8187107
29.396463,2.669017
29.408073,2.5281546
29.419683,2.5293833
29.431293,2.5771263
29.442902,2.3694252
29.454512,2.2873338
29.466122,2.0946393
29.477732,1.9131866
29.489342,2.0214206
29.500952,1.9193739
29.512562,1.9075925
29.524172,1.7676238
29.535782,1.3596318
29.547392,2.1876902
29.559002,1.5073069
29.570612,1.6320931
29.582222,1.7549879
29.593832,1.5107157
29.605442,1.7826199
29.617052,1.478907
29.628662,1.4222455
29.640272,1.7120799
29.651882,1.4524802
29.663492,1.6229214
29.675102,2.1556348
29.686712,2.5972275
29.698322,2.1537895
29.709932,2.1818121
29.721542,2.4027623
29.733152,2.5221413
29.744762,2.1029057
29.756372,2.0223255
29.767982,2.230087
29.779592,2.4435232
29.791202,2.4120081
29.802812,2.4114969
29.814422,2.2969106
29.826032,2.3575168
29.837642,2.2713729
29.849252,2.2694197
29.860862,2.2361536
29.872472,1.9736822
29.884082,1.800716
29.895692,1.8827454
29.907302,2.0128522
29.918912,1.7882907
29.930522,1.6310349
29.942132,1.3958356
29.953741,1.3031095
29.965351,1.2234749
29.976961,1.3877719
29.988571,1.3309975
30.000181,1.1442123
30.011791,1.438043
30.023401,2.4266741
30.035011,3.6770261
30.046621,3.7625315
30.058231,3.5205425
30.069841,3.874284
30.081451,3.5895814
30.093061,3.0900528
30.104671,3.2342109
30.116281,2.7712424
30.127891,2.6090069
30.139501,2.2668726
30.151111,1.7139922
30.162721,2.1508616
30.174331,1.9706353
30.185941,2.382026
30.197551,2.1416236
30.209161,2.3169691
30.220771,2.2140081
30.232381,2.3982402
30.243991,2.0523124
30.255601,1.4954209
30.267211,1.7331014
30.278821,1.8082452
30.290431,1.8719162
30.302041,2.7518081
30.313651,3.8021174
30.325261,3.6536831
30.336871,3.1449264
30.348481,3.1124223
30.360091,3.3873295
30.371701,3.0022328
30.383311,3.0984907
30.394921,3.3943365
30.406531,2.944586
30.418141,2.4254477
30.429751,2.3380473
30.441361,1.9548319
30.452971,1.7076133
30.46458,1.6056302
30.47619,1.5649398
30.4878,1.3079489
30.49941,1.0313156
30.51102,1.4980868
30.52263,1.445282
30.53424,1.5643191
30.54585,1.5620422
30.55746,1.4627441
30.56907,1.6415721
30.58068,1.9769232
30.59229,2.5814044
30.6039,2.5542811
30.61551,2.796286
30.62712,3.9408362
30.63873,5.1116558
30.65034,4.2981031
30.66195,4.087383
30.67356,4.2677004
30.68517,3.8505508
30.69678,3.1554318
30.70839,3.2860179
30.72,3.465626
30.73161,2.9553376
30.74322,2.8536203
30.75483,2.8626824
30.76644,2.6258381
30.77805,2.4243852
30.78966,2.4461452
30.80127,2.4897894
30.81288,1.9501945
30.82449,2.4858074
30.8361,1.5702009
30.84771,1.9473081
30.85932,2.0552674
30.87093,1.93648
30.88254,2.1707981
30.89415,2.0147924
30.90576,2.1914499
30.91737,2.1258731
30.92898,2.3330198
30.94059,2.4621202
30.9522,2.0458502
30.96381,2.5618307
30.97542,2.1025338
30.987029,1.6258036
30.998639,1.8624087
31.010249,1.6601396
31.021859,1.809444
31.033469,1.9506
31.045079,1.7841234
31.056689,1.6551029
31.068299,1.4420562
31.079909,1.4098373
31.091519,1.7498137
31.103129,2.8808049
31.114739,2.5755659
31.126349,3.5275216
31.137959,3.2405503
31.149569,3.2688148
31.161179,3.220617
31.172789,2.8817026
31.184399,3.4750851
31.196009,3.1597881
31.207619,2.9631991
31.219229,3.5934612
31.230839,2.5274809
31.242449,3.1610153
31.254059,2.7903513
31.265669,2.6237559
31.277279,3.0484382
31.288889,1.9631975
31.300499,3.0188739
31.312109,2.6803265
31.323719,2.4714171
31.335329,2.6899774
31.346939,2.1935474
31.358549,2.3422751
31.370159,2.731389
31.381769,3.0084208
31.393379,2.7062075
31.404989,2.6193331
31.416599,2.4144995
31.428209,3.2655494
31.439819,3.3163157
31.451429,3.4209102
31.463039,3.572537
31.474649,2.9534303
31.486259,3.4146578
31.497868,2.7948517
31.509478,2.756394
31.521088,3.2597287
31.532698,2.3548693
31.544308,2.565629
31.555918,2.6535217
31.567528,2.2261138
31.579138,2.7820356
31.590748,2.2338075
31.602358,1.9868487
31.613968,2.9986967
31.625578,1.8127241
31.637188,2.0010817
31.648798,1.9552393
31.660408,1.7346143
31.672018,2.0371019
31.683628,1.6959494
31.695238,1.8873598
31.706848,2.731487
31.718458,1.6757614
31.730068,2.2484257
31.741678,1.76551
31.753288,1.6099141
31.764898,2.3794214
31.776508,1.749069
31.788118,2.1281727
31.799728,2.2464258
31.811338,2.2322202
31.822948,2.2559083
31.834558,3.599107
31.846168,2.7648854
31.857778,3.3794934
31.869388,3.2992045
31.880998,2.6033897
31.892608,3.4072563
31.904218,2.4539602
31.915828,3.4507935
31.927438,2.421048
31.939048,3.1488648
31.950658,3.0628394
31.962268,2.9273598
31.973878,3.3093115
31.985488,2.6038615
31.997098,2.813128
32.008707,2.7950307
32.020317,2.2018495
32.031927,2.4155927
32.043537,1.7581858
32.055147,2.2300251
32.066757,1.8142027
32.078367,2.2386883
32.089977,2.1240746
32.101587,2.0062784
32.113197,2.2063975
32.124807,1.7873132
32.136417,1.718308
32.148027,1.5664214
32.159637,1.5815203
32.171247,1.2111792
32.182857,1.4752574
32.194467,1.9837418
32.206077,2.6884357
32.217687,3.1702748
32.229297,3.2027541
32.240907,2.7057406
32.252517,2.6263555
32.264127,3.1252961
32.275737,2.323542
32.287347,2.5479989
32.298957,2.5496986
32.310567,2.4775756
32.322177,2.6025051
32.333787,2.3259219
32.345397,2.1111105
32.357007,1.8587375
32.368617,2.5694152
32.380227,2.2640229
32.391837,2.469999
32.403447,1.8977145
32.415057,2.2338593
32.426667,2.3736479
32.438277,2.1129904
32.449887,2.1231321
32.461497,2.1534477
32.473107,2.0406555
32.484717,2.2222162
32.496327,1.9487106
32.507937,2.2080089
32.519546,2.2391657
32.531156,1.9147144
32.542766,2.1970316
32.554376,2.0447359
32.565986,2.1961412
32.577596,2.2671938
32.589206,2.8112535
32.600816,2.7423598
32.612426,2.1079405
32.624036,2.1441045
32.635646,2.3642134
32.647256,2.4445117
32.658866,2.0667595
32.670476,2.237202
32.682086,2.331499
32.693696,2.1096885
32.705306,2.4737357
32.716916,2.0013827
32.728526,2.1368898
32.740136,2.3565186
32.751746,2.3230143
32.763356,2.7518105
32.774966,2.3459607
32.786576,2.0808828
32.798186,2.5440682
32.809796,2.3523463
32.821406,2.5049674
32.833016,2.3473606
32.844626,2.2170741
32.856236,2.4586893
32.867846,2.3244177
32.879456,2.1704788
32.891066,2.1896845
32.902676,2.0847468
32.914286,2.1805621
32.925896,2.4858289
32.937506,2.3102365
32.949116,2.9955758
32.960726,3.6494555
32.972336,3.787125
32.983946,3.8392012
32.995556,3.8966361
33.007166,3.6856332
33.018776,2.7421404
33.030385,2.8331607
33.041995,3.0083999
33.053605,3.1293319
33.065215,2.8915662
33.076825,2.4455623
33.088435,2.6105267
33.100045,2.7510509
33.111655,3.3152492
33.123265,3.0180776
33.134875,2.7152037
33.146485,3.0308527
33.158095,3.0989655
33.169705,3.1567455
33.181315,2.3847179
33.192925,2.4106226
33.204535,2.4681505
33.216145,1.873015
33.227755,2.3321765
33.239365,2.0958445
33.250975,2.22861
33.262585,2.0695122
33.274195,2.2061729
33.285805,2.3874403
33.297415,2.063193
33.309025,2.2073154
33.320635,3.1590046
33.332245,3.1926843
33.343855,3.5147593
33.355465,3.2178187
33.367075,3.1551391
33.378685,2.9792517
33.390295,2.7556102
33.401905,2.5782912
33.413515,2.4053396
33.425125,2.3563096
33.436735,2.1968405
33.448345,2.2840301
33.459955,2.2178569
33.471565,2.8975307
33.483175,3.6748763
33.494785,3.1627286
33.506395,3.73753
33.518005,3.4461258
33.529615,3.6967712
33.541224,2.9547414
33.552834,3.9345245
33.564444,2.8682137
33.576054,3.365069
33.587664,3.201264
33.599274,3.1831918
33.610884,3.0066269
33.622494,3.0683324
33.634104,3.7507813
33.645714,3.8110377
33.657324,5.2856926
33.668934,4.6104447
33.680544,5.647771
33.692154,4.1919718
33.703764,5.4600869
33.715374,4.64732
33.726984,5.37113
33.738594,3.9338356
33.750204,4.6683219
33.761814,4.4391617
33.773424,4.969145
33.785034,4.1314809
33.796644,5.0871915
33.808254,4.7218084
33.819864,5.6725063
33.831474,6.6176956
33.843084,5.2412134
33.854694,4.5381198
33.866304,5.1846888
33.877914,4.5584084
33.889524,3.7592108
33.901134,4.4532329
33.912744,4.1782304
33.924354,4.2478606
33.935964,4.1422427
33.947574,5.2185546
33.959184,5.8111346
33.970794,6.2234466
33.982404,6.3658775
33.994014,6.1929323
34.005624,5.649441
34.017234,5.9224501
34.028844,6.2349843
34.040454,5.6371401
34.052063,5.9963121
34.063673,6.2739419
34.075283,5.467701
34.086893,5.5621301
34.098503,6.8921067
34.110113,6.1426367
34.121723,6.273687
34.133333,6.8506986
34.144943,6.0673348
34.156553,6.1870886
34.168163,5.9616151
34.179773,6.4302017
34.191383,5.2380829
34.202993,5.4207267
34.214603,6.0139189
34.226213,4.928507
34.237823,4.228292
34.249433,4.7890239
34.261043,5.1186244
34.272653,5.5112532
34.284263,5.8215378
34.295873,5.311831
34.307483,5.3386199
34.319093,6.1050697
34.330703,4.5439342
34.342313,4.4899523
34.353923,4.9988986
34.365533,4.3612589
34.377143,4.4289125
34.388753,5.1627355
34.400363,5.1000985
34.411973,4.7962144
34.423583,4.5814063
34.435193,4.3120378
34.446803,4.1066319
34.458413,3.5776374
34.470023,3.8670249
34.481633,3.8568352
34.493243,4.0591619
34.504853,3.666399
34.516463,3.6872986
34.528073,3.7980549
34.539683,3.5277309
34.551293,3.2377352
34.562902,2.3569112
34.574512,2.5784921
34.586122,3.9006677
34.597732,3.8061935
34.609342,4.3046199
34.620952,4.4408133
34.632562,4.0530529
34.644172,3.7449501
34.655782,3.8461533
34.667392,3.3200628
34.679002,3.4751637
34.690612,3.523313
34.702222,2.5878244
34.713832,2.5237758
34.725442,2.6885069
34.737052,2.4038162
34.748662,2.240761
34.760272,2.3190674
34.771882,1.6800211
34.783492,2.3345888
34.795102,2.3129314
34.806712,1.7147224
34.818322,2.1674025
34.829932,1.9685219
34.841542,2.3150128
34.853152,2.0223653
34.864762,1.6942713
34.876372,1.9645154
34.887982,1.814569
34.899592,1.8836976
34.911202,1.3870886
34.922812,2.007177
34.934422,1.7017696
34.946032,1.3991031
34.957642,1.8040776
34.969252,2.0543543
34.980862,1.6211326
34.992472,2.0891981
35.004082,3.2781688
35.015692,3.9834195
35.027302,4.6911866
35.038912,5.3959529
35.050522,4.6742684
35.062132,5.0510657
35.073741,4.696094
35.085351,5.0912967
35.096961,4.7306984
35.108571,4.1652298
35.120181,4.8415254
35.131791,3.7023585
35.143401,4.7124099
35.155011,3.9676087
35.166621,4.4007952
35.178231,4.3521581
35.189841,3.8750571
35.201451,4.5508626
35.213061,3.8721392
35.224671,4.1237165
35.236281,3.3386791
35.247891,3.7566687
35.259501,3.1035071
35.271111,3.5323908
35.282721,3.4175039
35.294331,3.2413917
35.305941,3.7015595
35.317551,2.498264
35.329161,3.8176689
35.340771,2.7714876
35.352381,3.2924679
35.363991,5.1791841
35.375601,6.2362225
35.387211,5.0501826
35.398821,4.3181141
35.410431,5.0153425
35.422041,4.1459392
35.433651,3.4694151
35.445261,3.4252402
35.456871,3.5763822
35.468481,3.8570827
35.480091,3.0731412
35.491701,2.9895327
35.503311,3.3839942
35.514921,3.3351933
35.526531,2.8315489
35.538141,2.1206795
35.549751,2.0339388
35.561361,2.5845157
35.572971,2.4313648
35.58458,1.7920117
35.59619,1.7008203
35.6078,2.4769301
35.61941,2.4739777
35.63102,2.1916573
35.64263,2.5250872
35.65424,3.7338167
35.66585,4.6318281
35.67746,5.0077094
35.68907,5.4753602
35.70068,5.1639399
35.71229,4.2812511
35.7239,3.9219942
35.73551,4.1385127
35.74712,4.5636264
35.75873,4.3704215
35.77034,4.0972724
35.78195,3.624714
35.79356,3.2356554
35.80517,2.7607574
35.81678,2.6052268
35.82839,2.7078951
35.84,2.7646954
35.85161,2.9669108
35.86322,3.060204
35.87483,2.1972759
35.88644,1.6402417
35.89805,2.224877
35.90966,2.528194
35.92127,2.3935216
35.93288,2.6717119
35.94449,2.8658579
35.9561,2.355131
35.96771,1.4664767
35.97932,1.624054
35.99093,1.5604297
36.00254,1.3611082
36.01415,1.5868821
36.02576,1.9046384
36.03737,1.979091
36.04898,1.567695
36.06059,1.940897
36.0722,1.8748009
36.08381,1.7112208
36.09542,1.4253551
36.107029,2.3848767
36.118639,3.5409011
36.130249,3.5584375
36.141859,4.049647
36.153469,4.343449
36.165079,4.288557
36.176689,3.9501528
36.188299,3.7682483
36.199909,4.1940466
36.211519,3.1106559
36.223129,2.9630716
36.234739,2.7278062
36.246349,2.5319428
36.257959,2.26006
36.269569,1.8685171
36.281179,1.7332625
36.292789,1.6393648
36.304399,2.1490034
36.316009,2.0339878
36.327619,2.6879479
36.339229,2.5511687
36.350839,2.745366
36.362449,2.8610402
36.374059,2.5592456
36.385669,2.3624042
36.397279,2.3307184
36.408889,1.9420394
36.420499,1.6126372
36.432109,1.785208
36.443719,1.8567927
36.455329,2.1059957
36.466939,3.0130308
36.478549,3.0340734
36.490159,3.300669
36.501769,3.9296566
36.513379,3.9483645
36.524989,4.6007308
36.536599,4.2910294
36.548209,3.4858119
36.559819,3.034374
36.571429,2.1725591
36.583039,1.8226404
36.594649,2.3841008
36.606259,2.1897503
36.617868,1.5615202
36.629478,1.3470725
36.641088,1.3194327
36.652698,1.2830402
36.664308,1.5319711
36.675918,1.7086835
36.687528,1.5605834
36.699138,1.8437527
36.710748,1.37048
36.722358,1.4462811
36.733968,1.6020755
36.745578,1.7267905
36.757188,1.6904922
36.768798,1.2352387
36.780408,1.1692984
36.792018,1.2066849
36.803628,1.5026619
36.815238,1.2968459
36.826848,1.5592407
36.838458,1.9951263
36.850068,2.6384434
36.861678,4.6616517
36.873288,5.6804588
36.884898,5.2780907
36.896508,5.5540529
36.908118,5.0894021
36.919728,4.7530497
36.931338,5.4099911
36.942948,5.1919033
36.954558,3.8773537
36.966168,3.562352
36.977778,2.5679057
36.989388,2.6574167
37.000998,2.1990092
37.012608,2.2343083
37.024218,2.4443636
37.035828,2.4923983
37.047438,1.8876537
37.059048,2.2829499
37.070658,2.0119671
37.082268,2.2292706
37.093878,2.4068081
37.105488,2.2199081
37.117098,2.1202862
37.128707,1.8875841
37.140317,1.8870088
37.151927,2.1427414
37.163537,2.3891163
37.175147,2.2796345
37.186757,2.4562811
37.198367,1.9859911
37.209977,1.5660706
37.221587,1.4781422
37.233197,1.4184933
37.244807,1.1893095
37.256417,1.2955943
37.268027,1.510797
37.279637,5.9887371
37.291247,9.4417838
37.302857,10.132305
37.314467,9.3431281
37.326077,9.8314881
37.337687,8.8835808
37.349297,8.7546724
37.360907,8.1373162
37.372517,7.8259038
37.384127,7.5282326
37.395737,7.087596
37.407347,6.549999
37.418957,6.5920812
37.430567,5.9354826
37.442177,5.553117
37.453787,6.0897355
37.465397,5.8561293
37.477007,4.9840944
37.488617,4.17531
37.500227,3.9585213
37.511837,4.108831
37.523447,4.052163
37.535057,3.986299
37.546667,3.8910656
37.558277,3.9041093
37.569887,4.0681277
37.581497,3.5461768
37.593107,3.2165484
37.604717,3.0817623
37.616327,3.0033901
37.627937,3.1695787
37.639546,3.3211024
37.651156,3.4133426
37.662766,3.3238383
37.674376,3.1809084
37.685986,3.1663667
37.697596,3.1458416
37.709206,3.0024294
37.720816,2.8578551
37.732426,4.007119
37.744036,5.5869188
37.755646,6.2087577
37.767256,6.0737886
37.778866,5.9066698
37.790476,5.2948563
37.802086,4.8350543
37.813696,4.8034968
37.825306,4.695527
37.836916,4.4534954
37.848526,4.1473285
37.860136,3.5090409
37.871746,4.392834
37.883356,3.8875288
37.894966,3.836253
37.906576,4.6683844
37.918186,4.7068934
37.929796,5.1651191
37.941406,4.9512806
37.953016,4.8660107
37.964626,4.6064981
37.976236,5.1097717
37.987846,4.0333752
37.999456,5.0516823
38.011066,4.2683638
38.022676,4.5075248
38.034286,3.7346506
38.045896,3.7370936
38.057506,3.9193636
38.069116,5.5144216
38.080726,8.1474553
38.092336,6.7017987
38.103946,7.3283042
38.115556,6.1219511
38.127166,7.3956999
38.138776,6.2569783
38.150385,6.1139132
38.161995,5.6141049
38.173605,6.462503
38.185215,5.9661659
38.196825,5.5591347
38.208435,5.2891996
38.220045,5.3382865
38.231655,5.4995744
38.243265,6.7395245
38.254875,7.2311061
38.266485,5.0792631
38.278095,5.7040061
38.289705,6.2781111
38.301315,4.8862419
38.312925,4.4727353
38.324535,4.6451718
38.336145,4.3895087
38.347755,4.7493023
38.359365,4.7243117
38.370975,5.8485421
38.382585,7.5792499
38.394195,7.6715032
38.405805,8.3359962
38.417415,8.4439078
38.429025,8.1283858
38.440635,7.6354439
38.452245,7.6894706
38.463855,7.4188809
38.475465,7.1901123
38.487075,7.3393689
38.498685,7.337779
38.510295,7.4028424
38.521905,8.6181071
38.533515,9.3324092
38.545125,8.4816668
38.556735,7.3652025
38.568345,8.9171673
38.579955,8.0434192
38.591565,7.4788439
38.603175,8.3165194
38.614785,7.5791313
38.626395,6.9912371
38.638005,7.4923981
38.649615,6.7090456
38.661224,6.5161959
38.672834,6.8259253
38.684444,6.6442289
38.696054,7.4223141
38.707664,7.4721454
38.719274,6.824158
38.730884,7.740644
38.742494,7.5548997
38.754104,6.3868427
38.765714,6.0498621
38.777324,6.0783977
38.788934,6.9163342
38.800544,6.7776267
38.812154,6.7547902
38.823764,6.4099202
38.835374,6.243053
38.846984,6.1509739
38.858594,5.967101
38.870204,7.3684238
38.881814,7.1069391
38.893424,6.9943795
38.905034,7.4068661
38.916644,7.2457581
38.928254,6.9907499
38.939864,6.3057676
38.951474,5.972414
38.963084,6.0116178
38.974694,7.5802518
38.986304,8.074122
38.997914,7.2052225
39.009524,6.5647895
39.021134,6.5561579
39.032744,6.6389425
39.044354,6.4519653
39.055964,5.0163863
39.067574,4.680938
39.079184,4.9268511
39.090794,4.4013865
39.102404,4.1957865
39.114014,4.5405784
39.125624,4.3590185
39.137234,3.0563616
39.148844,3.7511632
39.160454,3.9398428
39.172063,2.9916486
39.183673,4.2657615
39.195283,3.5248007
39.206893,2.7764757
39.218503,3.3973297
39.230113,3.0661551
39.241723,2.8321592
39.253333,2.7812725
39.264943,2.8152756
39.276553,2.4197126
39.288163,2.5836641
39.299773,2.837519
39.311383,2.5128046
39.322993,2.306782
39.334603,2.7075045
39.346213,3.5715609
39.357823,4.8366836
39.369433,6.082272
39.381043,7.030877
39.392653,7.6804686
39.404263,7.6545568
39.415873,6.8103043
39.427483,7.2395073
39.439093,6.1306601
39.450703,6.4617732
39.462313,5.6600331
39.473923,5.5156571
39.485533,5.8786738
39.497143,5.8876238
39.508753,5.258044
39.520363,4.7697501
39.531973,5.7861572
39.543583,4.4008092
39.555193,5.4512051
39.566803,4.5782086
39.578413,5.3737771
39.590023,4.7826547
39.601633,4.7538666
39.613243,5.0353728
39.624853,4.1677807
39.636463,5.1412412
39.648073,3.8001271
39.659683,4.6872266
39.671293,4.5234569
39.682902,4.18582
39.694512,5.0696979
39.706122,3.4166004
39.717732,4.2197579
39.729342,5.9912081
39.740952,7.7881543
39.752562,6.2641947
39.764172,6.4239579
39.775782,6.3403316
39.787392,5.4189337
39.799002,5.2091439
39.810612,4.8403678
39.822222,3.9909499
39.833832,4.6551043
39.845442,4.5298234
39.857052,4.5010224
39.868662,4.2760587
39.880272,4.8013781
39.891882,4.5259942
39.903492,3.7893444
39.915102,3.4476281
39.926712,3.6507018
39.938322,3.036508
39.949932,2.8654059
39.961542,2.9725903
39.973152,3.1620868
39.984762,3.0802121
39.996372,4.5150148
40.007982,6.1201637
40.019592,6.2126893
40.031202,5.3603504
40.042812,4.8092484
40.054422,5.6056337
40.066032,6.2997231
40.077642,6.5931777
40.089252,6.0227896
40.100862,5.5912377
40.112472,5.3941809
40.124082,5.5475927
40.135692,5.1418284
40.147302,4.6164098
40.158912,4.4755893
40.170522,3.8580744
40.182132,4.2935847
40.193741,3.4874697
40.205351,3.4929753
40.216961,3.7344925
40.228571,3.6217294
40.240181,3.6058955
40.251791,3.616548
40.263401,4.3146771
40.275011,4.0237263
40.286621,3.457441
40.298231,3.7319175
40.309841,4.0777641
40.321451,3.3659639
40.333061,2.7994031
40.344671,3.1152899
40.356281,3.0608056
40.367891,2.3154403
40.379501,2.2459668
40.391111,2.9993722
40.402721,3.4010129
40.414331,3.2064475
40.425941,2.9576021
40.437551,5.984322
40.449161,10.085377
40.460771,10.130903
40.472381,10.194587
40.483991,9.7768149
40.495601,9.5466884
40.507211,9.2503263
40.518821,8.6166772
40.530431,8.0006211
40.542041,7.9322474
40.553651,7.6987296
40.565261,7.7340233
40.576871,7.7552036
40.588481,7.2292972
40.600091,6.795539
40.611701,6.5312274
40.623311,6.4415262
40.634921,6.1720146
40.646531,5.9127214
40.658141,6.2709536
40.669751,5.7407095
40.681361,6.0251058
40.692971,6.4880856
40.70458,8.0715097
40.71619,6.3704502
40.7278,9.2630984
40.73941,10.11111
40.75102,6.9299757
40.76263,9.0871514
40.77424,9.4633029
40.78585,8.371566
40.79746,8.8970528
40.80907,9.6239024
40.82068,7.5227465
40.83229,6.1393195
40.8439,6.0911225
40.85551,6.0139907
40.86712,5.4618596
40.87873,5.1020417
40.89034,4.8702741
40.90195,4.5536426
40.91356,4.5161407
40.92517,3.9463515
40.93678,4.3581721
40.94839,3.9678964
40.96,3.6975607
40.97161,4.0050293
40.98322,3.8648876
40.99483,3.7705605
41.00644,3.5770061
41.01805,3.4787434
41.02966,3.3879309
41.04127,2.9902306
41.05288,4.2068177
41.06449,3.2819209
41.0761,3.9379882
41.08771,4.0667377
41.09932,2.3359409
41.11093,3.6800766
41.12254,6.5996942
41.13415,10.119009
41.14576,11.293512
41.15737,10.915172
41.16898,9.7211531
41.18059,10.069996
41.1922,9.7310073
41.20381,9.3108749
41.21542,8.8708163
41.227029,7.8058105
41.238639,6.8289339
41.250249,6.559375
41.261859,6.4669376
41.273469,6.5430355
41.285079,6.1206892
41.296689,6.1501262
41.308299,5.116684
41.319909,5.2791871
41.331519,4.8203807
41.343129,4.8890387
41.354739,4.4892053
41.366349,4.3545822
41.377959,4.8300484
41.389569,4.2522365
41.401179,4.3525447
41.412789,3.7294884
41.424399,3.4615371
41.436009,3.2935257
41.447619,3.480787
41.459229,3.3345492
41.470839,3.9462557
41.482449,4.103038
41.494059,3.0660794
41.505669,2.9836785
41.517279,3.2665473
41.528889,2.8777604
41.540499,2.8612239
41.552109,2.8652949
41.563719,2.5558908
41.575329,5.7505708
41.586939,14.414092
41.598549,13.910578
41.610159,14.365693
41.621769,13.322145
41.633379,11.989244
41.644989,11.877559
41.656599,11.823214
41.668209,11.12542
41.679819,10.934884
41.691429,10.642849
41.703039,9.5681235
41.714649,8.9177666
41.726259,8.4010576
41.737868,8.1354435
41.749478,8.5055852
41.761088,8.7281562
41.772698,8.3281367
41.784308,8.2852418
41.795918,7.9964571
41.807528,8.0413072
41.819138,7.6009642
41.830748,7.8905855
41.842358,7.8344515
41.853968,7.9379595
41.865578,8.0944789
41.877188,8.2443092
41.888798,7.9356635
41.900408,7.7047874
41.912018,7.2753078
41.923628,6.1692812
41.935238,5.6280454
41.946848,4.7113076
41.958458,4.7970945
41.970068,4.4129675
41.981678,4.1708006
41.993288,4.443657
42.004898,4.6418338
42.016508,4.0716213
42.028118,3.5872302
42.039728,3.761856
42.051338,3.5755355
42.062948,3.3159386
42.074558,3.7154304
42.086168,3.3898874
42.097778,3.2195958
42.109388,2.9109144
42.120998,2.8817403
42.132608,3.0231329
42.144218,2.9521495
42.155828,2.8700308
42.167438,2.6096567
42.179048,4.5792308
42.190658,6.2355034
42.202268,6.924109
42.213878,7.1335144
42.225488,7.048775
42.237098,6.5825772
42.248707,6.4037607
42.260317,6.374825
42.271927,6.017641
42.283537,5.8506817
42.295147,5.3574225
42.306757,5.6556
42.318367,5.762438
42.329977,5.7933172
42.341587,5.9261166
42.353197,5.9888228
42.364807,6.1345547
42.376417,6.5267479
42.388027,6.2561703
42.399637,5.8633177
42.411247,5.9626505
42.422857,6.0369891
42.434467,6.1880026
42.446077,5.7739789
42.457687,5.7652603
42.469297,5.3746585
42.480907,5.8069563
42.492517,5.0089688
42.504127,5.1663188
42.515737,3.745076
42.527347,4.3516626
42.538957,4.6147137
42.550567,6.4221165
42.562177,5.3808573
42.573787,5.5257136
42.585397,4.4825129
42.597007,5.6613706
42.608617,4.8638914
42.620227,5.383543
42.631837,4.2705143
42.643447,5.1715717
42.655057,5.2046125
42.666667,5.9167412
42.678277,5.7878162
42.689887,6.3677737
42.701497,7.1293497
42.713107,6.1852801
42.724717,5.6615917
42.736327,6.3866042
42.747937,5.8540512
42.759546,4.4923138
42.771156,5.0551822
42.782766,4.7949574
42.794376,4.6839497
42.805986,4.2728254
42.817596,5.156355
42.829206,6.1320807
42.840816,6.7719707
42.852426,7.7005349
42.864036,7.4455439
42.875646,7.5525315
42.887256,7.4325497
42.898866,7.3068983
42.910476,6.9191542
42.922086,6.6404326
42.933696,6.6671247
42.945306,6.439393
42.956916,6.1415627
42.968526,6.7413741
42.980136,7.6435633
42.991746,7.8294507
43.003356,7.5892929
43.014966,8.5125051
43.026576,7.4989749
43.038186,7.0835164
43.049796,8.4721512
43.061406,6.4481905
43.073016,6.8337293
43.084626,7.6630149
43.096236,6.6274038
43.107846,6.0826617
43.119456,6.6690708
43.131066,6.1727075
43.142676,5.9191448
43.154286,5.9212865
43.165896,5.9540665
43.177506,6.4830631
43.189116,6.8091235
43.200726,7.2489068
43.212336,6.7100986
43.223946,7.1814388
43.235556,6.3044208
43.247166,5.7805738
43.258776,5.6979828
43.270385,6.6000324
43.281995,6.6579208
43.293605,6.8703835
43.305215,6.4945662
43.316825,6.5689901
43.328435,6.4594392
43.340045,5.5261453
43.351655,5.9506472
43.363265,5.5585308
43.374875,5.3867056
43.386485,7.1098809
43.398095,8.0507947
43.409705,7.0105478
43.421315,6.1428912
43.432925,6.7079415
43.444535,6.7022005
43.456145,5.9235243
43.467755,6.0586309
43.479365,6.3340461
43.490975,6.6803788
43.502585,5.6711289
43.514195,6.3059854
43.525805,5.6965024
43.537415,5.7576079
43.549025,4.6868047
43.560635,4.5989393
43.572245,5.1185649
43.583855,4.3168179
43.595465,4.1418758
43.607075,3.8661243
43.618685,3.4273157
43.630295,2.8991777
43.641905,3.3041028
43.653515,3.0700356
43.665125,2.945924
43.676735,2.9295936
43.688345,3.1907826
43.699955,2.6674948
43.711565,2.7436204
43.723175,2.7692469
43.734785,2.5264872
43.746395,2.0181968
43.758005,2.0406492
43.769615,2.4761419
43.781224,2.1402617
43.792834,2.1956855
43.804444,2.224492
43.816054,2.4933818
43.827664,2.3720552
43.839274,2.4130257
43.850884,2.818132
43.862494,3.51997
43.874104,4.7106715
43.885714,5.1710199
43.897324,6.0699598
43.908934,5.7256456
43.920544,7.0426933
43.932154,5.2687927
43.943764,6.2239893
43.955374,6.1767223
43.966984,5.0954424
43.978594,5.7959569
43.990204,4.7774253
44.001814,5.9010832
44.013424,4.7269684
44.025034,5.4998496
44.036644,5.2331172
44.048254,5.414547
44.059864,5.2505112
44.071474,5.3707841
44.083084,5.2983086
44.094694,4.5104359
44.106304,5.3359034
44.117914,3.9839604
44.129524,5.0023967
44.141134,4.103201
44.152744,4.4570808
44.164354,4.7117522
44.175964,3.805261
44.187574,4.9076844
44.199184,3.3091009
44.210794,4.4515809
44.222404,3.3305231
44.234014,2.5450817
44.245624,4.5570873
44.257234,7.0489957
44.268844,6.5266656
44.280454,6.6980235
44.292063,6.3960621
44.303673,5.3317861
44.315283,5.1932936
44.326893,4.8984659
44.338503,4.3985527
44.350113,4.0724769
44.361723,3.9139882
44.373333,4.5148577
44.384943,5.0566256
44.396553,4.5565244
44.408163,4.0766857
44.419773,4.0332572
44.431383,4.0615542
44.442993,3.3423138
44.454603,2.8775214
44.466213,2.9818435
44.477823,3.3700706
44.489433,3.5913027
44.501043,4.0257738
44.512653,4.3398498
44.524263,4.537077
44.535873,6.2210037
44.547483,6.1002508
44.559093,5.3938403
44.570703,6.3380931
44.582313,5.9300207
44.593923,6.3892218
44.605533,7.3991464
44.617143,6.4540646
44.628753,5.9525913
44.640363,5.757988
44.651973,5.1584401
44.663583,4.9302325
44.675193,4.6074787
44.686803,3.8994675
44.698413,3.7298565
44.710023,3.9744487
44.721633,3.098439
44.733243,2.9702129
44.744853,3.4517483
44.756463,3.0034765
44.768073,2.6162367
44.779683,3.8712903
44.791293,4.2541648
44.802902,4.1001882
44.814512,4.4152603
44.826122,4.2091653
44.837732,3.5265014
44.849342,2.7940005
44.860952,2.4895083
44.872562,2.423689
44.884172,2.5147545
44.895782,2.4232587
44.907392,2.6350388
44.919002,3.0862253
44.930612,3.0115266
44.942222,2.8475978
44.953832,3.3101376
44.965442,4.2950886
44.977052,5.1131084
44.988662,5.3186595
45.000272,5.2957818
45.011882,5.2745894
45.023492,4.8625911
45.035102,5.5418261
45.046712,5.1797728
45.058322,4.7907117
45.069932,4.5682976
45.081542,4.3779972
45.093152,4.5608647
45.104762,3.9606132
45.116372,3.9881456
45.127982,3.5012062
45.139592,4.0412209
45.151202,4.211731
45.162812,3.4279419
45.174422,4.4699436
45.186032,4.1766144
45.197642,4.5136045
45.209252,4.537154
45.220862,3.6869338
45.232472,4.352428
45.244082,3.9409215
45.255692,3.2180538
45.267302,4.1487336
45.278912,3.7605591
45.290522,3.8888591
45.302132,4.6410709
45.313741,4.845225
45.325351,5.8105895
45.336961,5.8202734
45.348571,6.0045632
45.360181,6.5560446
45.371791,6.2622577
45.383401,5.5772037
45.395011,5.7759219
45.406621,4.7826092
45.418231,4.1010491
45.429841,4.2707633
45.441451,3.4909483
45.453061,3.2563821
45.464671,3.4824153
45.476281,2.9258214
45.487891,3.0388939
45.499501,2.8462801
45.511111,2.8003336
45.522721,3.1879356
45.534331,3.2614125
45.545941,2.8202728
45.557551,1.9428044
45.569161,1.970215
45.580771,2.1317604
45.592381,2.4299691
45.603991,2.2232927
45.615601,2.2675467
45.627211,2.3329894
45.638821,2.2330737
45.650431,2.5407195
45.662041,6.7769917
45.673651,8.0093205
45.685261,6.9607553
45.696871,6.9747614
45.708481,7.1570244
45.720091,6.6323687
45.731701,7.5388106
45.743311,6.7390258
45.754921,5.2674195
45.766531,5.0994275
45.778141,4.6896146
45.789751,3.5055156
45.801361,3.5245347
45.812971,3.2477748
45.82458,3.0099014
45.83619,3.2414633
45.8478,2.6111025
45.85941,2.6645633
45.87102,2.5264307
45.88263,3.4241486
45.89424,3.1250601
45.90585,3.0070096
45.91746,3.0753551
45.92907,2.8025413
45.94068,2.6233697
45.95229,2.7843942
45.9639,2.7458045
45.97551,3.2074819
45.98712,3.1780818
45.99873,3.0009038
46.01034,2.6729834
46.02195,3.724156
46.03356,8.2639777
46.04517,9.0549443
46.05678,9.3569888
46.06839,9.647836
46.08,10.108661
46.09161,10.410407
46.10322,9.9338002
46.11483,9.2984266
46.12644,9.3431536
46.13805,9.491683
46.14966,9.6682866
46.16127,9.549117
46.17288,9.3747112
46.18449,9.2555578
46.1961,8.8882787
46.20771,8.4893674
46.21932,7.5762282
46.23093,6.7945083
46.24254,6.4723182
46.25415,5.4766981
46.26576,5.0975749
46.27737,4.92326
46.28898,3.8987274
46.30059,3.3237051
46.3122,3.1708518
46.32381,3.016705
46.33542,2.8912837
46.347029,2.883053
46.358639,3.031302
46.370249,3.2284345
46.381859,2.8003285
46.393469,3.2948924
46.405079,3.1387791
46.416689,4.1881327
46.428299,5.6972637
46.439909,6.2755085
46.451519,5.9941302
46.463129,5.7165691
46.474739,5.0384409
46.486349,4.4120154
46.497959,3.9214381
46.509569,4.2150902
46.521179,4.1147735
46.532789,3.6489335
46.544399,3.8671261
46.556009,3.81514
46.567619,3.8072753
46.579229,3.8383239
46.590839,4.451815
46.602449,4.6130602
46.614059,5.1552393
46.625669,4.0402532
46.637279,4.760776
46.648889,4.0796403
46.660499,4.6767434
46.672109,3.9233031
46.683719,4.6581807
46.695329,3.8983443
46.706939,4.4611694
46.718549,3.7904758
46.730159,4.0585088
46.741769,4.547374
46.753379,6.7357584
46.764989,7.0176065
46.776599,7.9302663
46.788209,7.0758341
46.799819,6.1638354
46.811429,6.416376
46.823039,6.2626453
46.834649,6.7401967
46.846259,5.7221752
46.857868,6.1584934
46.869478,5.8531231
46.881088,6.5310778
46.892698,6.7283272
46.904308,7.3587746
46.915918,7.1492184
46.927528,7.3313472
46.939138,7.2311996
46.950748,7.3937595
46.962358,5.6236142
46.973968,4.8781768
46.985578,5.0741801
46.997188,4.9636587
47.008798,5.2997206
47.020408,5.0749515
47.032018,5.2143755
47.043628,5.4170246
47.055238,6.5665018
47.066848,6.7811263
47.078458,7.1490968
47.090068,7.1369608
47.101678,7.2371665
47.113288,7.3630526
47.124898,7.1476697
47.136508,7.2883386
47.148118,7.0870181
47.159728,7.0377777
47.171338,7.1873502
47.182948,6.8052993
47.194558,6.8594946
47.206168,6.6392057
47.217778,7.4347839
47.229388,6.6981159
47.240998,6.7217388
47.252608,7.5917124
47.264218,6.3627612
47.275828,7.0437965
47.287438,7.7881256
47.299048,6.2567686
47.310658,6.4037327
47.322268,7.1131832
47.333878,6.6104103
47.345488,6.4017355
47.357098,6.3102818
47.368707,5.6248289
47.380317,6.4752249
47.391927,5.638658
47.403537,6.5407005
47.415147,7.0508018
47.426757,5.4626447
47.438367,5.8834894
47.449977,6.5266554
47.461587,5.8052883
47.473197,5.6681711
47.484807,6.1149623
47.496417,6.7453828
47.508027,6.7056693
47.519637,6.2878572
47.531247,6.134927
47.542857,6.0891313
47.554467,5.9075347
47.566077,5.6292636
47.577687,5.2703647
47.589297,5.1411422
47.600907,6.1606601
47.612517,6.0215076
47.624127,5.4288805
47.635737,4.7900896
47.647347,4.71015
47.658957,4.0511653
47.670567,5.0807661
47.682177,4.6498178
47.693787,5.8296099
47.705397,5.659148
47.717007,6.3497387
47.728617,5.5397314
47.740227,6.2320194
47.751837,5.5129425
47.763447,5.7618257
47.775057,5.0679472
47.786667,4.8502867
47.798277,5.022189
47.809887,4.5907389
47.821497,4.0146596
47.833107,4.1705086
47.844717,4.1115519
47.856327,3.8620461
47.867937,3.5185451
47.879546,3.8803661
47.891156,3.5173077
47.902766,3.7709349
47.914376,3.1975142
47.925986,2.5483302
47.937596,2.8635812
47.949206,2.728346
47.960816,2.2499007
47.972426,2.1814479
47.984036,2.3893811
47.995646,2.3539272
48.007256,2.3196841
48.018866,2.6600694
48.030476,2.0697921
48.042086,2.3935532
48.053696,2.8354063
48.065306,2.6072921
48.076916,5.0222429
48.088526,5.7486604
48.100136,6.7031162
48.111746,6.2648549
48.123356,6.2475253
48.134966,7.3724681
48.146576,5.9542651
48.158186,6.3473307
48.169796,5.4995322
48.181406,5.1487488
48.193016,5.7319188
48.204626,4.3815337
48.216236,5.4443875
48.227846,3.7031682
48.239456,5.1522883
48.251066,4.4988124
48.262676,4.733268
48.274286,4.6369817
48.285896,4.5513268
48.297506,4.2708299
48.309116,4.2603413
48.320726,4.2821786
48.332336,3.4250587
48.343946,4.4886166
48.355556,3.4998238
48.367166,4.2577997
48.378776,3.7855111
48.390385,3.6443511
48.401995,4.2782551
48.413605,2.4122881
48.425215,3.4812654
48.436825,2.9284483
48.448435,3.5322459
48.460045,6.6046657
48.471655,6.6987972
48.483265,5.5730115
48.494875,6.3123196
48.506485,5.7051913
48.518095,4.6387584
48.529705,4.4028741
48.541315,3.9125458
48.552925,4.4430609
48.564535,4.3374527
48.576145,3.8867113
48.587755,4.6829834
48.599365,4.907555
48.610975,4.2664528
48.622585,3.6661804
48.634195,3.7853514
48.645805,3.4304319
48.657415,3.3444095
48.669025,2.7384804
48.680635,2.7940183
48.692245,3.1346403
48.703855,4.1129513
48.715465,5.5044942
48.727075,5.8664645
48.738685,5.3774741
48.750295,6.1500445
48.761905,5.9541838
48.773515,6.4488448
48.785125,6.1891269
48.796735,6.2681197
48.808345,7.1541583
48.819955,5.8772544
48.831565,6.1913677
48.843175,6.1071536
48.854785,5.63322
48.866395,5.3101245
48.878005,4.7941979
48.889615,4.6780728
48.901224,4.3752326
48.912834,4.2845693
48.924444,3.9897056
48.936054,3.8350197
48.947664,4.008062
48.959274,3.8556047
48.970884,3.9105232
48.982494,3.7903985
48.994104,4.2102213
49.005714,4.0798658
49.017324,4.103729
49.028934,4.2307559
49.040544,3.9992858
49.052154,3.3665511
49.063764,3.3978489
49.075374,3.5389405
49.086984,3.1313205
49.098594,3.0483245
49.110204,2.9068478
49.121814,2.5321793
49.133424,2.3610176
49.145034,3.2566983
49.156644,7.7026225
49.168254,8.8110687
49.179864,8.9194758
49.191474,8.3540267
49.203084,7.6638394
49.214694,9.0023843
49.226304,7.7923058
49.237914,7.0728291
49.249524,6.8594596
49.261134,6.6214027
49.272744,6.4473554
49.284354,6.8259361
49.295964,6.6801288
49.307574,6.0130804
49.319184,6.5763456
49.330794,5.2074837
49.342404,5.7774222
49.354014,5.2991062
49.365624,5.5550267
49.377234,5.4558312
49.388844,4.697863
49.400454,5.7484863
49.412063,4.9565369
49.423673,5.7289929
49.435283,6.9363123
49.446893,7.4095215
49.458503,9.4211059
49.470113,8.6624624
49.481723,7.5817297
49.493333,8.7890675
49.504943,9.8197101
49.516553,10.271618
49.528163,11.414488
49.539773,9.9938646
49.551383,8.9363229
49.562993,9.5542645
49.574603,8.1768672
49.586213,6.763538
49.597823,6.1177106
49.609433,5.6106534
49.621043,5.5121969
49.632653,5.7563737
49.644263,5.6989756
49.655873,5.2384499
49.667483,4.263162
49.679093,4.8299402
49.690703,3.9188423
49.702313,3.7820031
49.713923,4.4529921
49.725533,4.2110427
49.737143,4.2756535
49.748753,3.7854247
49.760363,4.1520064
49.771973,3.6987041
49.783583,3.2229507
49.795193,3.3518616
49.806803,2.9870593
49.818413,3.6150445
49.830023,2.9502178
49.841633,2.3573642
49.853243,2.4064612
49.864853,3.4279363
49.876463,8.6973667
49.888073,10.756777
49.899683,9.8767215
49.911293,10.443056
49.922902,9.8990232
49.934512,9.4446907
49.946122,8.8001792
49.957732,8.2631881
49.969342,6.77569
49.980952,6.4727106
49.992562,6.4709995
50.004172,5.8530852
50.015782,5.6120994
50.027392,5.0694458
50.039002,5.4579512
50.050612,5.8935049
50.062222,5.1152192
50.073832,5.2529425
50.085442,5.820414
50.097052,5.6486791
50.108662,5.4968725
50.120272,5.4788866
50.131882,4.279734
50.143492,4.2231258
50.155102,4.1617811
50.166712,3.4875447
50.178322,3.6198926
50.189932,3.2487801
50.201542,3.696108
50.213152,3.1012544
50.224762,3.3019674
50.236372,3.5744079
50.247982,2.3929707
50.259592,3.0233675
50.271202,3.424431
50.282812,2.6431557
50.294422,2.6849311
50.306032,2.6313786
50.317642,2.3498607
50.329252,8.199849
50.340862,14.863201
50.352472,15.47207
50.364082,14.386944
50.375692,13.568303
50.387302,13.117241
50.398912,12.944621
50.410522,12.691435
50.422132,12.18073
50.433741,11.800479
50.445351,11.242591
50.456961,10.387031
50.468571,9.6133534
50.480181,7.2019418
50.491791,6.0402689
50.503401,5.9450726
50.515011,5.0491221
50.526621,4.6642428
50.538231,4.8469267
50.549841,4.2472171
50.561451,4.8838477
50.573061,5.0070209
50.584671,4.2360407
50.596281,4.0954717
50.607891,4.6824061
50.619501,4.0279119
50.631111,3.9327225
50.642721,3.9885328
50.654331,3.7394985
50.665941,4.0149403
50.677551,4.021312
50.689161,3.9909382
50.700771,4.0546557
50.712381,3.9174962
50.723991,3.5619072
50.735601,4.0368933
50.747211,4.1013661
50.758821,3.903156
50.770431,3.5293511
50.782041,3.4277552
50.793651,3.2019241
50.805261,2.4909152
50.816871,2.6415875
50.828481,2.8807587
50.840091,2.4009301
50.851701,2.207218
50.863311,2.043443
50.874921,1.9244909
50.886531,2.3221141
50.898141,2.5259925
50.909751,2.1854042
50.921361,1.852361
50.932971,2.0552713
50.94458,2.3518755
50.95619,2.0808733
50.9678,2.3635219
50.97941,2.4743132
50.99102,3.0517077
51.00263,3.7007609
51.01424,4.0956449
51.02585,4.1942271
51.03746,4.523203
51.04907,4.2393235
51.06068,4.0701474
51.07229,4.3071325
51.0839,4.1640125
51.09551,3.7206884
51.10712,4.0754553
51.11873,4.0760376
51.13034,3.3945462
51.14195,3.2546701
51.15356,3.8627596
51.16517,3.5171366
51.17678,3.0773133
51.18839,3.550512
51.2,3.3600495
51.21161,3.1971931
51.22322,3.0964281
51.23483,3.4941861
51.24644,3.1609876
51.25805,2.8692388
51.26966,3.035188
51.28127,3.1061417
51.29288,2.9106873
51.30449,3.1638889
51.3161,3.7077223
51.32771,3.8215594
51.33932,3.7705719
51.35093,3.8327178
51.36254,5.1095747
51.37415,4.0310964
51.38576,4.5826691
51.39737,5.0107326
51.40898,4.5456411
51.42059,7.5821079
51.4322,6.2837258
51.44381,6.8349076
51.45542,5.7471983
51.467029,5.1645694
51.478639,6.5238806
51.490249,4.7902157
51.501859,6.8073325
51.513469,6.6117233
51.525079,6.7024705
51.536689,7.4952525
51.548299,5.7479111
51.559909,7.0647044
51.571519,5.4451852
51.583129,6.7970256
51.594739,5.7398452
51.606349,6.4372248
51.617959,5.9897921
51.629569,5.2445243
51.641179,5.6332529
51.652789,5.4714811
51.664399,5.5977016
51.676009,4.7700209
51.687619,5.0594686
51.699229,4.925556
51.710839,4.9204121
51.722449,4.7861013
51.734059,4.092987
51.745669,5.5024922
51.757279,4.9044473
51.768889,5.3343442
51.780499,5.6790343
51.792109,5.4249391
51.803719,6.0433517
51.815329,5.5977789
51.826939,6.4941384
51.838549,6.39708
51.850159,6.537504
51.861769,6.4599542
51.873379,5.9559947
51.884989,6.1409417
51.896599,5.6098003
51.908209,6.7997439
51.919819,8.3222444
51.931429,5.5688199
51.943039,7.1918237
51.954649,5.8379754
51.966259,7.144055
51.977868,6.7179693
51.989478,5.4798138
52.001088,6.2160674
52.012698,5.125642
52.024308,6.7978547
52.035918,5.5036239
52.047528,6.2705083
52.059138,6.3785618
52.070748,7.3409149
52.082358,9.4591547
52.093968,9.0692662
52.105578,8.941019
52.117188,7.88283
52.128798,7.0069907
52.140408,7.3666213
52.152018,6.9116436
52.163628,6.7479985
52.175238,6.5787017
52.186848,6.4692481
52.198458,6.1781696
52.210068,6.2919624
52.221678,6.5665391
52.233288,6.8693801
52.244898,7.5807797
52.256508,7.7076499
52.268118,8.2634439
52.279728,8.4557768
52.291338,8.2236585
52.302948,8.2444601
52.314558,8.255159
52.326168,8.2274268
52.337778,7.7548462
52.349388,7.358536
52.360998,7.0881087
52.372608,6.5431002
52.384218,6.5277293
52.395828,6.2592992
52.407438,6.2754432
52.419048,5.4390103
52.430658,5.9578965
52.442268,5.0715803
52.453878,5.0570205
52.465488,5.7140775
52.477098,4.787912
52.488707,5.1865478
52.500317,5.0651142
52.511927,5.6762951
52.523537,5.1934468
52.535147,5.392032
52.546757,5.4572213
52.558367,5.1092077
52.569977,5.0086503
52.581587,4.3205655
52.593197,4.5462255
52.604807,3.650779
52.616417,3.962061
52.628027,3.9122901
52.639637,3.5494168
52.651247,4.156711
52.662857,3.3454153
52.674467,3.6146787
52.686077,3.5534334
52.697687,3.6577757
52.709297,3.643738
52.720907,3.261814
52.732517,3.3698912
52.744127,2.9321305
52.755737,2.798703
52.767347,2.5231928
52.778957,2.4338047
52.790567,2.8318428
52.802177,2.7639221
52.813787,3.4228944
52.825397,3.8480343
52.837007,3.621215
52.848617,3.8122205
52.860227,3.4413473
52.871837,3.5989969
52.883447,3.2008021
52.895057,3.1970948
52.906667,3.1428175
52.918277,3.1841718
52.929887,2.8942918
52.941497,2.7492789
52.953107,3.1973706
52.964717,6.1556211
52.976327,6.7870497
52.987937,6.3043814
52.999546,6.2002202
53.011156,6.1437028
53.022766,6.0524153
53.034376,5.7636687
53.045986,5.5460474
53.057596,5.3951673
53.069206,5.1876391
53.080816,5.3478617
53.092426,5.1661763
53.104036,4.706602
53.115646,4.4637648
53.127256,5.1310784
53.138866,5.2056118
53.150476,5.3557581
53.162086,5.2721381
53.173696,5.3848268
53.185306,5.2206468
53.196916,4.9884324
53.208526,5.0036324
53.220136,5.0141937
53.231746,5.0582528
53.243356,5.0440089
53.254966,4.7255621
53.266576,4.5617358
53.278186,4.5307157
53.289796,4.4673501
53.301406,4.368681
53.313016,4.2929697
53.324626,3.9983844
53.336236,3.9129822
53.347846,3.8088579
53.359456,4.3424819
53.371066,4.9447727
53.382676,4.0959731
53.394286,4.4631835
53.405896,4.5119957
53.417506,4.5353803
53.429116,5.6316272
53.440726,4.6006654
53.452336,5.4188885
53.463946,5.8915775
53.475556,7.0960128
53.487166,6.0844859
53.498776,6.0613856
53.510385,5.3209593
53.521995,6.3015739
53.533605,4.534461
53.545215,5.6338104
53.556825,4.4664763
53.568435,4.8211184
53.580045,4.3576342
53.591655,4.1903093
53.603265,4.1904052
53.614875,4.1378359
53.626485,4.179838
53.638095,3.8180328
53.649705,4.0451396
53.661315,4.3555867
53.672925,6.0398145
53.684535,7.1888647
53.696145,6.8245102
53.707755,5.5674924
53.719365,5.7374913
53.730975,5.9971735
53.742585,5.2371381
53.754195,5.1448556
53.765805,5.3215557
53.777415,5.251081
53.789025,4.434446
53.800635,4.8030215
53.812245,5.4661451
53.823855,5.0616303
53.835465,4.6780173
53.847075,4.7221045
53.858685,4.7927506
53.870295,5.5129584
53.881905,4.1667537
53.893515,4.3160864
53.905125,4.7618465
53.916735,4.3683049
53.928345,4.5786993
53.939955,4.0602339
53.951565,4.8623948
53.963175,3.8826787
53.974785,3.7979576
53.986395,4.3635799
53.998005,4.3221299
54.009615,5.1687197
54.021224,4.4239568
54.032834,5.2956065
54.044444,5.1153791
54.056054,4.7487297
54.067664,5.6722348
54.079274,4.3334268
54.090884,4.597517
54.102494,4.7695847
54.114104,3.9154862
54.125714,4.7966869
54.137324,3.5764788
54.148934,4.2455302
54.160544,4.6156145
54.172154,5.2034728
54.183764,4.879064
54.195374,5.3208214
54.206984,5.0942231
54.218594,5.0567148
54.230204,4.1481605
54.241814,3.7662199
54.253424,4.2104444
54.265034,4.4836711
54.276644,4.5717086
54.288254,4.4958159
54.299864,4.3153903
54.311474,4.2397007
54.323084,5.9167412
54.334694,6.2394256
54.346304,6.1666091
54.357914,6.1275102
54.369524,5.1857038
54.381134,5.0560125
54.392744,5.0965485
54.404354,5.0884676
54.415964,4.8559059
54.427574,4.7470047
54.439184,4.2772503
54.450794,4.1864495
54.462404,4.1319227
54.474014,4.4275507
54.485624,4.0958453
54.497234,3.6835427
54.508844,3.1358251
54.520454,3.1021046
54.532063,3.2405734
54.543673,3.7556956
54.555283,3.9986276
54.566893,3.9625944
54.578503,4.0885954
54.590113,3.8852101
54.601723,3.9932949
54.613333,3.8226076
54.624943,3.5027976
54.636553,3.7842811
54.648163,3.2905699
54.659773,3.310335
54.671383,3.4092812
54.682993,3.2081708
54.694603,3.418803
54.706213,3.2656708
54.717823,2.9848203
54.729433,3.3228255
54.741043,3.0668436
54.752653,2.803637
54.764263,2.9313121
54.775873,2.7366301
54.787483,3.2620278
54.799093,3.3898668
54.810703,2.9105859
54.822313,3.2612894
54.833923,2.9857989
54.845533,2.9179047
54.857143,3.3263757
54.868753,2.9770457
54.880363,2.9572002
54.891973,2.879895
54.903583,2.6521616
54.915193,2.9108709
54.926803,2.8494486
54.938413,3.2761449
54.950023,2.8862392
54.961633,3.0243153
54.973243,2.6543391
54.984853,2.4944583
54.996463,2.2527313
55.008073,2.2970129
55.019683,3.1229053
55.031293,3.1637427
55.042902,3.5112664
55.054512,2.8413495
55.066122,2.9092366
55.077732,2.9977235
55.089342,3.0491437
55.100952,3.2058242
55.112562,2.86672
55.124172,2.4763855
55.135782,2.5778044
55.147392,2.8875297
55.159002,3.0514294
55.170612,3.4909196
55.182222,4.7503724
55.193832,5.7222699
55.205442,5.9170036
55.217052,5.5655868
55.228662,5.227813
55.240272,4.9247557
55.251882,4.9085029
55.263492,4.9186257
55.275102,4.7755935
55.286712,4.6451553
55.298322,4.4161376
55.309932,4.0389061
55.321542,3.9739441
55.333152,4.0730206
55.344762,4.1959891
55.356372,3.8950656
55.367982,3.6930145
55.379592,3.5918722
55.391202,3.4041728
55.402812,3.2992785
55.414422,2.8177499
55.426032,2.1386998
55.437642,1.5901209
55.449252,2.7884206
55.460862,3.6090634
55.472472,3.6453101
55.484082,2.7506458
55.495692,3.1920937
55.507302,5.009125
55.518912,4.9499012
55.530522,3.8799013
55.542132,4.1010158
55.553741,4.3016901
55.565351,5.0905891
55.576961,5.9571914
55.588571,5.3517881
55.600181,4.862538
55.611791,5.0575164
55.623401,4.3535085
55.635011,4.5763281
55.646621,4.7034109
55.658231,3.7797831
55.669841,3.6735113
55.681451,4.0228576
55.693061,3.7504663
55.704671,3.665884
55.716281,3.6612141
55.727891,3.4356474
55.739501,2.4232789
55.751111,3.1966493
55.762721,3.0106723
55.774331,2.1279274
55.785941,2.3979294
55.797551,2.0259545
55.809161,2.3433915
55.820771,2.3994604
55.832381,1.9082151
55.843991,2.6771342
55.855601,2.4989159
55.867211,1.8799803
55.878821,2.4825434
55.890431,3.2271146
55.902041,4.3511907
55.913651,4.6166617
55.925261,4.7141153
55.936871,3.8392351
55.948481,4.095196
55.960091,4.161275
55.971701,3.8937026
55.983311,3.9183956
55.994921,3.8391673
56.006531,3.856712
56.018141,3.8533414
56.029751,3.8316366
56.041361,3.9286032
56.052971,3.6163745
56.06458,3.2174419
56.07619,3.6704725
56.0878,5.5116346
56.09941,4.4573216
56.11102,4.3899797
56.12263,5.0280086
56.13424,3.9502692
56.14585,3.9398088
56.15746,4.5736611
56.16907,3.8701061
56.18068,3.6502279
56.19229,3.790157
56.2039,3.4815622
56.21551,3.3254444
56.22712,2.8841408
56.23873,2.5668831
56.25034,3.6995273
56.26195,3.2355267
56.27356,3.2284262
56.28517,3.7306173
56.29678,3.7927382
56.30839,3.5152942
56.32,3.6340811
56.33161,3.6402744
56.34322,3.5743521
56.35483,3.5112492
56.36644,3.6295063
56.37805,3.5919695
56.38966,3.5430054
56.40127,3.1732378
56.41288,2.8593758
56.42449,3.03841
56.4361,3.275975
56.44771,2.6764808
56.45932,2.468211
56.47093,2.5076713
56.48254,2.5300847
56.49415,2.7648481
56.50576,2.6902147
56.51737,2.5924833
56.52898,2.6613711
56.54059,2.5609755
56.5522,2.4033367
56.56381,2.6833677
56.57542,3.573886
56.587029,4.6296579
56.598639,4.5000452
56.610249,4.4297322
56.621859,4.3057835
56.633469,3.5217403
56.645079,3.4894703
56.656689,3.2888714
56.668299,2.982803
56.679909,2.7242779
56.691519,2.6516051
56.703129,2.9247843
56.714739,2.7580069
56.726349,2.2314538
56.737959,2.6448819
56.749569,2.6797562
56.761179,2.5110383
56.772789,2.3561655
56.784399,2.4226879
56.796009,2.1990253
56.807619,1.6940599
56.819229,2.1241557
56.830839,1.9289915
56.842449,1.4940137
56.854059,1.688576
56.865669,2.1251802
56.877279,2.0377513
56.888889,2.0238689
56.900499,2.2239331
56.912109,3.4078409
56.923719,4.0541951
56.935329,3.9305167
56.946939,4.4222945
56.958549,4.8126122
56.970159,3.6754394
56.981769,3.6579462
56.993379,3.5822353
57.004989,3.2886276
57.016599,3.5951155
57.028209,2.9927575
57.039819,3.1263129
57.051429,3.3054143
57.063039,2.857861
57.074649,3.1332892
57.086259,2.7367428
57.097868,2.8240227
57.109478,2.5615372
57.121088,2.6557322
57.132698,2.3913308
57.144308,2.3900374
57.155918,2.4235427
57.167528,3.2837795
57.179138,4.1186535
57.190748,3.8865416
57.202358,4.1985949
57.213968,3.4653679
57.225578,2.6813307
57.237188,3.3846776
57.248798,3.3769882
57.260408,3.6628771
57.272018,3.2813715
57.283628,3.7224336
57.295238,4.2130593
57.306848,5.5797436
57.318458,6.6791496
57.330068,6.5483923
57.341678,5.9517021
57.353288,5.8066685
57.364898,5.5662323
57.376508,5.2747737
57.388118,5.0751951
57.399728,5.1622178
57.411338,5.0513784
57.422948,4.7863903
57.434558,5.1793554
57.446168,5.20767
57.457778,5.1009005
57.469388,5.3383699
57.480998,5.3026974
57.492608,5.3934161
57.504218,5.6118469
57.515828,5.2597246
57.527438,5.1483879
57.539048,5.2090737
57.550658,5.2684911
57.562268,5.1315942
57.573878,4.7695621
57.585488,4.9882526
57.597098,4.8172857
57.608707,4.9037865
57.620317,4.9244055
57.631927,4.7876782
57.643537,5.0369245
57.655147,5.0592934
57.666757,5.075652
57.678367,6.1372917
57.689977,5.6135914
57.701587,7.287388
57.713197,6.6806429
57.724807,6.1625333
57.736417,7.2049991
57.748027,5.9280385
57.759637,6.4710126
57.771247,5.5567805
57.782857,5.932957
57.794467,6.0126561
57.806077,5.35679
57.817687,6.2956995
57.829297,7.0870962
57.840907,7.4098494
57.852517,5.7869665
57.864127,5.9145004
57.875737,6.1429574
57.887347,5.902734
57.898957,5.0817366
57.910567,5.4408872
57.922177,5.4090917
57.933787,4.638997
57.945397,4.6239671
57.957007,3.4655761
57.968617,3.393972
57.980227,4.0692221
57.991837,5.4091445
58.003447,5.8362543
58.015057,5.9556184
58.026667,6.0574715
58.038277,5.7721651
58.049887,4.8172745
58.061497,4.5743052
58.073107,4.3182594
58.084717,3.9995863
58.096327,3.9217172
58.107937,3.7393074
58.119546,3.5351347
58.131156,3.3662519
58.142766,3.1113425
58.154376,3.3047355
58.165986,3.0719919
58.177596,3.2670954
58.189206,2.9352255
58.200816,2.951389
58.212426,2.6889862
58.224036,3.1628449
58.235646,2.604491
58.247256,2.884452
58.258866,2.581058
58.270476,2.1531848
58.282086,2.1611461
58.293696,1.8258873
58.305306,1.8292282
58.316916,1.9694277
58.328526,2.0417688
58.340136,1.9528105
58.351746,1.7368983
58.363356,4.6283542
58.374966,5.7152609
58.386576,6.2439173
58.398186,5.6388907
58.409796,5.2838528
58.421406,5.3470428
58.433016,4.612338
58.444626,4.0900631
58.456236,4.151359
58.467846,3.4787444
58.479456,3.3886349
58.491066,3.0607596
58.502676,3.134079
58.514286,2.7145941
58.525896,2.7179767
58.537506,2.5707947
58.549116,2.3235931
58.560726,2.2651033
58.572336,2.4745249
58.583946,2.6454332
58.595556,2.2163909
58.607166,2.3744465
58.618776,2.351531
58.630385,2.1371774
58.641995,2.2297865
58.653605,1.8282594
58.665215,1.5129622
58.676825,1.47591
58.688435,1.3146016
58.700045,1.3403866
58.711655,2.3015236
58.723265,4.0833209
58.734875,5.5389632
58.746485,5.7134318
58.758095,5.8967813
58.769705,5.6526312
58.781315,5.5589347
58.792925,5.9057165
58.804535,4.8881446
58.816145,4.1226067
58.827755,4.5323177
58.839365,4.7661693
58.850975,4.6416054
58.862585,4.1827102
58.874195,5.1508388
58.885805,5.9253386
58.897415,5.5179607
58.909025,4.5441375
58.920635,5.5709009
58.932245,5.7848344
58.943855,5.8491351
58.955465,5.3949401
58.967075,5.4693503
58.978685,4.7721129
58.990295,3.2609002
59.001905,3.3712875
59.013515,3.2084653
59.025125,3.4155103
59.036735,7.8801178
59.048345,9.4660476
59.059955,9.3638364
59.071565,8.5104001
59.083175,7.8395167
59.094785,7.9012209
59.106395,8.3281648
59.118005,7.7753958
59.129615,6.0705577
59.141224,4.6165793
59.152834,4.224213
59.164444,3.5950241
59.176054,3.8396095
59.187664,3.7547244
59.199274,3.0109684
59.210884,2.919002
59.222494,2.8951389
59.234104,3.4216802
59.245714,2.9143927
59.257324,2.3351676
59.268934,2.4301233
59.280544,2.1402411
59.292154,2.7014719
59.303764,2.7246608
59.315374,2.5595179
59.326984,2.5406136
59.338594,2.4239341
59.350204,2.3338981
59.361814,2.5688549
59.373424,2.6372228
59.385034,2.6519569
59.396644,2.6150763
59.408254,2.6106432
59.419864,2.3417737
59.431474,2.2983709
59.443084,2.3988775
59.454694,2.108656
59.466304,1.881398
59.477914,1.8270512
59.489524,1.8629215
59.501134,1.6563438
59.512744,1.5564895
59.524354,2.1687895
59.535964,2.4218229
59.547574,1.9522109
59.559184,2.1554115
59.570794,2.3756107
59.582404,2.242583
59.594014,2.3202805
59.605624,2.5410529
59.617234,2.0015704
59.628844,1.848672
59.640454,2.3715096
59.652063,2.403897
59.663673,1.8505871
59.675283,2.2137799
59.686893,2.2604952
59.698503,1.9322571
59.710113,1.8258035
59.721723,2.2277801
59.733333,2.1744454
59.744943,2.0209121
59.756553,1.8713466
59.768163,1.9852133
59.779773,1.7318248
59.791383,1.6712998
59.802993,1.7638484
59.814603,1.8731063
59.826213,1.6957565
59.837823,1.7152511
59.849433,1.8780249
59.861043,2.0391723
59.872653,2.2859753
59.884263,2.1557733
59.895873,2.2805537
59.907483,2.0939568
59.919093,2.6170837
59.930703,2.3333599
59.942313,3.5382218
59.953923,2.6580115
59.965533,3.5037183
59.977143,2.8827311
59.988753,2.4280066
60.000363,2.2070837
60.011973,3.240141
60.023583,3.0239258
60.035193,3.1152929
60.046803,3.331095
60.058413,2.9984644
60.070023,3.7424066
60.081633,2.6562652
60.093243,3.4452286
60.104853,2.4517201
60.116463,3.0979898
60.128073,2.5368998
60.139683,2.7707261
60.151293,2.9389029
60.162902,2.6542234
60.174512,2.7342052
60.186122,1.9404681
60.197732,2.3265134
60.209342,2.4279963
60.220952,2.5435407
60.232562,2.2033072
60.244172,2.5817512
60.255782,2.4941854
60.267392,2.2341057
60.279002,2.1516649
60.290612,2.142662
60.302222,1.8549566
60.313832,1.938135
60.325442,1.8577347
60.337052,1.8263637
60.348662,1.768718
60.360272,2.2665355
60.371882,2.5149535
60.383492,2.1815658
60.395102,2.297721
60.406712,2.7126276
60.418322,2.7445331
60.429932,3.1000322
60.441542,3.3433849
60.453152,3.5525087
60.464762,3.5580984
60.476372,3.496447
60.487982,3.545196
60.499592,3.3595164
60.511202,3.2106102
60.522812,3.146391
60.534422,3.657955
60.546032,2.9375509
60.557642,3.7304604
60.569252,3.2229914
60.580862,2.8067824
60.592472,3.648045
60.604082,2.5364445
60.615692,3.4454437
60.627302,2.0307399
60.638912,3.4884349
60.650522,2.7239071
60.662132,3.4754742
60.673741,3.3032882
60.685351,3.0996102
60.696961,3.9807414
60.708571,4.1558266
60.720181,4.5065215
60.731791,4.3825431
60.743401,4.172982
60.755011,3.8580839
60.766621,4.1167536
60.778231,4.0491358
60.789841,3.9113106
60.801451,3.9278288
60.813061,3.5101959
60.824671,3.3453695
60.836281,3.3258877
60.847891,3.5376894
60.859501,3.8479921
60.871111,3.5201509
60.882721,3.7925975
60.894331,3.9155666
60.905941,4.111984
60.917551,4.3100784
60.929161,4.023093
60.940771,3.920594
60.952381,3.3849042
60.963991,2.7882896
60.975601,2.1481758
60.987211,1.5595226
60.998821,1.3399181
61.010431,1.4914771
61.022041,1.661463
61.033651,1.5857221
61.045261,2.2926109
61.056871,2.4598424
61.068481,2.2807961
61.080091,2.2246799
61.091701,2.3003955
61.103311,2.3639158
61.114921,2.2885187
61.126531,2.0895198
61.138141,2.2157314
61.149751,1.7780026
61.161361,2.0293012
61.172971,1.8924646
61.18458,2.1757616
61.19619,1.9538348
61.2078,2.2126014
61.21941,2.051218
61.23102,1.972423
61.24263,2.0805169
61.25424,1.9282784
61.26585,1.8401931
61.27746,1.5263553
61.28907,1.7884717
61.30068,1.652008
61.31229,1.5739289
61.3239,1.4956626
61.33551,1.5986203
61.34712,1.4354631
61.35873,1.4729428
61.37034,1.5387742
61.38195,1.4485567
61.39356,1.399302
61.40517,1.2886237
61.41678,1.3016877
61.42839,1.1932618
61.44,1.7815678
61.45161,1.8287885
61.46322,1.9960034
61.47483,2.0645705
61.48644,2.1731024
61.49805,2.1562074
61.50966,1.9769293
61.52127,1.8352416
61.53288,1.7074219
61.54449,1.6656982
61.5561,1.7481498
61.56771,1.847241
61.57932,1.6799581
61.59093,1.731328
61.60254,3.1852833
61.61415,3.946488
61.62576,3.6976978
61.63737,3.5855141
61.64898,3.3286304
61.66059,3.3028416
61.6722,3.0797308
61.68381,2.8318113
61.69542,2.7047778
61.707029,2.3662758
61.718639,1.7955994
61.730249,1.6329039
61.741859,1.8069216
61.753469,2.2268337
61.765079,2.4213254
61.776689,2.672857
61.788299,2.7162431
61.799909,3.0321865
61.811519,2.8308332
61.823129,2.8152238
61.834739,2.8264938
61.846349,2.7970551
61.857959,2.9773529
61.869569,2.9224138
61.881179,2.6458746
61.892789,2.5384478
61.904399,2.4583214
61.916009,2.4643946
61.927619,2.6048227
61.939229,2.5538916
61.950839,2.4124431
61.962449,2.2642633
61.974059,2.1283101
61.985669,2.1128478
61.997279,1.9418044
62.008889,2.0130123
62.020499,2.2309383
62.032109,2.4027972
62.043719,1.9410016
62.055329,1.6694288
62.066939,1.9613313
62.078549,2.5309699
62.090159,2.0692892
62.101769,2.3571893
62.113379,2.3883016
62.124989,2.6258761
62.136599,2.2906012
62.148209,3.2806876
62.159819,2.044481
62.171429,2.9332499
62.183039,1.9628767
62.194649,2.706972
62.206259,1.8669244
62.217868,1.9724741
62.229478,1.8006344
62.241088,1.8220618
62.252698,1.8470504
62.264308,1.7621556
62.275918,1.7082373
62.287528,1.7369544
62.299138,2.5074469
62.310748,4.0707246
62.322358,4.0474253
62.333968,3.4571011
62.345578,3.1361291
62.357188,3.4429177
62.368798,3.1349143
62.380408,2.7472685
62.392018,3.0415302
62.403628,2.9094369
62.415238,2.2555699
62.426848,2.714639
62.438458,2.4631648
62.450068,2.1873495
62.461678,2.8701294
62.473288,1.8119697
62.484898,2.0627749
62.496508,2.6663092
62.508118,2.286263
62.519728,2.2965845
62.531338,2.5895148
62.542948,2.25546
62.554558,2.2987743
62.566168,2.0200511
62.577778,2.5777897
62.589388,2.0066659
62.600998,1.9712532
62.612608,2.544524
62.624218,2.4168912
62.635828,2.2552368
62.647438,2.4878597
62.659048,3.4119651
62.670658,2.7226732
62.682268,3.1960967
62.693878,3.3591943
62.705488,2.0844756
62.717098,3.0766104
62.728707,2.5460206
62.740317,2.8048009
62.751927,2.8374178
62.763537,2.2237805
62.775147,2.6993061
62.786757,2.3836512
62.798367,3.0101899
62.809977,2.7973122
62.821587,2.6161665
62.833197,2.5205041
62.844807,2.4802824
62.856417,2.5721838
62.868027,2.132914
62.879637,1.9412657
62.891247,2.0160597
62.902857,2.099241
62.914467,2.1544444
62.926077,2.0985642
62.937687,2.2014955
62.949297,3.3947142
62.960907,3.6864833
62.972517,3.5600374
62.984127,3.5603024
62.995737,3.1245765
63.007347,3.0165458
63.018957,3.0305864
63.030567,2.9992767
63.042177,2.9334084
63.053787,2.9605274
63.065397,2.8349708
63.077007,2.6846568
63.088617,2.6462359
63.100227,2.860018
63.111837,2.9024039
63.123447,2.4689199
63.135057,1.8963281
63.146667,1.86114
63.158277,1.9335533
63.169887,2.2391534
63.181497,2.4185221
63.193107,2.2716204
63.204717,2.5867651
63.216327,2.4357258
63.227937,2.5865169
63.239546,2.718446
63.251156,2.4777137
63.262766,2.5227037
63.274376,2.4531493
63.285986,2.1640719
63.297596,2.3225183
63.309206,2.2026083
63.320816,2.1675785
63.332426,2.2752613
63.344036,2.0542788
63.355646,1.9745707
63.367256,1.8283711
63.378866,1.738719
63.390476,1.7534175
63.402086,1.6442952
63.413696,1.5166044
63.425306,1.6743331
63.436916,1.5852352
63.448526,1.596359
63.460136,1.774114
63.471746,1.5728395
63.483356,1.7285905
63.494966,1.6309805
63.506576,1.3886947
63.518186,1.657974
63.529796,1.3468723
63.541406,1.5487994
63.553016,1.4368899
63.564626,1.5444378
63.576236,1.7604194
63.587846,2.2814865
63.599456,2.3783912
63.611066,2.1422862
63.622676,1.9554496
63.634286,1.8589377
63.645896,1.9051496
63.657506,1.9832255
63.669116,2.1309481
63.680726,2.2061268
63.692336,2.0383316
63.703946,2.040126
63.715556,1.7452088
63.727166,1.8223391
63.738776,1.8524646
63.750385,1.8633115
63.761995,1.8405311
63.773605,1.7046623
63.785215,1.7275293
63.796825,1.7472712
63.808435,1.6440053
63.820045,1.7382676
63.831655,1.8754964
63.843265,2.0046705
63.854875,2.228628
63.866485,2.9693183
63.878095,3.5744758
63.889705,3.589604
63.901315,3.3428158
63.912925,3.3999224
63.924535,3.049384
63.936145,2.8925056
63.947755,2.9941012
63.959365,3.0087195
63.970975,2.9240351
63.982585,2.7557728
63.994195,2.4680087
64.005805,2.5943482
64.017415,2.6897977
64.029025,2.6952539
64.040635,2.614518
64.052245,2.4841719
64.063855,2.4134995
64.075465,2.0247297
64.087075,1.5883066
64.098685,1.4148126
64.110295,1.3609572
64.121905,1.455291
64.133515,3.2248382
64.145125,3.4531363
64.156735,2.773231
64.168345,2.2022307
64.179955,2.1797528
64.191565,4.0853968
64.203175,4.4068085
64.214785,3.5681298
64.226395,3.3410467
64.238005,2.7364288
64.249615,3.0356029
64.261224,3.778935
64.272834,2.5513868
64.284444,3.5077997
64.296054,3.3061917
64.307664,2.4721157
64.319274,2.7392604
64.330884,2.956037
64.342494,2.5522962
64.354104,2.8699567
64.365714,2.6789582
64.377324,2.2818045
64.388934,2.2112458
64.400544,2.161815
64.412154,1.9460671
64.423764,2.654622
64.435374,1.9596146
64.446984,2.5916538
64.458594,2.060837
64.470204,1.9757098
64.481814,2.0808028
64.493424,1.6836395
64.505034,1.8619342
64.516644,2.1027109
64.528254,1.6042306
64.539864,1.8168832
64.551474,1.5313115
64.563084,1.4731243
64.574694,1.7637198
64.586304,2.0721967
64.597914,3.6304556
64.609524,3.3129946
64.621134,3.4397669
64.632744,3.167953
64.644354,3.3583438
64.655964,3.1748708
64.667574,2.7968051
64.679184,3.2560311
64.690794,2.9732892
64.702404,2.7697952
64.714014,3.149974
64.725624,2.7325245
64.737234,2.6115055
64.748844,2.8870846
64.760454,1.9452364
64.772063,3.2129764
64.783673,4.5172268
64.795283,3.9187282
64.806893,3.7833991
64.818503,4.3381659
64.830113,3.4999769
64.841723,3.243374
64.853333,3.8279101
64.864943,3.0946096
64.876553,3.1561212
64.888163,3.2875834
64.899773,2.2234785
64.911383,2.4478586
64.922993,2.3441974
64.934603,2.341214
64.946213,2.6559057
64.957823,2.8209384
64.969433,2.9992273
64.981043,3.4789529
64.992653,3.4945014
65.004263,3.3826332
65.015873,3.2988911
65.027483,3.3728751
65.039093,3.2475065
65.050703,3.1832946
65.062313,3.1245833
65.073923,2.7595511
65.085533,2.8647816
65.097143,3.0048745
65.108753,2.3807637
65.120363,2.7596355
65.131973,2.6338684
65.143583,2.4244116
65.155193,2.3207321
65.166803,1.8342607
65.178413,1.9001692
65.190023,2.0773582
65.201633,2.0526295
65.213243,2.2086286
65.224853,2.1441653
65.236463,2.1951524
65.248073,1.9777346
65.259683,2.0596758
65.271293,2.5381712
65.282902,3.4565124
65.294512,4.232196
65.306122,4.0173629
65.317732,3.8264349
65.329342,3.6160854
65.340952,3.1999372
65.352562,2.6468697
65.364172,3.0128835
65.375782,2.726372
65.387392,2.8056336
65.399002,2.9954596
65.410612,2.8870318
65.422222,2.73218
65.433832,2.6101592
65.445442,2.9742607
65.457052,3.1337602
65.468662,2.7351159
65.480272,2.1855988
65.491882,2.4566226
65.503492,2.6062347
65.515102,2.3494758
65.526712,2.1864358
65.538322,2.2256887
65.549932,2.1730392
65.561542,2.2235905
65.573152,2.5558283
65.584762,2.7116249
65.596372,1.9574842
65.607982,2.4054792
65.619592,3.6756069
65.631202,4.4647913
65.642812,4.1087365
65.654422,4.208985
65.666032,4.4424111
65.677642,4.2198263
65.689252,3.9360937
65.700862,4.3080935
65.712472,3.8663988
65.724082,3.8354623
65.735692,3.6450893
65.747302,4.36467
65.758912,3.4672086
65.770522,3.6680217
65.782132,3.9408402
65.793741,3.1654201
65.805351,4.1421681
65.816961,2.8004393
65.828571,3.2287456
65.840181,3.2843473
65.851791,3.5311818
65.863401,3.1416237
65.875011,4.6143156
65.886621,4.7779535
65.898231,4.3579372
65.909841,4.9297317
65.921451,4.2510172
65.933061,4.0957835
65.944671,4.6619402
65.956281,4.0137436
65.967891,5.2012981
65.979501,3.7025063
65.991111,4.6537561
66.002721,5.8674109
66.014331,7.3923719
66.025941,8.1005372
66.037551,7.7104849
66.049161,7.4906014
66.060771,6.9581601
66.072381,6.601192
66.083991,6.4382621
66.095601,6.1741689
66.107211,5.9298365
66.118821,5.5867439
66.130431,5.6608146
66.142041,5.7491107
66.153651,5.9385633
66.165261,5.8658522
66.176871,6.1661
66.188481,6.1774227
66.200091,6.2557466
66.211701,6.1042875
66.223311,5.8929195
66.234921,5.8646259
66.246531,6.0073891
66.258141,5.8881882
66.269751,5.7787012
66.281361,5.8799723
66.292971,5.5887927
66.30458,5.5318717
66.31619,5.6209839
66.3278,5.5962591
66.33941,5.4863266
66.35102,5.5539369
66.36263,5.6479619
66.37424,5.371399
66.38585,5.231819
66.39746,6.5117237
66.40907,6.0942842
66.42068,5.7118214
66.43229,6.419105
66.4439,5.4236967
66.45551,6.1436465
66.46712,5.2073989
66.47873,5.405685
66.49034,5.279752
66.50195,4.5362135
66.51356,5.2696991
66.52517,4.8508991
66.53678,5.3898474
66.54839,5.0788132
66.56,6.048197
66.57161,5.953258
66.58322,5.235204
66.59483,4.559572
66.60644,5.6269459
66.61805,5.1250056
66.62966,4.106187
66.64127,4.5591827
66.65288,3.8366866
66.66449,2.920816
66.6761,4.8459784
66.68771,8.2977936
66.69932,8.3736527
66.71093,10.514841
66.72254,8.9691775
66.73415,7.3814837
66.74576,7.3061008
66.75737,5.451423
66.76898,6.4060939
66.78059,5.0859005
66.7922,4.5044118
66.80381,4.8680457
66.81542,4.3552572
66.827029,4.7972749
66.838639,4.3375948
66.850249,3.813414
66.861859,3.5257535
66.873469,3.2750225
66.885079,3.5623019
66.896689,3.4310585
66.908299,3.343931
66.919909,2.9999573
66.931519,3.8301561
66.943129,3.1148018
66.954739,2.9604579
66.966349,3.3722322
66.977959,2.3845444
66.989569,2.9275672
67.001179,2.4090748
67.012789,2.8547743
67.024399,2.0754631
67.036009,2.4625453
67.047619,4.7832868
67.059229,5.4046704
67.070839,6.6514169
67.082449,6.7764025
67.094059,5.2662625
67.105669,6.1272438
67.117279,5.194783
67.128889,4.7441521
67.140499,4.9879705
67.152109,3.6154976
67.163719,3.4651659
67.175329,3.4197073
67.186939,3.1679216
67.198549,3.1261164
67.210159,2.9608087
67.221769,2.9078785
67.233379,2.5709384
67.244989,2.3328271
67.256599,2.5907122
67.268209,2.2579385
67.279819,2.3666615
67.291429,2.5546605
67.303039,2.4847316
67.314649,2.2149488
67.326259,2.3508675
67.337868,2.1952624
67.349478,1.7168361
67.361088,1.5130297
67.372698,1.5409246
67.384308,1.4297569
67.395918,4.8776294
67.407528,5.218579
67.419138,8.3207732
67.430748,7.901196
67.442358,7.7408341
67.453968,7.3480498
67.465578,6.9620949
67.477188,7.1145585
67.488798,7.2707535
67.500408,7.0280225
67.512018,5.9260353
67.523628,6.092305
67.535238,7.1694698
67.546848,7.4067203
67.558458,5.7916669
67.570068,6.0316282
67.581678,6.0785608
67.593288,6.6385732
67.604898,5.8504572
67.616508,6.019713
67.628118,5.7998649
67.639728,5.8088202
67.651338,6.1412013
67.662948,7.2429924
67.674558,6.7142558
67.686168,6.9249696
67.697778,6.6143712
67.709388,5.8771296
67.720998,4.5762124
67.732608,4.1752965
67.744218,11.121903
67.755828,13.928047
67.767438,13.914165
67.779048,12.34378
67.790658,11.535483
67.802268,11.632312
67.813878,11.682718
67.825488,10.610306
67.837098,10.524468
67.848707,10.657724
67.860317,10.210557
67.871927,8.4402613
67.883537,6.0265653
67.895147,5.9164167
67.906757,5.6526417
67.918367,5.3383109
67.929977,5.5427501
67.941587,5.3132718
67.953197,5.4723306
67.964807,4.2492999
67.976417,4.8679593
67.988027,4.6179481
67.999637,4.5451868
68.011247,4.4514275
68.022857,4.4443694
68.034467,4.2813422
68.046077,3.8034717
68.057687,3.6475344
68.069297,3.3893538
68.080907,3.6463006
68.092517,3.7856567
68.104127,3.9302173
68.115737,4.1989153
68.127347,3.536026
68.138957,3.5922987
68.150567,3.9680257
68.162177,3.9318996
68.173787,3.6599869
68.185397,3.3253352
68.197007,3.5602136
68.208617,2.9780594
68.220227,2.4768854
68.231837,3.1237248
68.243447,2.4433147
68.255057,2.0961112
68.266667,2.2887623
68.278277,1.8648687
68.289887,2.1220917
68.301497,2.4214137
68.313107,4.7458432
68.324717,4.9547343
68.336327,4.9836904
68.347937,5.9057257
68.359546,5.1516979
68.371156,5.1674053
68.382766,5.3253751
68.394376,5.4111869
68.405986,5.1938106
68.417596,4.8476314
68.429206,4.7585405
68.440816,5.2259625
68.452426,4.9229842
68.464036,5.031982
68.475646,4.7264193
68.487256,5.1696216
68.498866,5.1431071
68.510476,4.966659
68.522086,4.5850247
68.533696,3.9790882
68.545306,4.8607423
68.556916,4.0741713
68.568526,4.8193981
68.580136,4.5854139
68.591746,4.7227325
68.603356,4.4225406
68.614966,4.402311
68.626576,4.8027599
68.638186,4.2709228
68.649796,4.6827524
68.661406,5.4570996
68.673016,5.7623661
68.684626,5.4361018
68.696236,5.208576
68.707846,4.9594916
68.719456,5.0232972
68.731066,5.3116754
68.742676,4.6781059
68.754286,4.8626633
68.765896,4.739287
68.777506,4.6891843
68.789116,4.9150339
68.800726,4.4461863
68.812336,4.8973617
68.823946,4.6504454
68.835556,5.6202639
68.847166,5.9700662
68.858776,5.672673
68.870385,5.3285613
68.881995,5.6706047
68.893605,5.4527281
68.905215,4.7308425
68.916825,5.2697253
68.928435,5.277084
68.940045,4.8570823
68.951655,4.8028796
68.963265,4.6185078
68.974875,4.672122
68.986485,4.8869414
68.998095,4.7719703
69.009705,4.8105537
69.021315,5.4397733
69.032925,5.3097541
69.044535,4.8649384
69.056145,4.7968213
69.067755,4.7406222
69.079365,4.7997651
69.090975,4.6918532
69.102585,4.6033398
69.114195,4.5678767
69.125805,4.6272937
69.137415,4.4888475
69.149025,5.0398782
69.160635,5.9393644
69.172245,6.2843848
69.183855,5.7017949
69.195465,5.8803009
69.207075,5.6854515
69.218685,5.610777
69.230295,4.7988575
69.241905,5.1188022
69.253515,5.6970894
69.265125,5.6493378
69.276735,5.699368
69.288345,5.5474671
69.299955,5.5398183
69.311565,6.3498906
69.323175,8.5897555
69.334785,8.7971361
69.346395,8.4442498
69.358005,7.6502684
69.369615,6.9413556
69.381224,6.728503
69.392834,7.0280546
69.404444,6.6438189
69.416054,6.3968235
69.427664,5.9820668
69.439274,5.6090859
69.450884,5.6273983
69.462494,5.9549552
69.474104,7.0635284
69.485714,8.8942078
69.497324,8.2652288
69.508934,9.9503502
69.520544,8.7970147
69.532154,8.9847366
69.543764,8.2768146
69.555374,8.0733911
69.566984,7.897896
69.578594,7.8641661
69.590204,7.2228857
69.601814,6.5995208
69.613424,6.663219
69.625034,5.9365688
69.636644,6.2172407
69.648254,6.7847429
69.659864,8.0788254
69.671474,6.6289347
69.683084,7.7117577
69.694694,5.1558988
69.706304,5.8081431
69.717914,5.4416599
69.729524,5.4683004
69.741134,5.2620499
69.752744,5.8088936
69.764354,3.9818473
69.775964,5.6457891
69.787574,4.0674481
69.799184,5.597851
69.810794,4.9946719
69.822404,5.7540745
69.834014,5.2934997
69.845624,6.5501008
69.857234,6.4755674
69.868844,6.7316417
69.880454,6.2202752
69.892063,6.1429389
69.903673,6.4329943
69.915283,6.4364368
69.926893,5.3728546
69.938503,6.1742706
69.950113,5.313381
69.961723,6.2117686
69.973333,6.3939337
69.984943,7.177753
69.996553,6.7849349
70.008163,6.9313146
70.019773,6.3889965
70.031383,7.0498179
70.042993,6.9829427
70.054603,7.0573787
70.066213,6.4696059
70.077823,7.0263583
70.089433,6.765907
70.101043,6.7047366
70.112653,6.5576824
70.124263,6.0983401
70.135873,5.7678097
70.147483,6.1114904
70.159093,6.847664
70.170703,7.9484704
70.182313,8.5067079
70.193923,7.915235
70.205533,7.3156641
70.217143,6.8733977
70.228753,6.8709126
70.240363,7.0359358
70.251973,7.0227976
70.263583,6.5989403
70.275193,6.0824011
70.286803,5.8361796
70.298413,6.0462929
70.310023,6.6221121
70.321633,5.8133514
70.333243,5.954687
70.344853,6.8528839
70.356463,6.4632113
70.368073,5.5135872
70.379683,6.1328835
70.391293,6.0079229
70.402902,5.8566065
70.414512,5.6886625
70.426122,5.4384055
70.437732,5.2446161
70.449342,5.5838881
70.460952,5.4367231
70.472562,4.7083351
70.484172,5.048676
70.495782,5.1412996
70.507392,5.4304509
70.519002,5.2071976
70.530612,5.8015392
70.542222,5.316498
70.553832,4.8810014
70.565442,3.9755654
70.577052,4.1969931
70.588662,4.8688163
70.600272,5.1039538
70.611882,4.976516
70.623492,4.9040568
70.635102,4.9803116
70.646712,4.9983135
70.658322,4.9153805
70.669932,5.1208638
70.681542,5.2096952
70.693152,4.8448496
70.704762,4.6703315
70.716372,4.6944152
70.727982,4.6432198
70.739592,4.8309124
70.751202,4.8553951
70.762812,4.6440803
70.774422,4.4649026
70.786032,4.1349965
70.797642,4.0161714
70.809252,3.7951019
70.820862,5.31082
70.832472,6.4864248
70.844082,5.6728656
70.855692,5.7222196
70.867302,5.5281037
70.878912,4.8108931
70.890522,5.2965256
70.902132,5.0444764
70.913741,4.8226981
70.925351,5.0782554
70.936961,4.6699487
70.948571,4.422475
70.960181,4.8221998
70.971791,4.4641145
70.983401,3.7024032
70.995011,3.6929101
71.006621,6.3141218
71.018231,6.7873923
71.029841,5.948786
71.041451,6.6731756
71.053061,5.6576084
71.064671,5.1645791
71.076281,6.1035879
71.087891,5.2624399
71.099501,5.0120928
71.111111,6.0628507
71.122721,4.430782
71.134331,4.2347525
71.145941,5.6458141
71.157551,4.2906976
71.169161,4.8247202
71.180771,5.5832162
71.192381,5.2998491
71.203991,4.5897851
71.215601,5.113163
71.227211,4.3227572
71.238821,3.8685034
71.250431,4.7596721
71.262041,3.9587816
71.273651,3.298048
71.285261,4.0125727
71.296871,3.8614328
71.308481,3.8844333
71.320091,3.6020279
71.331701,4.5414968
71.343311,4.7503317
71.354921,5.3262878
71.366531,4.7789233
71.378141,3.96629
71.389751,4.1359792
71.401361,4.3170383
71.412971,3.8669959
71.42458,3.6539959
71.43619,4.065766
71.4478,3.9393584
71.45941,3.8103962
71.47102,3.2476371
71.48263,3.2674168
71.49424,3.935233
71.50585,4.5954249
71.51746,4.7349944
71.52907,4.6238923
71.54068,4.3897181
71.55229,4.588145
71.5639,4.2971131
71.57551,4.2770566
71.58712,4.4192003
71.59873,3.6183978
71.61034,3.8820725
71.62195,3.7589237
71.63356,5.1864362
71.64517,3.4571397
71.65678,3.8272414
71.66839,3.6221202
71.68,4.5487748
71.69161,4.1840598
71.70322,4.1476349
71.71483,3.7609398
71.72644,3.5782736
71.73805,3.7907216
71.74966,3.6528418
71.76127,3.4485779
71.77288,3.3349562
71.78449,3.302831
71.7961,3.4366909
71.80771,3.0408594
71.81932,2.9360927
71.83093,2.5855902
71.84254,2.4776798
71.85415,2.5074871
71.86576,2.3262391
71.87737,2.5013183
71.88898,2.2338485
71.90059,2.6457923
71.9122,2.5310373
71.92381,2.608395
71.93542,2.2123676
71.947029,2.3924464
71.958639,2.5325214
71.970249,2.1095178
71.981859,2.4957789
71.993469,2.1080106
72.005079,2.1866726
72.016689,3.4757812
72.028299,5.4876971
72.039909,6.6315567
72.051519,6.3990281
72.063129,6.0218841
72.074739,6.064909
72.086349,5.5974711
72.097959,5.4261838
72.109569,5.3918293
72.121179,5.0798934
72.132789,5.0056163
72.144399,4.8393481
72.156009,4.316332
72.167619,4.0712078
72.179229,4.2692091
72.190839,4.2126911
72.202449,3.7831268
72.214059,3.5651869
72.225669,3.5708122
72.237279,3.2768808
72.248889,3.3424566
72.260499,3.3437033
72.272109,2.7761188
72.283719,2.6219567
72.295329,3.0343907
72.306939,3.2381794
72.318549,3.1339016
72.330159,2.972858
72.341769,2.597052
72.353379,2.9684154
72.364989,3.0610318
72.376599,2.5985919
72.388209,2.8202586
72.399819,3.1057016
72.411429,3.9635919
72.423039,4.4323984
72.434649,4.3983811
72.446259,4.3405426
72.457868,4.2278017
72.469478,5.4964241
72.481088,4.5938744
72.492698,4.2672292
72.504308,4.3169285
72.515918,4.3181231
72.527528,4.6522724
72.539138,4.0878971
72.550748,4.2863575
72.562358,4.2203128
72.573968,4.6613002
72.585578,4.7395867
72.597188,4.6584371
72.608798,4.3868753
72.620408,4.2581012
72.632018,4.4773355
72.643628,4.0736474
72.655238,4.5052883
72.666848,3.6579684
72.678458,4.2941984
72.690068,3.9854849
72.701678,3.9747107
72.713288,3.8851478
72.724898,3.7611938
72.736508,4.2708208
72.748118,5.1297853
72.759728,5.6443066
72.771338,5.1049656
72.782948,4.9362146
72.794558,4.8742947
72.806168,4.6225433
72.817778,4.9746002
72.829388,4.2265169
72.840998,4.6375044
72.852608,3.8921584
72.864218,3.5396147
72.875828,3.9747476
72.887438,3.2578102
72.899048,3.4995707
72.910658,3.3667348
72.922268,3.5552479
72.933878,4.7109581
72.945488,4.7901974
72.957098,4.7082643
72.968707,4.9448731
72.980317,3.8702091
72.991927,4.0066356
73.003537,4.344419
73.015147,3.5872562
73.026757,3.9390559
73.038367,3.7521498
73.049977,3.0810472
73.061587,3.1237877
73.073197,3.3458621
73.084807,3.3680951
73.096417,3.4054738
73.108027,3.843511
73.119637,3.7211263
73.131247,3.5167352
73.142857,3.5533345
73.154467,3.8001229
73.166077,4.028289
73.177687,3.5266803
73.189297,3.3997606
73.200907,3.8798235
73.212517,3.7318491
73.224127,3.5226674
73.235737,3.2944636
73.247347,3.8204067
73.258957,3.9978398
73.270567,3.7402743
73.282177,3.3596427
73.293787,3.3870006
73.305397,3.6094271
73.317007,3.5723691
73.328617,3.2826584
73.340227,3.4357137
73.351837,3.4624198
73.363447,3.4249803
73.375057,3.4665762
73.386667,3.6456803
73.398277,3.693699
73.409887,3.619507
73.421497,5.1979236
73.433107,5.461774
73.444717,5.6842573
73.456327,5.4008808
73.467937,4.8948156
73.479546,4.7138812
73.491156,4.8124054
73.502766,4.495577
73.514376,4.4635342
73.525986,4.251805
73.537596,4.0250211
73.549206,3.7710886
73.560816,3.8618049
73.572426,3.9789164
73.584036,4.4755362
73.595646,5.9960861
73.607256,5.3131871
73.618866,7.2151082
73.630476,5.8727184
73.642086,6.7015591
73.653696,5.4025337
73.665306,6.2642876
73.676916,5.1097117
73.688526,6.0582088
73.700136,4.7426577
73.711746,5.1587484
73.723356,4.3530498
73.734966,4.8519055
73.746576,4.5133991
73.758186,6.454775
73.769796,4.961528
73.781406,6.0625099
73.793016,4.5349252
73.804626,5.3493666
73.816236,4.5074587
73.827846,4.7934324
73.839456,4.785906
73.851066,4.7194771
73.862676,4.6977168
73.874286,4.6859373
73.885896,4.7819944
73.897506,4.8851182
73.909116,5.1511517
73.920726,5.3843141
73.932336,5.1739728
73.943946,4.3858525
73.955556,5.2790869
73.967166,4.961848
73.978776,5.1069681
73.990385,4.6795031
74.001995,4.9129641
74.013605,5.3001649
74.025215,4.9473568
74.036825,3.8693801
74.048435,4.3538984
74.060045,4.8888964
74.071655,4.2825075
74.083265,3.8547493
74.094875,4.1433675
74.106485,4.7280195
74.118095,4.3676261
74.129705,4.1014423
74.141315,4.5178506
74.152925,4.5302842
74.164535,4.0940418
74.176145,3.607945
74.187755,3.663306
74.199365,3.7016835
74.210975,3.5659221
74.222585,3.8621996
74.234195,4.028265
74.245805,3.967566
74.257415,3.6482103
74.269025,4.6316386
74.280635,5.7348861
74.292245,5.7372865
74.303855,5.7465396
74.315465,5.8490539
74.327075,5.6926558
74.338685,5.183693
74.350295,5.1560726
74.361905,5.0459136
74.373515,4.9048156
74.385125,5.0115252
74.396735,4.9928853
74.408345,4.2563626
74.419955,4.5265007
74.431565,4.4656802
74.443175,4.9149012
74.454785,4.8928897
74.466395,4.3696988
74.478005,4.9171465
74.489615,4.2658158
74.501224,4.6815056
74.512834,4.7377695
74.524444,4.1813973
74.536054,4.1477122
74.547664,4.3132333
74.559274,4.4456588
74.570884,4.2083233
74.582494,3.9326515
74.594104,3.7724515
74.605714,3.598416
74.617324,3.9233161
74.628934,4.0618071
74.640544,4.273659
74.652154,4.166479
74.663764,4.4202175
74.675374,4.2561397
74.686984,3.82529
74.698594,3.1599258
74.710204,3.2340442
74.721814,3.77934
74.733424,3.7783521
74.745034,4.0315132
74.756644,3.8047355
74.768254,3.7667297
74.779864,3.800235
74.791474,3.7132321
74.803084,3.9060964
74.814694,3.4031428
74.826304,3.6016295
74.837914,3.7897377
74.849524,3.4472784
74.861134,3.2875408
74.872744,3.8947585
74.884354,4.1526296
74.895964,3.8783247
74.907574,3.3018178
74.919184,3.4028038
74.930794,3.6846748
74.942404,3.3179029
74.954014,3.1376999
74.965624,4.7648869
74.977234,5.1409464
74.988844,4.3632205
75.000454,4.2448687
75.012063,4.6283163
75.023673,3.9028219
75.035283,4.1836268
75.046893,4.2714136
75.058503,3.7884223
75.070113,3.7743091
75.081723,4.0545731
75.093333,3.684155
75.104943,3.6065332
75.116553,4.1820496
75.128163,5.124818
75.139773,4.3521642
75.151383,5.1234818
75.162993,5.8466696
75.174603,4.780491
75.186213,4.7366808
75.197823,4.6280649
75.209433,4.3830966
75.221043,4.9565385
75.232653,4.6003321
75.244263,3.9466549
75.255873,4.2338923
75.267483,4.0316795
75.279093,3.8754238
75.290703,4.1765493
75.302313,3.2713657
75.313923,3.1682967
75.325533,3.0145927
75.337143,2.967222
75.348753,2.6218053
75.360363,2.2844567
75.371973,2.9775749
75.383583,2.7852299
75.395193,2.6216121
75.406803,2.5932805
75.418413,2.7278124
75.430023,2.1758589
75.441633,2.1303804
75.453243,2.203779
75.464853,2.5573128
75.476463,2.7127148
75.488073,3.5398348
75.499683,3.2497695
75.511293,3.5348457
75.522902,3.272883
75.534512,3.5849963
75.546122,2.9646603
75.557732,3.3222779
75.569342,3.4155221
75.580952,2.8113021
75.592562,2.8931762
75.604172,3.1387796
75.615782,2.8197335
75.627392,2.4171616
75.639002,2.2110459
75.650612,3.0714487
75.662222,2.8672458
75.673832,3.5215695
75.685442,3.5943931
75.697052,3.5054904
75.708662,3.0256696
75.720272,3.4592881
75.731882,3.5499243
75.743492,2.6939716
75.755102,2.9320948
75.766712,3.2424783
75.778322,3.4654623
75.789932,3.0689978
75.801542,2.7927629
75.813152,2.824995
75.824762,3.7764216
75.836372,2.837068
75.847982,3.0177739
75.859592,2.7148948
75.871202,2.4750055
75.882812,2.533425
75.894422,2.6100519
75.906032,2.6006824
75.917642,2.7488589
75.929252,2.4708436
75.940862,2.3774386
75.952472,2.3721202
75.964082,2.0782035
75.975692,2.0956125
75.987302,2.410449
75.998912,2.1142092
76.010522,2.4993068
76.022132,2.1972961
76.033741,2.4029208
76.045351,2.1314384
76.056961,2.4942644
76.068571,2.3914204
76.080181,2.3867685
76.091791,2.2845174
76.103401,2.3796212
76.115011,2.0782368
76.126621,2.2904503
76.138231,2.1386233
76.149841,2.2389557
76.161451,2.6477511
76.173061,2.5036516
76.184671,3.5322139
76.196281,3.6206691
76.207891,3.4448125
76.219501,2.9740103
76.231111,3.5184224
76.242721,3.6035614
76.254331,3.4965405
76.265941,2.6925197
76.277551,2.4518393
76.289161,3.6637262
76.300771,3.0878601
76.312381,3.424118
76.323991,2.8326232
76.335601,3.0435456
76.347211,3.3984795
76.358821,3.1556132
76.370431,3.1268237
76.382041,2.8109354
76.393651,2.5785446
76.405261,2.6298692
76.416871,2.661452
76.428481,2.9678021
76.440091,2.4870183
76.451701,2.5324842
76.463311,2.7914398
76.474921,2.789766
76.486531,2.5207186
76.498141,2.3839406
76.509751,2.8274465
76.521361,2.3647479
76.532971,3.5096093
76.54458,3.6462557
76.55619,2.9704075
76.5678,3.0330812
76.57941,3.5711229
76.59102,3.6131754
76.60263,2.9057419
76.61424,2.6651889
76.62585,3.1808701
76.63746,3.2163872
76.64907,3.0220834
76.66068,3.010536
76.67229,3.1807371
76.6839,2.633074
76.69551,2.6770821
76.70712,2.909256
76.71873,2.9692958
76.73034,2.5046265
76.74195,2.6608828
76.75356,2.9958662
76.76517,2.9094209
76.77678,2.3890276
76.78839,2.5930102
76.8,2.839443
76.81161,2.5822215
76.82322,2.6317262
76.83483,2.5415752
76.84644,2.4495119
76.85805,2.4181185
76.86966,2.7002215
76.88127,2.9116497
76.89288,3.284293
76.90449,2.8133106
76.9161,3.1543218
76.92771,2.8557338
76.93932,2.5701719
76.95093,2.6788869
76.96254,2.8121633
76.97415,2.4974759
76.98576,3.0082784
76.99737,2.5182685
77.00898,2.6222225
77.02059,2.5639088
77.0322,2.2776589
77.04381,2.5774275
77.05542,2.2791513
77.067029,2.7086773
77.078639,3.023008
77.090249,3.0976414
77.101859,3.3272541
77.113469,2.5787942
77.125079,2.3642331
77.136689,2.8860853
77.148299,2.3404636
77.159909,2.3017455
77.171519,2.4466243
77.183129,1.9615586
77.194739,1.8277037
77.206349,2.1254452
77.217959,2.3150593
77.229569,2.1601123
77.241179,2.0272438
77.252789,2.5960122
77.264399,2.4099763
77.276009,2.5588874
77.287619,2.8021501
77.299229,2.7036588
77.310839,2.4380951
77.322449,2.3467133
77.334059,2.3969322
77.345669,2.4650355
77.357279,2.4532431
77.368889,2.0426074
77.380499,2.0845308
77.392109,2.4856779
77.403719,2.6616479
77.415329,2.1806233
77.426939,2.1020156
77.438549,2.2635155
77.450159,2.3413203
77.461769,2.0499578
77.473379,2.1837121
77.484989,2.3410025
77.496599,2.1108997
77.508209,2.2141575
77.519819,2.4779506
77.531429,2.4849119
77.543039,2.5519412
77.554649,3.4600041
77.566259,4.2501213
77.577868,4.372475
77.589478,4.2224106
77.601088,3.9345865
77.612698,3.5320845
77.624308,3.6045461
77.635918,3.5483357
77.647528,3.438011
77.659138,3.4395777
77.670748,3.3520659
77.682358,3.2430748
77.693968,3.2313234
77.705578,3.2249411
77.717188,3.5492439
77.728798,3.9264366
77.740408,4.5620368
77.752018,4.5827525
77.763628,4.7585266
77.775238,4.4542071
77.786848,4.0277249
77.798458,4.4196602
77.810068,3.7966167
77.821678,4.202928
77.833288,3.3434982
77.844898,3.807019
77.856508,2.9058476
77.868118,3.5948383
77.879728,2.7109539
77.891338,3.2442646
77.902948,3.3545493
77.914558,3.0137363
77.926168,4.1401614
77.937778,3.0076041
77.949388,3.8219331
77.960998,3.4956516
77.972608,3.5760022
77.984218,3.6167508
77.995828,3.292505
78.007438,3.0950349
78.019048,2.8266788
78.030658,2.6791089
78.042268,2.6265943
78.053878,2.6464321
78.065488,2.8235407
78.077098,2.6551617
78.088707,2.6344516
78.100317,3.5459184
78.111927,3.4569534
78.123537,3.2932054
78.135147,3.4106563
78.146757,3.2598306
78.158367,3.4263476
78.169977,3.4495403
78.181587,3.1159897
78.193197,2.9783978
78.204807,3.1693305
78.216417,3.2511458
78.228027,2.6838713
78.239637,2.721794
78.251247,3.7772201
78.262857,3.9558292
78.274467,3.6007921
78.286077,3.4335886
78.297687,3.1091144
78.309297,3.3213622
78.320907,3.3342083
78.332517,3.2625823
78.344127,3.1458612
78.355737,2.9058667
78.367347,2.7134809
78.378957,2.9664792
78.390567,3.112313
78.402177,2.431704
78.413787,3.1284755
78.425397,3.5781936
78.437007,3.9281414
78.448617,3.983452
78.460227,3.9409675
78.471837,3.625952
78.483447,3.4792714
78.495057,3.5987687
78.506667,3.442849
78.518277,3.4615498
78.529887,3.4161065
78.541497,3.1471052
78.553107,3.3561962
78.564717,3.0815443
78.576327,3.5311256
78.587937,3.3235806
78.599546,2.8623712
78.611156,3.8086682
78.622766,2.9695936
78.634376,3.4880548
78.645986,3.3662598
78.657596,3.4599334
78.669206,3.1676158
78.680816,3.6303213
78.692426,3.2980948
78.704036,3.3439671
78.715646,3.2541183
78.727256,2.996417
78.738866,3.0579004
78.750476,2.7749955
78.762086,2.6812065
78.773696,3.0573838
78.785306,3.2297579
78.796916,2.8166031
78.808526,2.7048334
78.820136,2.6257076
78.831746,2.5009423
78.843356,2.2657905
78.854966,2.3777233
78.866576,2.4193682
78.878186,2.3267339
78.889796,2.4407152
78.901406,2.3971152
78.913016,2.3856367
78.924626,2.2772563
78.936236,2.4666973
78.947846,2.5587874
78.959456,2.7113463
78.971066,2.8708569
78.982676,2.968138
78.994286,2.8580102
79.005896,2.902745
79.017506,2.9444754
79.029116,2.6828447
79.040726,2.6426619
79.052336,2.5877883
79.063946,2.6383958
79.075556,2.5207572
79.087166,2.3587463
79.098776,2.5238017
79.110385,2.9937848
79.121995,3.3134888
79.133605,2.9788672
79.145215,2.8465005
79.156825,3.0902229
79.168435,2.754002
79.180045,2.6188115
79.191655,2.6966338
79.203265,2.5494962
79.214875,2.2502463
79.226485,2.4266131
79.238095,2.3416283
79.249705,2.0577417
79.261315,2.2452571
79.272925,2.4496174
79.284535,3.167041
79.296145,2.8108554
79.307755,3.1979416
79.319365,3.2104599
79.330975,3.0965233
79.342585,2.992279
79.354195,2.6690857
79.365805,2.7294701
79.377415,2.905248
79.389025,2.6356419
79.400635,2.8038475
79.412245,2.6742992
79.423855,2.1524084
79.435465,2.7778562
79.447075,2.5305785
79.458685,2.3810687
79.470295,2.0186574
79.481905,2.2357845
79.493515,1.8108625
79.505125,2.0538448
79.516735,1.8134237
79.528345,1.7467072
79.539955,1.6254521
79.551565,1.6173164
79.563175,1.5752209
79.574785,1.4696327
79.586395,1.3940008
79.598005,1.4977792
79.609615,2.018826
79.621224,2.1871915
79.632834,2.6675516
79.644444,2.1363003
79.656054,2.3888915
79.667664,2.07396
79.679274,1.7685498
79.690884,1.948109
79.702494,1.9992652
79.714104,1.9297591
79.725714,1.6932076
79.737324,1.669036
79.748934,1.5525365
79.760544,2.1835839
79.772154,1.9764667
79.783764,2.3677384
79.795374,2.8103055
79.806984,2.7053153
79.818594,2.325104
79.830204,2.2201228
79.841814,2.4011824
79.853424,2.7030442
79.865034,2.3559692
79.876644,2.2310093
79.888254,2.3499074
79.899864,2.9916295
79.911474,2.0842639
79.923084,2.197532
79.934694,2.4575191
79.946304,2.8661688
79.957914,2.3077977
79.969524,2.0716456
79.981134,2.3273943
79.992744,1.6963344
80.004354,2.1685322
80.015964,1.7334992
80.027574,2.3286045
80.039184,1.8330396
80.050794,1.8326342
80.062404,1.9907308
80.074014,1.8687579
80.085624,1.8120649
80.097234,1.788287
80.108844,1.7453495
80.120454,1.4228505
80.132063,1.7914595
80.143673,1.4993699
80.155283,1.5730908
80.166893,1.7068545
80.178503,1.9721737
80.190113,1.5739963
80.201723,1.9408593
80.213333,1.728394
80.224943,1.7715573
80.236553,1.681892
80.248163,2.0440027
80.259773,1.8462915
80.271383,1.8200726
80.282993,1.7148111
80.294603,2.206719
80.306213,2.4951924
80.317823,3.1099499
80.329433,3.2725996
80.341043,3.1283657
80.352653,3.108796
80.364263,2.9836941
80.375873,2.7379095
80.387483,2.6742206
80.399093,2.6268589
80.410703,2.5303075
80.422313,2.2797153
80.433923,1.7411341
80.445533,1.5065359
80.457143,1.6968234
80.468753,2.0336107
80.480363,2.1587796
80.491973,2.0869637
80.503583,1.6373489
80.515193,1.9623737
80.526803,1.8278464
80.538413,1.9162625
80.550023,1.4005493
80.561633,1.7440642
80.573243,1.5641023
80.584853,1.9221407
80.596463,1.4856046
80.608073,2.2237871
80.619683,1.1262443
80.631293,1.8385011
80.642902,1.8419875
80.654512,1.8028886
80.666122,1.6957724
80.677732,2.3578988
80.689342,2.6014112
80.700952,2.6730655
80.712562,3.3912736
80.724172,2.3566233
80.735782,2.4827558
80.747392,2.1059202
80.759002,2.5727223
80.770612,2.0416708
80.782222,1.5525467
80.793832,2.0931799
80.805442,2.402289
80.817052,1.8690086
80.828662,1.9744599
80.840272,1.9409256
80.851882,2.4626577
80.863492,2.0992714
80.875102,2.7912645
80.886712,1.8866426
80.898322,2.4263423
80.909932,1.8524603
80.921542,2.2495897
80.933152,1.9730018
80.944762,2.221556
80.956372,2.1585865
80.967982,1.8650933
80.979592,1.8379064
80.991202,2.0783629
81.002812,1.8660778
81.014422,1.7604987
81.026032,1.8056635
81.037642,2.95359
81.049252,3.3504356
81.060862,3.08319
81.072472,2.7465413
81.084082,2.8491313
81.095692,2.802192
81.107302,2.0758055
81.118912,2.2426448
81.130522,2.3844357
81.142132,1.8942404
81.153741,1.7695185
81.165351,1.6481818
81.176961,1.6499949
81.188571,1.7904288
81.200181,1.8759546
81.211791,2.6139215
81.223401,3.5299396
81.235011,3.5143247
81.246621,3.4635237
81.258231,3.1764658
81.269841,3.171072
81.281451,3.2584064
81.293061,2.8482656
81.304671,2.9892358
81.316281,3.1238851
81.327891,2.5463867
81.339501,2.3630149
81.351111,2.5286259
81.362721,2.1339625
81.374331,1.9244949
81.385941,2.3262419
81.397551,2.6050295
81.409161,2.4744374
81.420771,2.5795156
81.432381,2.4651271
81.443991,2.4971783
81.455601,2.6494276
81.467211,2.5039055
81.478821,2.1980704
81.490431,2.3524853
81.502041,2.1737847
81.513651,2.1010939
81.525261,2.0799263
81.536871,2.139449
81.548481,2.1296038
81.560091,2.3061649
81.571701,2.0557394
81.583311,1.9432526
81.594921,2.2567906
81.606531,2.1635837
81.618141,2.0124315
81.629751,2.0718451
81.641361,2.0677268
81.652971,1.8676986
81.66458,2.0093462
81.67619,2.0998856
81.6878,2.2080372
81.69941,2.0906383
81.71102,1.9310308
81.72263,2.7649393
81.73424,3.5066963
81.74585,3.5608501
81.75746,3.4333987
81.76907,3.1485208
81.78068,2.9783184
81.79229,2.8742895
81.8039,3.0474446
81.81551,2.9538742
81.82712,3.1090164
81.83873,3.0473015
81.85034,3.014864
81.86195,2.8445182
81.87356,2.9340954
81.88517,2.9121598
81.89678,2.2494596
81.90839,2.3034452
81.92,3.2673848
81.93161,3.3287005
81.94322,3.8031446
81.95483,3.2738002
81.96644,3.3107849
81.97805,2.8162581
81.98966,3.185276
82.00127,2.7623703
82.01288,2.8111743
82.02449,2.2511759
82.0361,2.5414485
82.04771,2.0080427
82.05932,2.5834953
82.07093,3.2763907
82.08254,3.4870027
82.09415,3.7056828
82.10576,3.8456289
82.11737,3.5598468
82.12898,3.568375
82.14059,3.6629223
82.1522,3.4712959
82.16381,3.4290462
82.17542,3.2923897
82.187029,3.2109477
82.198639,3.0519487
82.210249,3.0389334
82.221859,2.9748806
82.233469,3.0219732
82.245079,2.9555425
82.256689,2.506648
82.268299,2.6275003
82.279909,3.1725797
82.291519,2.8090319
82.303129,2.7875508
82.314739,2.8283051
82.326349,2.902953
82.337959,2.9892893
82.349569,2.9164419
82.361179,2.4890669
82.372789,2.6043972
82.384399,2.8792291
82.396009,2.5638864
82.407619,2.265994
82.419229,2.4331923
82.430839,2.7946647
82.442449,2.8008546
82.454059,3.1193149
82.465669,3.1036535
82.477279,2.900484
82.488889,2.8007859
82.500499,2.7382304
82.512109,2.1357523
82.523719,2.2404204
82.535329,2.3937555
82.546939,2.529036
82.558549,2.5035282
82.570159,2.2482295
82.581769,2.1316298
82.593379,2.1835682
82.604989,1.9377578
82.616599,2.0886516
82.628209,2.389618
82.639819,3.0229956
82.651429,3.3599282
82.663039,3.1168839
82.674649,3.1181033
82.686259,2.9907499
82.697868,2.7684596
82.709478,2.829203
82.721088,2.9959723
82.732698,2.8156996
82.744308,3.0596187
82.755918,2.5683261
82.767528,2.902917
82.779138,2.8430727
82.790748,2.6366766
82.802358,2.8862362
82.813968,2.2808837
82.825578,2.2970902
82.837188,2.5910211
82.848798,2.5710168
82.860408,2.6762425
82.872018,2.5831735
82.883628,2.6050344
82.895238,2.7496453
82.906848,2.7165623
82.918458,2.6655084
82.930068,2.6030224
82.941678,2.7539814
82.953288,2.5599993
82.964898,2.5716008
82.976508,2.4936806
82.988118,2.4469398
82.999728,2.4379527
83.011338,2.8252043
83.022948,2.5805248
83.034558,2.456795
83.046168,2.2511232
83.057778,2.1353596
83.069388,2.0909703
83.080998,2.0390799
83.092608,1.9258838
83.104218,1.934222
83.115828,1.743559
83.127438,2.1332204
83.139048,1.7556234
83.150658,1.726885
83.162268,1.6737966
83.173878,1.97226
83.185488,1.4588247
83.197098,1.851534
83.208707,2.3039431
83.220317,2.4920514
83.231927,2.0468264
83.243537,2.2720383
83.255147,2.4099049
83.266757,2.7243106
83.278367,2.610653
83.289977,2.5128077
83.301587,2.5019432
83.313197,2.454053
83.324807,2.353299
83.336417,2.4019726
83.348027,2.4063615
83.359637,2.4169734
83.371247,2.2197997
83.382857,2.9282433
83.394467,3.131403
83.406077,2.8310232
83.417687,2.9353056
83.429297,2.8157087
83.440907,2.8393413
83.452517,2.8869305
83.464127,2.6912001
83.475737,2.7944325
83.487347,2.7767403
83.498957,2.6414358
83.510567,2.6108175
83.522177,2.3972834
83.533787,2.3181723
83.545397,2.3044859
83.557007,2.3021698
83.568617,2.169562
83.580227,2.1457568
83.591837,2.8133093
83.603447,3.1612132
83.615057,3.1332358
83.626667,3.4377241
83.638277,3.1065427
83.649887,2.9379249
83.661497,3.1635333
83.673107,2.6110258
83.684717,2.6985629
83.696327,3.0942961
83.707937,2.5573659
83.719546,2.4705384
83.731156,2.670561
83.742766,2.1708258
83.754376,2.1977514
83.765986,2.4648141
83.777596,2.4979035
83.789206,1.4615648
83.800816,2.392409
83.812426,2.3483244
83.824036,1.9077886
83.835646,2.3890365
83.847256,2.0776623
83.858866,1.6621025
83.870476,2.4912581
83.882086,2.1761041
83.893696,1.7734853
83.905306,2.3887034
83.916916,1.9353693
83.928526,1.6978695
83.940136,2.2312627
83.951746,1.8317332
83.963356,1.9483193
83.974966,2.2084049
83.986576,1.464499
83.998186,2.0708372
84.009796,1.9623515
84.021406,2.3140692
84.033016,2.0495477
84.044626,2.0093738
84.056236,1.7325135
84.067846,2.2716336
84.079456,2.5209802
84.091066,1.47893
84.102676,1.5983592
84.114286,2.3034849
84.125896,1.509998
84.137506,1.9273175
84.149116,1.7425733
84.160726,1.2291662
84.172336,1.9052435
84.183946,1.7908925
84.195556,1.9138103
84.207166,1.6140047
84.218776,1.6355759
84.230385,1.3751981
84.241995,1.9580419
84.253605,1.9496234
84.265215,2.1200965
84.276825,2.2670495
84.288435,1.8273145
84.300045,1.9641116
84.311655,2.5162155
84.323265,1.5417017
84.334875,2.1320058
84.346485,1.8832203
84.358095,1.9560396
84.369705,1.8072329
84.381315,2.1234561
84.392925,2.2092066
84.404535,1.5374912
84.416145,2.061765
84.427755,2.0807641
84.439365,2.0021065
84.450975,1.5712664
84.462585,1.3578379
84.474195,2.1989181
84.485805,1.406341
84.497415,2.093942
84.509025,1.5146314
84.520635,1.917947
84.532245,1.4529439
84.543855,1.8324017
84.555465,1.542081
84.567075,1.4224158
84.578685,1.534857
84.590295,1.5590205
84.601905,1.5102428
84.613515,1.3339643
84.625125,1.2952129
84.636735,1.241667
84.648345,1.3509612
84.659955,1.1397576
84.671565,1.3758125
84.683175,1.1372123
84.694785,1.2540171
84.706395,1.3088326
84.718005,1.2906541
84.729615,1.3035546
84.741224,1.5222798
84.752834,1.3658022
84.764444,1.2888633
84.776054,1.3516106
84.787664,1.3664621
84.799274,1.3103717
84.810884,1.1955854
84.822494,1.4321069
84.834104,1.0624548
84.845714,1.3397203
84.857324,1.0642335
84.868934,1.3764971
84.880544,1.0146869
84.892154,1.2856964
84.903764,1.03909
84.915374,1.216417
84.926984,1.0732857
84.938594,1.1677344
84.950204,1.1154494
84.961814,1.1033805
84.973424,1.0865934
84.985034,1.0672168
84.996644,1.1455365
85.008254,1.2460122
85.019864,1.3614885
85.031474,0.98748162
85.043084,1.3265752
85.054694,1.6229338
85.066304,1.5904681
85.077914,1.5056295
85.089524,1.2272051
85.101134,1.2622891
85.112744,1.3535882
85.124354,1.2865233
85.135964,1.4140336
85.147574,1.3902145
85.159184,1.2924797
85.170794,1.2355207
85.182404,1.2624383
85.194014,1.4632657
85.205624,1.3804235
85.217234,1.3083417
85.228844,1.2743817
85.240454,1.1761023
85.252063,1.4156923
85.263673,1.5157883
85.275283,1.4951376
85.286893,1.3745545
85.298503,1.1979693
85.310113,1.2979303
85.321723,1.3792518
85.333333,1.4158238
85.344943,1.448776
85.356553,1.2226618
85.368163,1.3197826
85.379773,1.4752963
85.391383,1.2813389
85.402993,1.2840605
85.414603,1.3561125
85.426213,1.0045342
85.437823,1.1618286
85.449433,1.1596158
85.461043,1.2387529
85.472653,1.0373141
85.484263,1.1308855
85.495873,0.996048
85.507483,1.1680014
85.519093,1.0292157
85.530703,1.3077654
85.542313,0.9533721
85.553923,1.1887584
85.565533,0.87627629
85.577143,1.182387
85.588753,0.90351735
85.600363,1.2580815
85.611973,0.89507078
85.623583,1.2208291
85.635193,0.9579695
85.646803,1.1337604
85.658413,0.84927934
85.670023,1.1138061
85.681633,0.95503047
85.693243,0.98230085
85.704853,0.91742314
85.716463,0.94241963
85.728073,0.94928113
85.739683,1.0003049
85.751293,1.0600127
85.762902,0.84100864
85.774512,0.96027706
85.786122,0.80067967
85.797732,0.93727264
85.809342,0.8759203
85.820952,1.0646679
85.832562,0.76927638
85.844172,1.0379388
85.855782,0.71853219
85.867392,1.0355096
85.879002,0.78577432
85.890612,1.0570503
85.902222,0.77527764
85.913832,0.97814991
85.925442,0.69682085
85.937052,1.2403202
85.948662,1.5501992
85.960272,1.3178797
85.971882,1.8370177
85.983492,1.9732328
85.995102,1.5990438
86.006712,1.261144
86.018322,1.4050163
86.029932,1.3512553
86.041542,1.22631
86.053152,1.0279044
86.064762,1.2641128
86.076372,1.3810119
86.087982,1.2767855
86.099592,0.87867403
86.111202,1.078165
86.122812,1.132065
86.134422,1.1347748
86.146032,0.97251282
86.157642,1.0041778
86.169252,1.2947611
86.180862,1.2158067
86.192472,1.082861
86.204082,1.0776379
86.215692,1.3892217
86.227302,1.2995689
86.238912,1.0880017
86.250522,1.0076689
86.262132,1.3667077
86.273741,1.2488186
86.285351,1.1150622
86.296961,1.0040456
86.308571,1.2977652
86.320181,2.7564894
86.331791,3.070621
86.343401,2.8419478
86.355011,2.6933817
86.366621,2.6165526
86.378231,2.5143909
86.389841,2.4481718
86.401451,2.1301922
86.413061,2.3231569
86.424671,2.2306303
86.436281,2.2367471
86.447891,2.4212589
86.459501,2.4412715
86.471111,2.3016203
86.482721,1.9903025
86.494331,1.9430513
86.505941,1.9717236
86.517551,1.9760999
86.529161,1.9931403
86.540771,1.932908
86.552381,1.7461804
86.563991,1.7165568
86.575601,1.618481
86.587211,1.6072758
86.598821,1.619752
86.610431,1.4325583
86.622041,1.400653
86.633651,1.3937989
86.645261,1.4420759
86.656871,1.5103147
86.668481,1.5252784
86.680091,1.4608581
86.691701,1.4213258
86.703311,1.3597816
86.714921,1.3654906
86.726531,1.3393064
86.738141,1.3769932
86.749751,1.4380658
86.761361,1.9228434
86.772971,2.675699
86.78458,2.3990058
86.79619,2.1847347
86.8078,2.3278715
86.81941,2.3151154
86.83102,2.2955986
86.84263,2.1611535
86.85424,2.2116515
86.86585,2.3716407
86.87746,2.2587935
86.88907,2.3596042
86.90068,2.4125571
86.91229,2.4893541
86.9239,2.3533087
86.93551,2.3353173
86.94712,2.2259718
86.95873,2.0722922
86.97034,1.9867661
86.98195,1.8573671
86.99356,1.9537209
87.00517,2.0868371
87.01678,1.9457642
87.02839,1.6011694
87.04,1.4148544
87.05161,1.3945557
87.06322,1.2093613
87.07483,1.2893792
87.08644,1.0786744
87.09805,1.0221425
87.10966,1.0051423
87.12127,1.0507916
87.13288,1.1173808
87.14449,2.5685857
87.1561,3.5774306
87.16771,4.0968084
87.17932,3.8000614
87.19093,3.6520727
87.20254,3.6577589
87.21415,3.3905918
87.22576,3.4673238
87.23737,3.6517096
87.24898,3.4164387
87.26059,3.2604782
87.2722,3.3298412
87.28381,2.9322989
87.29542,3.2197132
87.307029,3.1271186
87.318639,3.0047048
87.330249,2.9599445
87.341859,2.7862598
87.353469,2.6369422
87.365079,2.4408341
87.376689,2.3347324
87.388299,2.2906411
87.399909,2.35448
87.411519,2.1767025
87.423129,1.8621036
87.434739,1.8528803
87.446349,1.8611979
87.457959,3.4644243
87.469569,3.1900497
87.481179,3.0665691
87.492789,2.9000985
87.504399,2.6409178
87.516009,2.647769
87.527619,2.5874428
87.539229,2.3267141
87.550839,2.172402
87.562449,2.0673313
87.574059,1.65236
87.585669,1.8349512
87.597279,2.1040236
87.608889,1.6572641
87.620499,1.7466939
87.632109,1.827513
87.643719,1.2574667
87.655329,1.7283976
87.666939,1.4678373
87.678549,1.4467417
87.690159,1.6655859
87.701769,1.4919362
87.713379,1.5215583
87.724989,1.6839168
87.736599,1.6261763
87.748209,1.2895288
87.759819,1.7170654
87.771429,1.5767274
87.783039,1.1010784
87.794649,1.8207699
87.806259,2.1518875
87.817868,1.9702573
87.829478,2.0782672
87.841088,3.8906114
87.852698,3.929253
87.864308,4.7345888
87.875918,3.6447575
87.887528,3.4811244
87.899138,3.5261855
87.910748,2.9244052
87.922358,3.1025352
87.933968,3.0742994
87.945578,2.3566823
87.957188,2.7638813
87.968798,2.8130029
87.980408,2.2429769
87.992018,2.4306068
88.003628,2.4290648
88.015238,1.9422281
88.026848,2.0009037
88.038458,1.630609
88.050068,1.9955778
88.061678,1.654625
88.073288,1.7496685
88.084898,1.6040183
88.096508,1.6016429
88.108118,2.1803325
88.119728,1.3338673
88.131338,1.8697259
88.142948,1.3851274
88.154558,1.510774
88.166168,1.7932243
88.177778,1.5192835
88.189388,1.5588481
88.200998,1.5644578
88.212608,1.9946324
88.224218,1.2524431
88.235828,1.6510241
88.247438,1.5642078
88.259048,1.4204085
88.270658,2.2542843
88.282268,2.2357407
88.293878,2.5295708
88.305488,2.2841257
88.317098,2.173445
88.328707,2.047287
88.340317,2.3989043
88.351927,1.8766038
88.363537,1.965798
88.375147,1.9490733
88.386757,2.0164169
88.398367,1.9694665
88.409977,1.7099419
88.421587,1.9052515
88.433197,2.00515
88.444807,1.9570124
88.456417,2.0871662
88.468027,2.0086817
88.479637,2.0562613
88.491247,2.1374893
88.502857,1.9353115
88.514467,1.9716586
88.526077,1.9919787
88.537687,2.0385263
88.549297,2.1695321
88.560907,1.983982
88.572517,2.501964
88.584127,2.8868849
88.595737,2.0676302
88.607347,2.0549961
88.618957,2.8211457
88.630567,3.572732
88.642177,3.5656794
88.653787,3.0711179
88.665397,3.1493957
88.677007,3.3858213
88.688617,2.2276016
88.700227,1.9311938
88.711837,2.2697608
88.723447,2.1519452
88.735057,1.5191579
88.746667,1.9004674
88.758277,1.6779736
88.769887,1.8715263
88.781497,1.8801483
88.793107,1.6575622
88.804717,1.4045516
88.816327,1.494589
88.827937,1.5808562
88.839546,1.502078
88.851156,1.7873045
88.862766,1.9688146
88.874376,1.9199292
88.885986,2.0703466
88.897596,1.9544128
88.909206,1.8590655
88.920816,1.616132
88.932426,1.5094264
88.944036,1.7005762
88.955646,1.4684829
88.967256,1.5822642
88.978866,1.8228724
88.990476,1.4251216
89.002086,2.7815423
89.013696,2.1976922
89.025306,2.6126634
89.036916,2.0771192
89.048526,2.4049258
89.060136,2.0647127
89.071746,1.7560362
89.083356,1.6034628
89.094966,1.8439124
89.106576,1.8612643
89.118186,1.9236057
89.129796,1.7579909
89.141406,1.8907681
89.153016,1.9269086
89.164626,1.7704647
89.176236,1.4984909
89.187846,1.4534185
89.199456,1.4001888
89.211066,1.4132443
89.222676,1.3370931
89.234286,1.442877
89.245896,1.6562164
89.257506,1.4171641
89.269116,1.2403124
89.280726,1.2939351
89.292336,1.3575051
89.303946,1.4487794
89.315556,1.5098052
89.327166,1.3723242
89.338776,1.3232468
89.350385,1.28443
89.361995,0.97377916
89.373605,2.0695179
89.385215,3.5627436
89.396825,3.6633899
89.408435,2.8235762
89.420045,2.1376082
89.431655,2.5839896
89.443265,3.3391227
89.454875,2.9238607
89.466485,2.6388657
89.478095,2.8236918
89.489705,3.2371057
89.501315,3.2894688
89.512925,3.1402551
89.524535,2.9529361
89.536145,3.0664708
89.547755,3.2700575
89.559365,3.0738993
89.570975,2.7165115
89.582585,2.3893139
89.594195,2.4425514
89.605805,2.7621784
89.617415,2.7447952
89.629025,2.6312566
89.640635,2.4066413
89.652245,2.4822213
89.663855,2.6355196
89.675465,2.8915681
89.687075,2.6425192
89.698685,2.1579318
89.710295,2.3812795
89.721905,2.6628683
89.733515,2.6428205
89.745125,2.5195097
89.756735,2.7911502
89.768345,3.0265499
89.779955,2.3614146
89.791565,2.4193387
89.803175,2.6878468
89.814785,1.9270872
89.826395,2.3383882
89.838005,2.6092873
89.849615,2.1014038
89.861224,2.6509908
89.872834,2.6022354
89.884444,2.2674561
89.896054,2.3451876
89.907664,2.4051588
89.919274,2.6647499
89.930884,2.4882412
89.942494,2.2001087
89.954104,2.7186093
89.965714,2.6960753
89.977324,2.6212151
89.988934,2.477355
90.000544,2.3126779
90.012154,2.6527103
90.023764,2.5792748
90.035374,2.2176827
90.046984,2.3077837
90.058594,2.6250293
90.070204,2.6213976
90.081814,1.9719519
90.093424,2.1044666
90.105034,2.4061392
90.116644,3.1844836
90.128254,3.3612686
90.139864,2.6441754
90.151474,2.6681142
90.163084,3.541691
90.174694,3.5635177
90.186304,2.8479441
90.197914,2.9906752
90.209524,2.8033112
90.221134,3.0512141
90.232744,2.7263068
90.244354,2.181373
90.255964,2.6101131
90.267574,2.503567
90.279184,2.3227743
90.290794,2.3232602
90.302404,2.3493173
90.314014,2.5476215
90.325624,2.6328268
90.337234,2.6129475
90.348844,2.7669075
90.360454,2.7079055
90.372063,2.4573919
90.383673,2.8067893
90.395283,2.735369
90.406893,2.5918802
90.418503,2.440706
90.430113,2.6107489
90.441723,2.3933293
90.453333,2.5587149
90.464943,2.3267749
90.476553,1.8775982
90.488163,2.458406
90.499773,3.0185583
90.511383,4.6643025
90.522993,3.6779056
90.534603,3.2763683
90.546213,4.6685666
90.557823,3.2161735
90.569433,4.1319935
90.581043,3.3307871
90.592653,3.2715328
90.604263,4.166004
90.615873,2.8882008
90.627483,3.5618663
90.639093,3.9530682
90.650703,2.9612625
90.662313,3.6052324
90.673923,3.5591584
90.685533,2.7757231
90.697143,3.767139
90.708753,2.8536972
90.720363,3.3477909
90.731973,3.7987686
90.743583,2.9117253
90.755193,3.8260409
90.766803,3.1297063
90.778413,3.2482506
90.790023,3.5924711
90.801633,2.6781702
90.813243,3.5348193
90.824853,3.2119521
90.836463,4.0147443
90.848073,3.5242852
90.859683,3.8999001
90.871293,3.7863665
90.882902,3.2205046
90.894512,2.988396
90.906122,3.7674957
90.917732,2.988385
90.929342,3.2270264
90.940952,3.5094971
90.952562,2.7731557
90.964172,3.5219235
90.975782,3.0938167
90.987392,2.9861943
90.999002,3.6285097
91.010612,2.4826197
91.022222,2.8204658
91.033832,3.2370453
91.045442,2.4395658
91.057052,3.1944174
91.068662,2.785606
91.080272,2.7149107
91.091882,3.1220302
91.103492,2.6512785
91.115102,2.9000358
91.126712,3.1291435
91.138322,2.4272353
91.149932,3.000905
91.161542,2.793314
91.173152,2.5332755
91.184762,3.0468543
91.196372,2.1183512
91.207982,2.950598
91.219592,2.8278666
91.231202,2.6370024
91.242812,3.0049462
91.254422,2.7447612
91.266032,2.9747892
91.277642,3.1714261
91.289252,2.8624342
91.300862,2.6364963
91.312472,2.5207284
91.324082,2.4359257
91.335692,2.6613619
91.347302,2.788116
91.358912,2.574352
91.370522,2.4607822
91.382132,2.7858419
91.393741,2.8758229
91.405351,2.7577252
91.416961,2.728521
91.428571,2.693381
91.440181,2.4092097
91.451791,2.2471983
91.463401,2.2357086
91.475011,2.3113415
91.486621,2.319887
91.498231,1.7993661
91.509841,1.6493853
91.521451,1.8975814
91.533061,1.525634
91.544671,1.5682811
91.556281,1.6804611
91.567891,1.6575868
91.579501,1.8654058
91.591111,3.2791519
91.602721,4.112054
91.614331,4.4539928
91.625941,4.6098878
91.637551,4.158334
91.649161,3.7976999
91.660771,3.6129585
91.672381,3.3740354
91.683991,3.0705025
91.695601,2.9506483
91.707211,2.193348
91.718821,2.8671791
91.730431,2.346622
91.742041,2.1609776
91.753651,2.4963064
91.765261,2.4711847
91.776871,2.5066316
91.788481,2.1311272
91.800091,2.4249219
91.811701,2.0588119
91.823311,1.9106716
91.834921,2.1214894
91.846531,1.5592013
91.858141,2.0898009
91.869751,4.4318432
91.881361,4.6603062
91.892971,3.8068348
91.90458,3.8771341
91.91619,3.9561636
91.9278,2.9332362
91.93941,3.6739153
91.95102,3.0712119
91.96263,2.9036591
91.97424,2.6305852
91.98585,1.7692488
91.99746,2.3497361
92.00907,2.0602196
92.02068,2.3254425
92.03229,1.8150869
92.0439,1.8387317
92.05551,1.6504666
92.06712,1.8517291
92.07873,1.7443365
92.09034,1.7901558
92.10195,1.9665848
92.11356,1.5061768
92.12517,1.463691
92.13678,2.2982444
92.14839,2.6717288
92.16,2.7275748
92.17161,2.1893943
92.18322,4.0752367
92.19483,4.3688787
92.20644,3.9314939
92.21805,3.7443342
92.22966,3.7350992
92.24127,4.0143916
92.25288,5.0695555
92.26449,3.6260663
92.2761,3.4040465
92.28771,3.5742444
92.29932,3.5487243
92.31093,3.5874252
92.32254,2.9712001
92.33415,3.1321947
92.34576,2.8893146
92.35737,2.8825604
92.36898,2.7460067
92.38059,3.1631764
92.3922,2.4502485
92.40381,2.2263174
92.41542,2.1465093
92.427029,2.3035208
92.438639,2.5648399
92.450249,2.2710902
92.461859,2.9466281
92.473469,2.9736655
92.485079,3.0736752
92.496689,3.3729005
92.508299,2.7445558
92.519909,2.4609588
92.531519,2.2278017
92.543129,1.512032
92.554739,1.4597885
92.566349,1.525428
92.577959,1.803489
92.589569,1.7623207
92.601179,1.6465755
92.612789,1.826605
92.624399,1.9541244
92.636009,2.6550961
92.647619,3.3624274
92.659229,3.4912055
92.670839,4.0175816
92.682449,3.2033164
92.694059,3.5451929
92.705669,3.7945311
92.717279,2.9689851
92.728889,3.3219874
92.740499,3.3374071
92.752109,2.7492644
92.763719,3.4251897
92.775329,2.8997927
92.786939,2.9074278
92.798549,3.2166722
92.810159,2.2903912
92.821769,3.1501602
92.833379,2.8815426
92.844989,2.7082638
92.856599,2.9451831
92.868209,2.5386175
92.879819,2.7949863
92.891429,2.8883822
92.903039,2.4610038
92.914649,2.9045981
92.926259,3.0799255
92.937868,2.6755926
92.949478,3.0163786
92.961088,3.2121582
92.972698,3.4211287
92.984308,3.2770379
92.995918,4.0549365
93.007528,3.9881742
93.019138,2.694922
93.030748,2.9583914
93.042358,2.774626
93.053968,2.6656108
93.065578,2.7370536
93.077188,2.8096121
93.088798,2.7666179
93.100408,2.8147631
93.112018,2.2088475
93.123628,2.3955252
93.135238,2.553171
93.146848,2.3274156
93.158458,3.0612674
93.170068,2.6643209
93.181678,2.2898758
93.193288,3.0861167
93.204898,1.9671635
93.216508,2.3316797
93.228118,2.4340641
93.239728,2.0328858
93.251338,2.6377597
93.262948,2.0961601
93.274558,2.0437162
93.286168,2.2916221
93.297778,1.7229286
93.309388,1.9956914
93.320998,2.3457048
93.332608,2.2477772
93.344218,3.6025294
93.355828,3.2252782
93.367438,4.3336273
93.379048,3.6848663
93.390658,3.4419446
93.402268,3.8706538
93.413878,3.1542414
93.425488,3.6629157
93.437098,2.6079878
93.448707,3.1956562
93.460317,2.6994505
93.471927,2.8466421
93.483537,3.0592841
93.495147,2.6514492
93.506757,3.3872919
93.518367,2.0510762
93.529977,3.0062158
93.541587,2.230466
93.553197,2.3803494
93.564807,2.1892022
93.576417,2.1945187
93.588027,2.0722782
93.599637,1.7432989
93.611247,2.2934445
93.622857,1.4884629
93.634467,2.037796
93.646077,1.5755916
93.657687,1.5780187
93.669297,1.2386965
93.680907,1.5325755
93.692517,1.3797234
93.704127,1.4574911
93.715737,1.4254383
93.727347,2.2717812
93.738957,2.9310832
93.750567,2.8316131
93.762177,4.121878
93.773787,4.104245
93.785397,3.7452801
93.797007,3.1976574
93.808617,3.4598842
93.820227,3.099666
93.831837,3.5405134
93.843447,2.6461482
93.855057,2.6193851
93.866667,2.6237812
93.878277,2.8140823
93.889887,3.2393697
93.901497,2.9485842
93.913107,2.4202373
93.924717,2.9528832
93.936327,2.8105393
93.947937,2.7851553
93.959546,2.9443025
93.971156,2.7364819
93.982766,3.0168384
93.994376,2.8015712
94.005986,2.4019507
94.017596,2.7568264
94.029206,2.9817013
94.040816,2.7585662
94.052426,2.7013675
94.064036,2.1713795
94.075646,2.7108464
94.087256,2.8306889
94.098866,2.5872963
94.110476,2.6637078
94.122086,2.7282176
94.133696,2.9550652
94.145306,2.9145423
94.156916,2.1820019
94.168526,2.2926555
94.180136,2.5242761
94.191746,2.6160621
94.203356,2.1439556
94.214966,2.0914562
94.226576,2.3620455
94.238186,2.4110465
94.249796,2.2122958
94.261406,1.7762
94.273016,2.0497008
94.284626,2.3082741
94.296236,2.0541629
94.307846,1.9422487
94.319456,1.9341775
94.331066,2.0169357
94.342676,2.2142419
94.354286,1.9882302
94.365896,1.9193818
94.377506,2.0622452
94.389116,2.0295332
94.400726,2.1594546
94.412336,1.8194412
94.423946,1.8164845
94.435556,2.0348226
94.447166,1.9062255
94.458776,2.2094597
94.470385,1.919729
94.481995,2.1359445
94.493605,2.4218113
94.505215,2.5596622
94.516825,2.541488
94.528435,2.5611601
94.540045,2.3172162
94.551655,2.2197625
94.563265,2.3838125
94.574875,2.2536525
94.586485,1.9515043
94.598095,2.1280825
94.609705,2.4355715
94.621315,1.7236526
94.632925,2.0948518
94.644535,2.074044
94.656145,1.7864127
94.667755,2.0835577
94.679365,1.9612267
94.690975,2.3984443
94.702585,2.0516844
94.714195,1.8219956
94.725805,2.1807991
94.737415,1.9041835
94.749025,1.7990263
94.760635,1.7895748
94.772245,1.8763467
94.783855,2.1347576
94.795465,1.997535
94.807075,1.9392206
94.818685,1.8061159
94.830295,1.9221342
94.841905,1.830514
94.853515,1.9604839
94.865125,2.3054308
94.876735,3.7187493
94.888345,4.3306683
94.899955,3.7490569
94.911565,4.4337625
94.923175,3.6276025
94.934785,4.0166819
94.946395,4.1721891
94.958005,3.3100459
94.969615,4.0783276
94.981224,3.6938429
94.992834,3.5265612
95.004444,3.9316689
95.016054,3.2205742
95.027664,3.6313624
95.039274,3.5353413
95.050884,3.3408803
95.062494,3.3309592
95.074104,3.5201912
95.085714,3.271396
95.097324,3.4603562
95.108934,3.607009
95.120544,3.2520722
95.132154,3.5030211
95.143764,3.1919505
95.155374,3.2733466
95.166984,3.2995231
95.178594,3.5709691
95.190204,3.8218237
95.201814,3.3555865
95.213424,4.0092788
95.225034,3.4249888
95.236644,3.4713748
95.248254,3.5355772
95.259864,3.408056
95.271474,3.1760536
95.283084,3.2826894
95.294694,3.1279379
95.306304,3.218744
95.317914,3.1596746
95.329524,3.1443062
95.341134,3.1732658
95.352744,2.8660305
95.364354,3.1346257
95.375964,3.2862334
95.387574,2.7288981
95.399184,3.1191478
95.410794,2.930256
95.422404,2.8983682
95.434014,3.0483317
95.445624,2.6916943
95.457234,2.8223682
95.468844,2.9981673
95.480454,2.7190047
95.492063,2.8997247
95.503673,2.9079279
95.515283,2.6379087
95.526893,2.9178191
95.538503,2.7419015
95.550113,2.678541
95.561723,2.9045006
95.573333,2.5991542
95.584943,2.7803337
95.596553,2.7329555
95.608163,3.2200164
95.619773,2.8538181
95.631383,2.721566
95.642993,2.5706969
95.654603,2.7247873
95.666213,2.6398431
95.677823,2.2481573
95.689433,2.4381016
95.701043,2.7799002
95.712653,2.6724257
95.724263,2.6184305
95.735873,2.8391102
95.747483,3.1106625
95.759093,2.8675723
95.770703,2.6464023
95.782313,2.7033402
95.793923,2.5593846
95.805533,2.2702537
95.817143,2.0734408
95.828753,2.5194414
95.840363,2.4357823
95.851973,2.0849658
95.863583,1.9517118
95.875193,1.8976598
95.886803,1.5935675
95.898413,1.5534786
95.910023,1.9186463
95.921633,1.3502815
95.933243,2.1815708
95.944853,3.4283471
95.956463,3.9252123
95.968073,3.9355845
95.979683,3.7756009
95.991293,3.9592028
96.002902,3.1476107
96.014512,3.4582479
96.026122,2.7886208
96.037732,2.5851856
96.049342,2.5195248
96.060952,2.134719
96.072562,1.8411207
96.084172,2.0916067
96.095782,2.0398594
96.107392,1.9852825
96.119002,2.482172
96.130612,1.8850218
96.142222,2.3304175
96.153832,2.1444143
96.165442,1.4908534
96.177052,1.9857982
96.188662,1.5577163
96.200272,1.4907798
96.211882,1.7270826
96.223492,3.2471631
96.235102,3.7892207
96.246712,3.8486768
96.258322,3.1261135
96.269932,2.9021335
96.281542,3.4494588
96.293152,3.2908999
96.304762,2.5886379
96.316372,2.9091835
96.327982,2.492644
96.339592,2.4415663
96.351202,2.2550966
96.362812,1.7184851
96.374422,1.938923
96.386032,1.6665925
96.397642,1.3330557
96.409252,1.2333705
96.420862,0.97877346
96.432472,1.88743
96.444082,1.6770767
96.455692,1.5029219
96.467302,1.5948078
96.478912,1.4111244
96.490522,2.0013501
96.502132,2.4189814
96.513741,2.5665203
96.525351,2.4674863
96.536961,2.9803928
96.548571,3.7399773
96.560181,4.2809238
96.571791,3.9956003
96.583401,3.7164657
96.595011,4.18656
96.606621,3.965485
96.618231,2.5490842
96.629841,3.9821642
96.641451,3.7784232
96.653061,3.0170704
96.664671,2.8529222
96.676281,3.3099139
96.687891,2.2651586
96.699501,2.6757673
96.711111,2.1379313
96.722721,2.2977658
96.734331,2.7012436
96.745941,1.9635054
96.757551,2.5798549
96.769161,2.4351038
96.780771,2.1745696
96.792381,2.1744603
96.803991,2.0890097
96.815601,2.3266067
96.827211,2.3225609
96.838821,2.0986677
96.850431,2.1573733
96.862041,2.0495784
96.873651,2.1638231
96.885261,2.3444464
96.896871,1.7308883
96.908481,2.1318849
96.920091,2.2970892
96.931701,1.7744997
96.943311,2.1800002
96.954921,1.7500264
96.966531,1.6402823
96.978141,1.8287443
96.989751,1.6326551
97.001361,2.4986604
97.012971,2.7241501
97.02458,2.4690381
97.03619,3.0561818
97.0478,3.0174325
97.05941,2.8927519
97.07102,3.0149865
97.08263,2.6735724
97.09424,3.0467917
97.10585,2.7940435
97.11746,2.8323464
97.12907,2.9615002
97.14068,2.7690198
97.15229,2.6276335
97.1639,2.7418807
97.17551,2.8581696
97.18712,2.5110467
97.19873,2.5451351
97.21034,2.7457447
97.22195,2.6179576
97.23356,2.4425972
97.24517,2.3084123
97.25678,2.1885934
97.26839,2.7922287
97.28,2.294277
97.29161,2.9850872
97.30322,2.8850327
97.31483,2.2171004
97.32644,3.2431488
97.33805,2.9812015
97.34966,3.034907
97.36127,2.7227696
97.37288,3.8147352
97.38449,3.5894353
97.3961,2.4655697
97.40771,2.8073425
97.41932,2.3272814
97.43093,2.6218187
97.44254,1.9258125
97.45415,2.5743643
97.46576,2.4412509
97.47737,2.4776932
97.48898,2.5670406
97.50059,2.2045634
97.5122,2.9476808
97.52381,2.732812
97.53542,2.5390522
97.547029,3.1549625
97.558639,2.4099108
97.570249,3.0862148
97.581859,2.6843187
97.593469,2.2305714
97.605079,2.8972219
97.616689,2.6191423
97.628299,2.5790286
97.639909,2.7445615
97.651519,2.0291476
97.663129,2.3944511
97.674739,2.3752853
97.686349,1.7193919
97.697959,2.3460922
97.709569,2.0217112
97.721179,2.3727232
97.732789,3.5151858
97.744399,2.2226214
97.756009,2.6677759
97.767619,2.6694766
97.779229,2.6257744
97.790839,2.2436596
97.802449,2.008386
97.814059,1.973667
97.825669,2.413233
97.837279,2.0098921
97.848889,2.0727949
97.860499,1.6133459
97.872109,1.928144
97.883719,1.9247396
97.895329,1.6236213
97.906939,2.0484971
97.918549,1.7721488
97.930159,1.6390552
97.941769,1.8659816
97.953379,1.7419622
97.964989,1.4521965
97.976599,1.8495555
97.988209,1.452392
97.999819,1.8804034
98.011429,1.4004169
98.023039,1.4269757
98.034649,1.6316214
98.046259,1.2014298
98.057868,1.3726217
98.069478,1.4485041
98.081088,1.3571885
98.092698,2.3945398
98.104308,3.4632276
98.115918,3.6920678
98.127528,3.4791109
98.139138,3.2693605
98.150748,3.1337782
98.162358,3.8879941
98.173968,2.8089322
98.185578,3.2724603
98.197188,2.713851
98.208798,2.8717779
98.220408,3.1185656
98.232018,2.7794768
98.243628,2.810798
98.255238,2.495878
98.266848,3.0734437
98.278458,3.1202208
98.290068,2.859829
98.301678,2.8948936
98.313288,2.5893746
98.324898,2.8474002
98.336508,2.8733428
98.348118,2.8517564
98.359728,2.6503454
98.371338,2.3117412
98.382948,2.7937618
98.394558,2.6151262
98.406168,2.4197948
98.417778,2.0932131
98.429388,2.0435711
98.440998,2.5259026
98.452608,1.9819923
98.464218,1.9087129
98.475828,1.7036335
98.487438,1.9401199
98.499048,2.0407815
98.510658,1.6442789
98.522268,2.3672102
98.533878,1.9057048
98.545488,1.8509429
98.557098,1.7515075
98.568707,1.6151672
98.580317,1.9781973
98.591927,1.680927
98.603537,1.5611996
98.615147,1.610672
98.626757,2.0630884
98.638367,1.9467355
98.649977,1.7370048
98.661587,1.7981093
98.673197,1.5667449
98.684807,2.2067348
98.696417,1.5475169
98.708027,1.4826037
98.719637,1.955965
98.731247,1.4058579
98.742857,1.9430148
98.754467,1.1027803
98.766077,1.380585
98.777687,1.6257351
98.789297,1.5027473
98.800907,1.7742831
98.812517,1.5444419
98.824127,1.5827408
98.835737,1.496116
98.847347,1.9087637
98.858957,1.6456222
98.870567,1.9035468
98.882177,2.180723
98.893787,2.0304886
98.905397,2.4225254
98.917007,2.6062742
98.928617,3.3400054
98.940227,2.7330139
98.951837,2.4782361
98.963447,2.6303288
98.975057,2.2497072
98.986667,2.5387951
98.998277,1.7660963
99.009887,2.1519887
99.021497,2.2228024
99.033107,2.1259382
99.044717,2.2243869
99.056327,2.1920163
99.067937,2.3915498
99.079546,2.1170776
99.091156,2.3999985
99.102766,2.4994037
99.114376,2.2222454
99.125986,2.2291119
99.137596,2.1663204
99.149206,2.5417031
99.160816,2.2461331
99.172426,1.8644211
99.184036,2.2719973
99.195646,1.9023638
99.207256,2.2209778
99.218866,1.6538495
99.230476,1.5069251
99.242086,2.0551523
99.253696,1.7692593
99.265306,1.9499108
99.276916,1.388085
99.288526,1.6914544
99.300136,2.2421361
99.311746,2.6734535
99.323356,2.7592202
99.334966,1.7920686
99.346576,2.607717
99.358186,2.0746862
99.369796,1.9523562
99.381406,2.7758845
99.393016,1.6801933
99.404626,2.225128
99.416236,2.7105143
99.427846,1.7135416
99.439456,2.6850894
99.451066,1.7534113
99.462676,2.2227649
99.474286,2.8102755
99.485896,1.5073778
99.497506,2.4431474
99.509116,2.1768126
99.520726,2.3373501
99.532336,2.437368
99.543946,1.8771574
99.555556,2.5912032
99.567166,2.426256
99.578776,1.9695307
99.590385,2.2570063
99.601995,2.0594988
99.613605,2.1903944
99.625215,2.3197379
99.636825,3.327077
99.648435,3.1364447
99.660045,3.4121277
99.671655,2.9611877
99.683265,2.7965817
99.694875,2.7480424
99.706485,2.4237996
99.718095,2.5775378
99.729705,2.0930414
99.741315,2.36028
99.752925,2.2115597
99.764535,2.4518424
99.776145,2.6493682
99.787755,2.1477829
99.799365,2.2876856
99.810975,2.3837534
99.822585,2.2149362
99.834195,2.2766545
99.845805,1.9975743
99.857415,1.823081
99.869025,2.5225064
99.880635,1.6380598
99.892245,2.0567879
99.903855,2.2458171
99.915465,1.6638507
99.927075,2.3414582
99.938685,1.8832826
99.950295,1.8781819
99.961905,2.3583752
99.973515,1.6987294
99.985125,2.1422158
99.996735,1.9821153
100.00834,1.7009479
100.01995,2.3117639
100.03156,1.821776
100.04317,1.8613817
100.05478,2.1388042
100.06639,1.5359189
100.078,2.1872493
100.08961,1.7677529
100.10122,1.6554804
100.11283,1.9720534
100.12444,1.6006426
100.13605,1.9129998
100.14766,1.870385
100.15927,1.7239921
100.17088,1.9622436
100.18249,1.6382462
100.1941,1.7649095
100.20571,1.7921094
100.21732,1.6615552
100.22893,1.8070465
100.24054,1.7122001
100.25215,1.6723311
100.26376,1.7410455
100.27537,1.6057326
100.28698,1.4940027
100.29859,1.6989335
100.3102,1.5062902
100.32181,1.7296593
100.33342,1.6133614
100.34503,1.4412654
100.35664,1.6686033
100.36825,1.2229598
100.37986,1.4366449
100.39147,1.6158828
100.40308,1.1003838
100.41469,1.4966018
100.4263,1.325735
100.43791,1.1945966
100.44952,1.4913376
100.46113,0.9956642
100.47274,1.8146139
100.48435,2.9752044
100.49596,3.8147609
100.50757,3.8259813
100.51918,3.8523667
100.53079,3.4991476
100.5424,3.4318024
100.55401,3.5704025
100.56562,3.1914336
100.57723,3.5788896
100.58884,3.3103793
100.60045,2.6356042
100.61206,2.4891241
100.62367,2.2374603
100.63528,1.8676341
100.64689,2.3826751
100.6585,2.3153112
100.67011,1.8322028
100.68172,2.4799312
100.69333,2.1642148
100.70494,2.3401311
100.71655,2.1726586
100.72816,1.6050076
100.73977,2.1108064
100.75138,1.7126851
100.76299,1.7803247
100.7746,1.5783709
100.78621,1.5111422
100.79782,1.9235133
100.80943,2.5147123
100.82104,3.5386992
100.83265,3.4362806
100.84426,2.2605074
100.85587,2.8442214
100.86748,2.8790768
100.87909,1.9841157
100.8907,2.3277168
100.90231,2.320378
100.91392,2.0926977
100.92553,2.8794178
100.93714,2.4610275
100.94875,2.3577736
100.96036,2.2332656
100.97197,1.6001322
100.98358,1.705522
100.99519,1.4193308
101.0068,1.138132
101.01841,1.1310665
101.03002,1.1721957
101.04163,1.0911297
101.05324,1.4172706
101.06485,1.3329796
101.07646,1.2443717
101.08807,1.4358463
101.09968,1.5712505
101.11129,0.99238107
101.1229,1.3517348
101.13451,1.4805725
101.14612,1.0442151
101.15773,1.2665884
101.16934,1.2159176
101.18095,1.0469467
101.19256,1.7133354
101.20417,1.5574115
101.21578,1.8247974
101.22739,2.13375
101.239,3.8362762
101.25061,3.7109385
101.26222,3.3763164
101.27383,3.4309135
101.28544,3.1796606
101.29705,2.6972332
101.30866,2.3344148
101.32027,1.9766054
101.33188,1.8689522
101.34349,2.1290273
101.3551,2.5510027
101.36671,2.733273
101.37832,2.4740501
101.38993,2.2000173
101.40154,2.3450794
101.41315,2.0218835
101.42476,2.4505945
101.43637,1.9486762
101.44798,1.7562935
101.45959,2.1606986
101.4712,1.8674104
101.48281,2.3115806
101.49442,1.8142273
101.50603,1.8635531
101.51764,2.1995523
101.52925,2.21902
101.54086,2.3366247
101.55247,1.762371
101.56408,2.221929
101.57569,2.1885879
101.5873,1.7511426
101.59891,1.6527019
101.61052,1.5137486
101.62213,1.5367454
101.63374,1.8662112
101.64535,1.4936467
101.65696,1.3041438
101.66857,1.6361124
101.68018,1.3498711
101.69179,1.5117074
101.7034,1.6522478
101.71501,1.4455695
101.72662,1.6863376
101.73823,1.663968
101.74984,1.5217026
101.76145,1.7767299
101.77306,1.2894537
101.78467,1.3448767
101.79628,1.8756851
101.80789,1.3949716
101.8195,1.8155562
101.83111,2.3350121
101.84272,2.4571338
101.85433,2.5985634
101.86594,2.7067554
101.87755,2.0083947
101.88916,2.8706905
101.90077,2.2383827
101.91238,2.2908001
101.92399,2.7715294
101.9356,1.8246299
101.94721,2.7392168
101.95882,2.4594166
101.97043,1.9057066
101.98204,2.5260398
101.99365,2.1171721
102.00526,2.2316567
102.01687,2.4854372
102.02848,1.8143777
102.04009,2.5190111
102.0517,2.310144
102.06331,2.1386878
102.07492,2.4513915
102.08653,1.8628685
102.09814,2.3510801
102.10975,2.3914427
102.12136,2.0993237
102.13297,2.3396884
102.14458,2.1051074
102.15619,2.0623969
102.1678,2.3462334
102.17941,2.2285111
102.19102,2.2105233
102.20263,1.8616653
102.21424,1.3448726
102.22585,2.3314711
102.23746,2.1481193
102.24907,1.4260666
102.26068,2.5971542
102.27229,1.9646662
102.2839,1.9484031
102.29551,2.2828819
102.30712,1.5942465
102.31873,2.1435196
102.33034,1.6752216
102.34195,1.5508975
102.35356,2.3664807
102.36517,1.5897697
102.37678,2.1814711
102.38839,2.2945341
102.4,1.8768689
102.41161,2.5993048
102.42322,1.9877269
102.43483,2.5617706
102.44644,2.7028875
102.45805,2.1695571
102.46966,2.7841006
102.48127,2.4939031
102.49288,2.4823832
102.50449,2.9396768
102.5161,2.2783748
102.52771,2.7226356
102.53932,2.593431
102.55093,2.2288146
102.56254,2.7293363
102.57415,2.2845773
102.58576,2.3722972
102.59737,2.5194528
102.60898,2.0401702
102.62059,2.4727218
102.6322,2.2897274
102.64381,1.9712412
102.65542,2.3613734
102.66703,1.9055228
102.67864,2.1179519
102.69025,2.2892078
102.70186,1.8359511
102.71347,2.2161201
102.72508,1.8858486
102.73669,1.8128938
102.7483,2.0800878
102.75991,1.6929343
102.77152,1.90866
102.78313,1.9948828
102.79474,1.7267247
102.80635,2.0531201
102.81796,1.5931258
102.82957,1.9661968
102.84118,1.8769793
102.85279,2.4013117
102.8644,1.9623111
102.87601,3.5082978
102.88762,3.0094558
102.89923,2.4894556
102.91084,3.5098821
102.92245,1.9881065
102.93406,3.5371575
102.94567,2.2058565
102.95728,3.1670787
102.96889,3.094236
102.9805,2.5756837
102.99211,3.5070287
103.00372,2.270901
103.01533,3.4142377
103.02694,2.8116865
103.03855,2.9623053
103.05016,3.1633745
103.06177,2.0814255
103.07338,2.9083743
103.08499,2.0469105
103.0966,2.567729
103.10821,2.3552548
103.11982,2.0583435
103.13143,2.5571729
103.14304,1.5176706
103.15465,2.4977819
103.16626,1.400729
103.17787,2.2603754
103.18948,1.7548313
103.20109,1.9860684
103.2127,2.2099808
103.22431,1.4478254
103.23592,2.2169192
103.24753,1.139857
103.25914,2.0507109
103.27075,1.4540078
103.28236,1.779019
103.29397,1.7320032
103.30558,1.4635184
103.31719,1.8728546
103.3288,1.1581285
103.34041,1.6933028
103.35202,1.4511246
103.36363,1.4895267
103.37524,1.6566357
103.38685,1.391013
103.39846,1.5721908
103.41007,1.4053677
103.42168,1.3853855
103.43329,1.5679118
103.4449,1.0924911
103.45651,1.6262817
103.46812,1.2450107
103.47973,1.4781565
103.49134,1.4560389
103.50295,1.2018393
103.51456,1.6165747
103.52617,0.93736757
103.53778,2.0012022
103.54939,2.2269052
103.561,3.1233763
103.57261,2.7404511
103.58422,3.1805312
103.59583,2.8901873
103.60744,2.8406243
103.61905,3.0547862
103.63066,2.4283228
103.64227,3.0252481
103.65388,2.4376047
103.66549,2.740089
103.6771,2.6063663
103.68871,2.6310859
103.70032,2.8474374
103.71193,2.3803016
103.72354,2.8691469
103.73515,2.3868862
103.74676,2.4248726
103.75837,2.2935178
103.76998,2.0080006
103.78159,2.2284863
103.7932,1.8246644
103.80481,2.3506157
103.81642,1.8848134
103.82803,2.7244732
103.83964,2.1711791
103.85125,2.3538129
103.86286,2.8279325
103.87447,2.2761053
103.88608,2.5995196
103.89769,1.6139748
103.9093,1.8494763
103.92091,2.7561528
103.93252,2.3798231
103.94413,2.3946025
103.95574,1.9502626
103.96735,2.085217
103.97896,2.5042703
103.99057,2.1923596
104.00218,2.0658162
104.01379,1.9330727
104.0254,2.2644614
104.03701,1.7263754
104.04862,2.046691
104.06023,1.8974281
104.07184,1.7278087
104.08345,2.5025464
104.09506,1.7032774
104.10667,1.9489183
104.11828,2.1701536
104.12989,1.9947195
104.1415,2.6633845
104.15311,1.6165534
104.16472,1.8019702
104.17633,2.2564376
104.18794,2.1010845
104.19955,2.1962618
104.21116,1.725424
104.22277,1.7139345
104.23438,1.7703934
104.24599,1.8248974
104.2576,1.4853323
104.26921,1.5051845
104.28082,1.4358628
104.29243,1.3204842
104.30404,1.7075473
104.31565,1.3188314
104.32726,1.6180054
104.33887,1.5563405
104.35048,1.2292465
104.36209,1.6001776
104.3737,1.3818583
104.38531,1.5032424
104.39692,1.6568953
104.40853,1.4493299
104.42014,1.550144
104.43175,1.4227715
104.44336,1.3791451
104.45497,1.6556582
104.46658,1.7154425
104.47819,1.604513
104.4898,1.4726421
104.50141,1.6284175
104.51302,1.6874635
104.52463,1.678059
104.53624,1.4325997
104.54785,1.5158889
104.55946,1.7256231
104.57107,1.6427887
104.58268,1.7352601
104.59429,1.4329148
104.6059,1.5227128
104.61751,1.7202623
104.62912,1.5589952
104.64073,1.6998946
104.65234,1.5752793
104.66395,1.5967394
104.67556,1.9123312
104.68717,1.5876258
104.69878,1.4910525
104.71039,1.6787159
104.722,1.5524255
104.73361,1.8049835
104.74522,2.1528692
104.75683,2.8009016
104.76844,2.9575909
104.78005,3.2021548
104.79166,2.9841592
104.80327,3.1028074
104.81488,3.1654814
104.82649,3.4422347
104.8381,4.387192
104.84971,4.2873699
104.86132,4.4849193
104.87293,4.433201
104.88454,4.2657345
104.89615,4.1594912
104.90776,4.3120373
104.91937,4.3343707
104.93098,4.0606086
104.94259,3.9389545
104.9542,3.9792465
104.9658,4.1433893
104.97741,4.2330387
104.98902,4.1521196
105.00063,6.2380239
105.01224,11.461526
105.02385,13.90142
105.03546,15.980166
105.04707,15.710034
105.05868,15.117803
105.07029,14.409982
105.0819,12.654313
105.09351,12.442266
105.10512,12.365381
105.11673,11.252743
105.12834,10.552234
105.13995,9.9518469
105.15156,9.5873029
105.16317,10.617259
105.17478,10.408648
105.18639,9.6156199
105.198,9.8818263
105.20961,10.46443
105.22122,9.3801165
105.23283,8.489888
105.24444,9.1420046
105.25605,9.1020405
105.26766,8.3526906
105.27927,8.5953878
105.29088,8.7669664
105.30249,8.2444609
105.3141,8.0771548
105.32571,8.8948131
105.33732,8.7754329
105.34893,7.5409055
105.36054,7.6258191
105.37215,8.4745598
105.38376,7.8058512
105.39537,6.8860438
105.40698,7.0879301
105.41859,7.2539067
105.4302,7.4460066
105.44181,7.197416
105.45342,7.2641571
105.46503,6.8461287
105.47664,6.2020809
105.48825,6.2772747
105.49986,6.7611344
105.51147,6.1760526
105.52308,5.675918
105.53469,6.5292107
105.5463,6.9245146
105.55791,6.4877412
105.56952,6.1317132
105.58113,6.2494361
105.59274,6.3932017
105.60435,6.3233862
105.61596,6.4458514
105.62757,6.4284697
105.63918,5.9060739
105.65079,5.7343504
105.6624,6.1265598
105.67401,6.1102731
105.68562,5.295871
105.69723,5.0689879
105.70884,5.5887558
105.72045,5.8217947
105.73206,5.433147
105.74367,5.2948389
105.75528,5.438732
105.76689,5.433659
105.7785,5.4931574
105.79011,5.5962272
105.80172,5.3157608
105.81333,5.0534438
105.82494,5.2251409
105.83655,5.4225661
105.84816,4.9985945
105.85977,4.3342062
105.87138,4.4053131
105.88299,4.8020928
105.8946,4.6865801
105.90621,4.2254183
105.91782,4.0010485
105.92943,4.2403052
105.94104,4.1255237
105.95265,4.108928
105.96426,3.8576813
105.97587,3.5407059
105.98748,3.7740797
105.99909,3.9831132
106.0107,3.9482847
106.02231,3.4028765
106.03392,3.4078575
106.04553,3.7667578
106.05714,3.824157
106.06875,3.4904452
106.08036,3.1556225
106.09197,3.2932867
106.10358,3.4303147
106.11519,3.4839911
106.1268,3.2064919
106.13841,2.9891492
106.15002,2.9241865
106.16163,2.9816727
106.17324,3.0789546
106.18485,3.0527471
106.19646,2.73254
106.20807,2.5782756
106.21968,2.6811009
106.23129,2.9255821
106.2429,2.5939015
106.25451,2.4441097
106.26612,2.6485779
106.27773,2.6288556
106.28934,2.8641795
106.30095,2.530728
106.31256,2.2867222
106.32417,2.4462757
106.33578,2.8430285
106.34739,2.6665891
106.359,2.5023488
106.37061,2.3263507
106.38222,2.3860892
106.39383,2.6013305
106.40544,2.5479347
106.41705,2.4476684
106.42866,2.3435875
106.44027,2.373241
106.45188,2.4663408
106.46349,2.2726345
106.4751,2.3105255
106.48671,2.4848321
106.49832,2.2320441
106.50993,2.0365796
106.52154,2.4290312
106.53315,2.6038226
106.54476,2.3861171
106.55637,1.9494027
106.56798,2.3974203
106.57959,2.8018191
106.5912,2.5188411
106.60281,2.2818597
106.61442,2.384707
106.62603,2.5423507
106.63764,2.744062
106.64925,2.4734678
106.66086,2.2642158
106.67247,2.2331203
106.68408,2.4896695
106.69569,2.6631579
106.7073,2.3546965
106.71891,2.0379854
106.73052,2.4273732
106.74213,2.6482688
106.75374,2.4025311
106.76535,2.3039177
106.77696,2.3091087
106.78857,2.3650298
106.80018,2.3487928
106.81179,2.6320927
106.8234,2.7317378
106.83501,2.2582211
106.84662,1.9640362
106.85823,2.6277446
106.86984,2.6945139
106.88145,2.3417634
106.89306,2.0686063
106.90467,2.3406714
106.91628,2.6328461
106.92789,2.4281128
106.9395,2.1671936
106.95111,2.098407
106.96272,2.2183469
106.97433,2.2616337
106.98594,2.4245229
106.99755,2.0793932
107.00916,1.8646617
107.02077,2.0886968
107.03238,2.3428263
107.04399,2.285842
107.0556,1.7675251
107.06721,1.9921986
107.07882,2.2400217
107.09043,2.208746
107.10204,2.2274857
107.11365,2.1236821
107.12526,2.0874942
107.13687,2.1469704
107.14848,2.3470422
107.16009,2.4419755
107.1717,2.1054881
107.18331,1.780128
107.19492,2.0946162
107.20653,2.3197427
107.21814,2.0869364
107.22975,1.9000149
107.24136,1.7965677
107.25297,1.989624
107.26458,2.0430662
107.27619,1.8440299
107.2878,1.7392873
107.29941,1.6110121
107.31102,1.7496648
107.32263,2.0843491
107.33424,2.0311995
107.34585,1.5939601
107.35746,1.6365566
107.36907,1.9608852
107.38068,2.1252975
107.39229,1.9174355
107.4039,1.7896032
107.41551,1.8927011
107.42712,1.9615151
107.43873,1.9768115
107.45034,2.0522158
107.46195,1.801376
107.47356,1.5683633
107.48517,1.7498131
107.49678,1.8900769
107.50839,1.7693786
107.52,1.4706065
107.53161,1.5048345
107.54322,1.7412716
107.55483,1.5802666
107.56644,1.609442
107.57805,1.6614178
107.58966,1.4196323
107.60127,1.3806368
107.61288,1.7320944
107.62449,1.8535687
107.6361,1.4680585
107.64771,1.3819442
107.65932,1.8013946
107.67093,1.9031057
107.68254,1.5001936
107.69415,1.4904053
107.70576,1.7566495
107.71737,1.6348793
107.72898,1.5790066
107.74059,1.5399489
107.7522,1.6158126
107.76381,1.3378063
107.77542,1.26405
107.78703,1.4524283
107.79864,1.4078845
107.81025,1.2480483
107.82186,1.2737369
107.83347,1.3943828
107.84508,1.3679847
107.85669,1.3621666
107.8683,1.3677827
107.87991,1.3223304
107.89152,1.4749512
107.90313,1.3730696
107.91474,1.5068035
107.92635,1.2103012
107.93796,1.2138749
107.94957,1.5213226
107.96118,1.4856547
107.97279,1.2248089
107.9844,1.0906244
107.99601,1.375074
108.00762,1.3084547
108.01923,1.1205901
108.03084,1.2153635
108.04245,1.2280397
108.05406,1.107855
108.06567,1.054955
108.07728,1.1108518
108.08889,1.0876435
108.1005,0.98024567
108.11211,1.0281073
108.12372,1.0221825
108.13533,0.93874508
108.14694,1.0924688
108.15855,1.2227426
108.17016,1.0197648
108.18177,1.0564956
108.19338,1.1816121
108.20499,0.87677348
108.2166,0.7690555
108.22821,0.88579755
108.23982,0.63107663
108.25143,0.74871064
108.26304,0.78537728
108.27465,0.6229481
108.28626,0.75978763
108.29787,0.84540226
108.30948,0.73871499
108.32109,0.61085215
108.3327,0.60456653
108.34431,0.66465621
108.35592,0.61522619
108.36753,0.63857317
108.37914,0.59767523
108.39075,0.56348658
108.40236,0.71624338
108.41397,0.59223694
108.42558,0.5843084
108.43719,0.58445586
108.4488,0.65292521
108.46041,0.71204529
108.47202,0.50731631
108.48363,0.47126129
108.49524,0.54310061
108.50685,0.42348762
108.51846,0.31395603
108.53007,0.42552246
108.54168,0.4462746
108.55329,0.40021849
108.5649,0.44784074
108.57651,0.44090929
108.58812,0.38592896
108.59973,0.39101509
108.61134,0.38674672
108.62295,0.28715427
108.63456,0.29684215
108.64617,0.37564237
108.65778,0.33479662
108.66939,0.31209552
108.681,0.30100565
108.69261,0.3463483
108.70422,0.37462565
108.71583,0.2707809
108.72744,0.25364776
108.73905,0.29032542
108.75066,0.27536606
108.76227,0.24645323
108.77388,0.22308071
108.78549,0.27344741
108.7971,0.22021951
108.80871,0.20001029
108.82032,0.2190106
108.83193,0.16350856
108.84354,0.15994565
108.85515,0.15108467
108.86676,0.19544
108.87837,0.15536614
108.88998,0.18129104
108.90159,0.18043211
108.9132,0.12147671
108.92481,0.16005796
108.93642,0.18454227
108.94803,0.18781475
108.95964,0.15149629
108.97125,0.14364689
108.98286,0.12951911
108.99447,0.12509919
109.00608,0.11192104
109.01769,0.14245679
109.0293,0.14802336
109.04091,0.12575501
109.05252,0.12923113
109.06413,0.082367992
109.07574,0.10310949
109.08735,0.070590649
109.09896,0.11304895
109.11057,0.10966132
109.12218,0.072346925
109.13379,0.084973426
109.1454,0.082066757
109.15701,0.098691516
109.16862,0.084455081
109.18023,0.084627465
109.19184,0.064172386
109.20345,0.083744789
109.21506,0.10922889
109.22667,0.10534963
109.23828,0.11868049
109.24989,0.12039647
109.2615,0.095798349
109.27311,0.083492445
109.28472,0.077683441
109.29633,0.05659103
109.30794,0.052220318
109.31955,0.052463859
109.33116,0.044393349
109.34277,0.045574077
109.35438,0.043332835
109.36599,0.045113456
109.3776,0.040574216
109.38921,0.043902354
109.40082,0.032869425
109.41243,0.031704718
109.42404,0.013296699
109.43565,0.018624651
109.44726,0.021084056
109.45887,0.025779016
109.47048,0.018735154
109.48209,0.017436152
109.4937,0.0093038293
109.50531,0.0085074867
109.51692,0.011287134
109.52853,0.016371176
109.54014,0.0082614177
109.55175,0.0042441722
109.56336,0.015622463
109.57497,0.0057908323
109.58658,0.0033568829
109.59819,0.0058720156
109.6098,0.0096495401
109.62141,0.0096855821
109.63302,0.0061356466
109.64463,0.010243916
109.65624,0.011129832
109.66785,0.010024289
109.67946,0.0043817209
109.69107,0.015939092
109.70268,0.010776244
109.71429,0.0053823397
109.7259,0.014262284
109.73751,0.034807493
109.74912,0.012128167
109.76073,0.0025346858
109.77234,0.0067964741
109.78395,0.010320308
109.79556,0.0036968713
109.80717,0.0036551431
109.81878,0.0047377232
109.83039,0.0031971946
109.842,0.0021493996
109.85361,6.2847087e-05
109.86522,0.0042268632
109.87683,5.2331532e-05
109.88844,0
109.90005,0.00081762481
109.91166,0.0096446447
109.92327,0.00086522978
109.93488,8.0686849e-05
109.94649,0
109.9581,0.0018455223
109.96971,0.0042638646
109.98132,0.002192401
109.99293,0.00018862777
110.00454,0
110.01615,0
110.02776,0.0012132145
110.03937,0
110.05098,0.00047958177
110.06259,0.0056304984
110.0742,0
110.0858,0
110.09741,0.002627948
110.10902,0.0049547054
110.12063,0.0011854257
110.13224,0.0048948434
110.14385,2.5775333e-05
110.15546,0.017851234
110.16707,0.0041824596
110.17868,0.013864451
110.19029,0.00036604886
110.2019,0.00073957404
110.21351,0.010261539
110.22512,0.0027993047
110.23673,0.012025129
110.24834,0.005396148
110.25995,0.00028509903
110.27156,0.0012234055
110.28317,0.0067431779
110.29478,0
110.30639,0
110.318,0
110.32961,0.00090295116
110.34122,0
110.35283,0.0013308288
110.36444,0.0064709113
110.37605,0.0085282521
110.38766,0.0097524438
110.39927,0.016310441
110.41088,8.0194683e-06
110.42249,0
110.4341,0.01511785
110.44571,0.00021022866
110.45732,0
110.46893,0
110.48054,0.015120049
110.49215,0.0046702278
110.50376,0.0049035514
110.51537,0.0051734324
110.52698,0
110.53859,0.0034448807
110.5502,0
110.56181,5.3948132e-05
110.57342,0.0062403014
110.58503,0.00062394367
110.59664,0
110.60825,0.00047168253
110.61986,0.0041305736
110.63147,0.0082094336
110.64308,0.00027750511
110.65469,0.0018595247
110.6663,0.0038397583
110.67791,0.0045406934
110.68952,0.0080566985
110.70113,2.5620745e-06
110.71274,0.0015741494
110.72435,0.010151149
110.73596,0
110.74757,0.0035791774
110.75918,0.0042615338
110.77079,0.0032949965
110.7824,0.0061876137
110.79401,0.0079609855
110.80562,0.0018358864
110.81723,0.0035264836
110.82884,0
110.84045,0.00028999312
110.85206,0.0087843772
110.86367,0.0037741006
110.87528,0.0018842732
110.88689,0
110.8985,0.00077380597
110.91011,0.0036016713
110.92172,0.0016652796
110.93333,0.0065965403
110.94494,0.0007007676
110.95655,0.00047924791
110.96816,0
110.97977,0.0032327073
110.99138,0.006913623
111.00299,0
111.0146,0.0041752303
111.02621,0.0070512451
111.03782,7.8455072e-07
111.04943,0.0032714103
111.06104,0
111.07265,0.0091056608
111.08426,0.0020964064
111.09587,0.00077433567
111.10748,0
111.11909,0.00070380099
111.1307,0.010692691
111.14231,0.0053842444
111.15392,0.0052287803
111.16553,0.008263728
111.17714,7.5222585e-05
111.18875,5.5583589e-05
111.20036,0.00063745683
111.21197,0.00053154001
111.22358,0.00018904346
111.23519,0.0047301486
111.2468,0.01578714
111.25841,0.0017889807
111.27002,0.0030830678
111.28163,0
111.29324,0.00068804338
111.30485,0.00019561975
111.31646,0.0092164848
111.32807,0.0042704258
111.33968,0.015666843
111.35129,7.8423655e-07
111.3629,0.0026258751
111.37451,0.010289293
111.38612,1.4052363e-05
111.39773,0.0027254312
111.40934,0.003018237
111.42095,0.00060623276
111.43256,0
111.44417,0
111.45578,0.0086604876
111.46739,0.0037737594
111.479,0.027352342
111.49061,0.0087975167
111.50222,0.0047580578
111.51383,0.0067817416
111.52544,0.0098349111
111.53705,0
111.54866,0.00057622999
111.56027,1.5067611e-07
111.57188,0
111.58349,0
111.5951,0.014761309
111.60671,0.0012210978
111.61832,0.011582076
111.62993,0.00080116356
111.64154,0.0011055722
111.65315,1.4513488e-05
111.66476,0.00032824693
111.67637,0.00023664027
111.68798,0.0038047153
111.69959,0
111.7112,0.0079223421
111.72281,0.00029262322
111.73442,0
111.74603,0
111.75764,0.020783506
111.76925,0.00431892
111.78086,0.0022390469
111.79247,4.492657e-06
111.80408,0.014484792
111.81569,0.00025556863
111.8273,7.8481882e-05
111.83891,0
111.85052,0.0049308928
111.86213,0.0064779596
111.87374,6.7587799e-05
111.88535,1.0622994e-05
111.89696,0.0056385639
111.90857,0.0010461402
111.92018,4.7230566e-05
111.93179,0.0027829405
111.9434,5.0454758e-07
111.95501,0.00015652688
111.96662,0.0027211173
111.97823,0.00040395883
111.98984,1.1152806e-06
112.00145,0
112.01306,0.0051042066
112.02467,0.00068612358
112.03628,0.0081039952
112.04789,0.00961777
112.0595,1.6356492e-05
112.07111,0.0073797806
112.08272,0.0013765239
