0.011609977,0
0.023219955,0
0.034829932,0
0.046439909,0
0.058049887,0
0.069659864,0
0.081269841,0
0.092879819,0
0.1044898,0
0.11609977,0
0.12770975,0
0.13931973,0
0.15092971,0
0.16253968,0
0.17414966,0
0.18575964,0
0.19736961,0
0.20897959,0
0.22058957,0
0.23219955,0
0.24380952,0
0.2554195,0
0.26702948,0.0012689042
0.27863946,0.011043838
0.29024943,0.056002424
0.30185941,0.046908807
0.31346939,0.13970781
0.32507937,0.20317196
0.33668934,0.12742362
0.34829932,0.16024122
0.3599093,0.25111954
0.37151927,0.27329169
0.38312925,0.18553453
0.39473923,0.36528346
0.40634921,0.28931808
0.41795918,1.1227519
0.42956916,6.8427183
0.44117914,7.4777777
0.45278912,7.2900992
0.46439909,6.9842101
0.47600907,7.1400595
0.48761905,10.471055
0.49922902,8.2095669
0.510839,9.2817417
0.52244898,6.7215637
0.53405896,8.3882201
0.54566893,8.2796735
0.55727891,7.344924
0.56888889,7.7150068
0.58049887,7.2242668
0.59210884,6.7999485
0.60371882,7.3661074
0.6153288,5.7356663
0.62693878,7.4285746
0.63854875,6.3636509
0.65015873,5.7488244
0.66176871,7.4569832
0.67337868,6.4601353
0.68498866,6.4876587
0.69659864,6.3990604
0.70820862,5.4694355
0.71981859,6.5565493
0.73142857,5.5368704
0.74303855,5.5398322
0.75464853,6.3906567
0.7662585,5.3761903
0.77786848,5.7045698
0.78947846,5.7915797
0.80108844,6.0356235
0.81269841,5.9050103
0.82430839,4.7560051
0.83591837,5.4116721
0.84752834,5.109544
0.85913832,4.9651321
0.8707483,4.9648947
0.88235828,4.6609958
0.89396825,4.7159727
0.90557823,4.3432525
0.91718821,4.3778591
0.92879819,4.7973246
0.94040816,4.645237
0.95201814,4.3234083
0.96362812,4.4030809
0.9752381,4.4760561
0.98684807,4.6699249
0.99845805,4.2481226
1.010068,4.5696316
1.021678,4.3313111
1.033288,3.643153
1.044898,3.8008457
1.0565079,4.3300101
1.0681179,3.819506
1.0797279,3.6164066
1.0913379,3.6827962
1.1029478,3.8573095
1.1145578,3.297051
1.1261678,3.5128064
1.1377778,3.512481
1.1493878,3.0574681
1.1609977,3.1480856
1.1726077,3.6796628
1.1842177,3.4475548
1.1958277,3.1035727
1.2074376,3.54342
1.2190476,3.4766411
1.2306576,3.1627527
1.2422676,2.9351838
1.2538776,4.7366541
1.2654875,5.3394279
1.2770975,6.7135569
1.2887075,5.3528984
1.3003175,5.5594257
1.3119274,5.5147192
1.3235374,5.3445141
1.3351474,5.1009527
1.3467574,5.1913335
1.3583673,5.4054466
1.3699773,4.9992953
1.3815873,5.1007863
1.3931973,5.0369857
1.4048073,5.1726473
1.4164172,5.4464832
1.4280272,5.342606
1.4396372,4.8023479
1.4512472,4.6725235
1.4628571,4.7861418
1.4744671,4.8844098
1.4860771,7.4654616
1.4976871,6.5866437
1.5092971,6.2849607
1.520907,6.3874007
1.532517,6.8218444
1.544127,6.3664662
1.555737,6.0353621
1.5673469,6.2157154
1.5789569,6.984275
1.5905669,6.8275422
1.6021769,6.724784
1.6137868,6.6198906
1.6253968,6.3467452
1.6370068,6.5373192
1.6486168,6.2166303
1.6602268,5.5383929
1.6718367,5.727692
1.6834467,5.7122851
1.6950567,5.4650104
1.7066667,5.1057008
1.7182766,5.2914606
1.7298866,5.6746719
1.7414966,5.3878223
1.7531066,5.3823487
1.7647166,5.420897
1.7763265,5.2862173
1.7879365,5.1246272
1.7995465,4.9735883
1.8111565,4.9034882
1.8227664,4.7481894
1.8343764,4.737694
1.8459864,4.772893
1.8575964,4.6740186
1.8692063,4.4665526
1.8808163,4.604926
1.8924263,4.7789321
1.9040363,4.7558272
1.9156463,4.442881
1.9272562,4.4308358
1.9388662,4.4927607
1.9504762,4.5652954
1.9620862,4.6779755
1.9736961,4.3547482
1.9853061,4.2364376
1.9969161,4.9293462
2.0085261,4.3341602
2.0201361,4.9297445
2.031746,4.2958549
2.043356,6.0666074
2.054966,6.3515383
2.066576,6.4321443
2.0781859,6.3728738
2.0897959,6.4916961
2.1014059,7.0032818
2.1130159,7.4861901
2.1246259,6.7782733
2.1362358,6.8557891
2.1478458,6.8699979
2.1594558,6.9917547
2.1710658,6.7963981
2.1826757,6.4596513
2.1942857,6.1825038
2.2058957,6.1992022
2.2175057,6.0061609
2.2291156,5.5995851
2.2407256,5.3165764
2.2523356,5.4357107
2.2639456,5.5560615
2.2755556,5.586076
2.2871655,5.6431787
2.2987755,5.6093447
2.3103855,5.2891964
2.3219955,5.0989294
2.3336054,4.8865406
2.3452154,4.9394498
2.3568254,4.8596053
2.3684354,4.8054399
2.3800454,4.5575292
2.3916553,4.5383361
2.4032653,4.7206632
2.4148753,4.7953804
2.4264853,4.8788027
2.4380952,4.8217968
2.4497052,4.2340836
2.4613152,4.9098744
2.4729252,3.6888001
2.4845351,3.9036476
2.4961451,4.3626252
2.5077551,4.1939835
2.5193651,4.2729495
2.5309751,3.2271329
2.542585,3.2395158
2.554195,4.6171629
2.565805,4.8232116
2.577415,4.4761603
2.5890249,4.949215
2.6006349,5.115943
2.6122449,4.6158027
2.6238549,5.1004197
2.6354649,5.1605692
2.6470748,5.2794388
2.6586848,5.1127335
2.6702948,4.989204
2.6819048,4.9100877
2.6935147,4.6037956
2.7051247,4.5420184
2.7167347,4.4522962
2.7283447,4.2789662
2.7399546,4.0751848
2.7515646,4.4858326
2.7631746,4.6634418
2.7747846,4.3998978
2.7863946,4.2752425
2.7980045,4.3977895
2.8096145,4.2200214
2.8212245,3.9461467
2.8328345,3.8189636
2.8444444,3.7374948
2.8560544,3.6691956
2.8676644,3.6670087
2.8792744,3.7939787
2.8908844,3.995924
2.9024943,4.0655453
2.9141043,4.0267745
2.9257143,3.8834874
2.9373243,3.8103636
2.9489342,3.7909164
2.9605442,3.7003766
2.9721542,3.6195151
2.9837642,3.3751366
2.9953741,3.3820209
3.0069841,3.4086779
3.0185941,3.3362013
3.0302041,3.9904691
3.0418141,4.6278289
3.053424,4.2454482
3.065034,4.0484566
3.076644,3.8240707
3.088254,2.4956177
3.0998639,3.6038169
3.1114739,3.3503898
3.1230839,2.6936267
3.1346939,2.4673159
3.1463039,2.9927348
3.1579138,3.6714758
3.1695238,2.9444896
3.1811338,2.9682164
3.1927438,2.5720201
3.2043537,2.7662098
3.2159637,3.2606789
3.2275737,3.0600791
3.2391837,2.3727071
3.2507937,2.6827309
3.2624036,2.6471696
3.2740136,2.8700317
3.2856236,2.5236698
3.2972336,2.5158246
3.3088435,2.5849269
3.3204535,2.5846713
3.3320635,2.5805736
3.3436735,2.2007516
3.3552834,2.4714918
3.3668934,2.5842935
3.3785034,2.1781375
3.3901134,2.0999361
3.4017234,2.0261655
3.4133333,2.2431585
3.4249433,2.4007588
3.4365533,1.9632477
3.4481633,1.7136054
3.4597732,1.7563747
3.4713832,1.9217104
3.4829932,1.9241183
3.4946032,1.8351391
3.5062132,1.6524049
3.5178231,1.5968626
3.5294331,1.6133934
3.5410431,2.4001938
3.5526531,2.5513941
3.564263,2.9428179
3.575873,3.5122099
3.587483,4.8656567
3.599093,3.8508956
3.6107029,3.2899139
3.6223129,3.7489558
3.6339229,4.0698251
3.6455329,2.2846512
3.6571429,3.3372738
3.6687528,2.8506715
3.6803628,2.1782388
3.6919728,3.0900406
3.7035828,3.5894761
3.7151927,2.2251324
3.7268027,2.5795978
3.7384127,3.7664617
3.7500227,3.6962208
3.7616327,2.6847105
3.7732426,3.0775062
3.7848526,3.1488246
3.7964626,2.6062962
3.8080726,2.6540417
3.8196825,2.4500634
3.8312925,2.1937282
3.8429025,2.3709067
3.8545125,2.9408804
3.8661224,2.211325
3.8777324,2.3853795
3.8893424,2.8901613
3.9009524,2.8094282
3.9125624,2.6644537
3.9241723,2.6749054
3.9357823,2.5664276
3.9473923,2.3065788
3.9590023,2.9843949
3.9706122,2.5758112
3.9822222,1.6811269
3.9938322,1.6151075
4.0054422,2.8014563
4.0170522,1.911668
4.0286621,2.1975559
4.0402721,1.4913398
4.0518821,2.1643717
4.0634921,1.8234842
4.075102,2.7484994
4.086712,1.6105435
4.098322,1.3269479
4.109932,1.6107139
4.121542,2.5600882
4.1331519,1.4853615
4.1447619,1.8921228
4.1563719,1.4070157
4.1679819,1.9537167
4.1795918,1.3963926
4.1912018,2.1949364
4.2028118,1.6963041
4.2144218,1.3433246
4.2260317,1.5816931
4.2376417,1.7265091
4.2492517,1.561913
4.2608617,1.2828356
4.2724717,1.6148803
4.2840816,1.2597149
4.2956916,1.599583
4.3073016,1.4916042
4.3189116,3.5346563
4.3305215,5.6865927
4.3421315,4.5303919
4.3537415,3.7969401
4.3653515,5.2967104
4.3769615,3.8527138
4.3885714,4.971969
4.4001814,4.044884
4.4117914,3.3827923
4.4234014,4.76136
4.4350113,3.7803006
4.4466213,4.1280244
4.4582313,4.2179046
4.4698413,4.029029
4.4814512,3.6330498
4.4930612,4.1108814
4.5046712,3.8995453
4.5162812,3.7959414
4.5278912,4.305702
4.5395011,3.0634912
4.5511111,4.2482703
4.5627211,3.6780456
4.5743311,5.7540202
4.585941,4.938008
4.597551,5.494877
4.609161,5.8618545
4.620771,5.6399469
4.632381,6.1269286
4.6439909,3.5982519
4.6556009,4.9927135
4.6672109,5.5712038
4.6788209,3.4235251
4.6904308,5.4784964
4.7020408,5.054243
4.7136508,4.0323754
4.7252608,4.7856032
4.7368707,4.313654
4.7484807,4.7342569
4.7600907,4.2002916
4.7717007,4.855966
4.7833107,4.0010565
4.7949206,2.7245583
4.8065306,4.4627899
4.8181406,3.3484566
4.8297506,2.9698055
4.8413605,4.3540388
4.8529705,2.1380095
4.8645805,2.8739857
4.8761905,3.1340478
4.8878005,2.45537
4.8994104,2.9187411
4.9110204,2.4411634
4.9226304,2.412071
4.9342404,2.6245961
4.9458503,2.4605175
4.9574603,2.4939206
4.9690703,2.3031756
4.9806803,2.3203085
4.9922902,2.552277
5.0039002,2.2793427
5.0155102,4.2093863
5.0271202,3.6992066
5.0387302,3.9061176
5.0503401,4.0636936
5.0619501,3.1015258
5.0735601,4.9301058
5.0851701,3.6135561
5.09678,3.1180058
5.10839,4.0506995
5.12,3.5248501
5.13161,5.0531541
5.14322,5.3444861
5.1548299,4.2302445
5.1664399,4.6219351
5.1780499,3.3727033
5.1896599,4.2387507
5.2012698,5.2779846
5.2128798,3.7318415
5.2244898,3.3403714
5.2360998,4.8166256
5.2477098,2.5263928
5.2593197,3.1201604
5.2709297,4.2765319
5.2825397,2.9275535
5.2941497,3.877349
5.3057596,4.492722
5.3173696,2.8505797
5.3289796,4.081436
5.3405896,3.5818983
5.3521995,3.2675737
5.3638095,4.0130315
5.3754195,3.3646584
5.3870295,3.3836327
5.3986395,2.796587
5.4102494,3.6757711
5.4218594,2.8472589
5.4334694,2.2404711
5.4450794,3.6432184
5.4566893,2.1258177
5.4682993,2.4768682
5.4799093,3.5712841
5.4915193,1.9288766
5.5031293,2.2589808
5.5147392,2.9944099
5.5263492,2.3882108
5.5379592,2.6270939
5.5495692,2.7374047
5.5611791,2.9044342
5.5727891,2.3800016
5.5843991,2.4239449
5.5960091,2.7524605
5.607619,1.7247977
5.619229,2.3685313
5.630839,1.8985922
5.642449,2.4524679
5.654059,2.0310213
5.6656689,2.9435275
5.6772789,2.1406851
5.6888889,2.4218421
5.7004989,1.8723111
5.7121088,1.7233713
5.7237188,2.09761
5.7353288,2.5264911
5.7469388,2.3728886
5.7585488,3.0864856
5.7701587,3.9632786
5.7817687,2.0214714
5.7933787,2.767662
5.8049887,3.5050463
5.8165986,2.2603737
5.8282086,2.9017965
5.8398186,3.423534
5.8514286,2.4148093
5.8630385,2.8983535
5.8746485,2.8465477
5.8862585,2.1800908
5.8978685,2.7359961
5.9094785,2.9600924
5.9210884,2.3728831
5.9326984,2.2332962
5.9443084,2.8304265
5.9559184,2.3754722
5.9675283,1.7610409
5.9791383,3.1193832
5.9907483,1.8208701
6.0023583,1.5273232
6.0139683,2.8229781
6.0255782,1.6376353
6.0371882,1.7821234
6.0487982,2.4341087
6.0604082,2.2172279
6.0720181,1.9678212
6.0836281,2.0699515
6.0952381,1.8441944
6.1068481,2.0183181
6.118458,1.7438647
6.130068,1.5940263
6.141678,1.3709207
6.153288,1.5853552
6.164898,1.8326439
6.1765079,1.2359959
6.1881179,1.891221
6.1997279,1.5492161
6.2113379,1.2709344
6.2229478,1.8972074
6.2345578,1.2364651
6.2461678,1.361515
6.2577778,1.7098079
6.2693878,1.1754171
6.2809977,1.7801624
6.2926077,1.4804701
6.3042177,1.7687601
6.3158277,1.5838025
6.3274376,1.2386135
6.3390476,1.7798764
6.3506576,0.96307616
6.3622676,1.513343
6.3738776,1.5751148
6.3854875,1.1078961
6.3970975,1.7976716
6.4087075,1.235314
6.4203175,2.0625283
6.4319274,3.6140659
6.4435374,3.2681033
6.4551474,2.2677044
6.4667574,3.3595427
6.4783673,3.0934836
6.4899773,2.580422
6.5015873,2.7691471
6.5131973,2.776688
6.5248073,2.4815109
6.5364172,3.1333729
6.5480272,2.6011944
6.5596372,2.6243667
6.5712472,2.8533228
6.5828571,1.9600336
6.5944671,2.5822093
6.6060771,2.3580937
6.6176871,1.8227322
6.6292971,2.6880151
6.640907,2.151881
6.652517,2.1636839
6.664127,2.4738601
6.675737,2.1713672
6.6873469,2.3778841
6.6989569,2.0435465
6.7105669,2.0421659
6.7221769,2.3368889
6.7337868,2.1447461
6.7453968,2.0324267
6.7570068,1.8041255
6.7686168,2.0361566
6.7802268,1.9768367
6.7918367,2.0616484
6.8034467,2.1984348
6.8150567,1.9853435
6.8266667,1.8496743
6.8382766,1.9827732
6.8498866,3.1729078
6.8614966,2.7211339
6.8731066,2.2906836
6.8847166,2.545024
6.8963265,2.911916
6.9079365,2.0666611
6.9195465,2.6946389
6.9311565,4.0516161
6.9427664,3.7182472
6.9543764,5.5303738
6.9659864,3.9608778
6.9775964,5.0723311
6.9892063,5.1066414
7.0008163,3.975377
7.0124263,4.3491856
7.0240363,3.4919724
7.0356463,3.9388202
7.0472562,3.2327171
7.0588662,3.471772
7.0704762,3.20615
7.0820862,3.0283045
7.0936961,3.1291751
7.1053061,3.4950362
7.1169161,2.3340081
7.1285261,3.1057713
7.1401361,3.3275279
7.151746,3.0197739
7.163356,3.5777363
7.174966,2.1421124
7.186576,2.5613139
7.1981859,3.2647553
7.2097959,2.8335517
7.2214059,4.2521292
7.2330159,5.2354708
7.2446259,4.3674494
7.2562358,3.5667747
7.2678458,4.9866818
7.2794558,4.3457708
7.2910658,3.8802802
7.3026757,4.1364474
7.3142857,4.6605859
7.3258957,3.2081427
7.3375057,4.6837546
7.3491156,4.5240731
7.3607256,4.8400448
7.3723356,4.7809972
7.3839456,5.0384686
7.3955556,4.5673361
7.4071655,4.4234071
7.4187755,4.8246059
7.4303855,6.2369216
7.4419955,8.0332908
7.4536054,7.0460537
7.4652154,6.5438799
7.4768254,6.8879918
7.4884354,5.3789919
7.5000454,5.7683422
7.5116553,5.1650985
7.5232653,5.1285766
7.5348753,4.5135222
7.5464853,4.4620443
7.5580952,5.1996474
7.5697052,4.6883175
7.5813152,4.4220569
7.5929252,5.5980855
7.6045351,4.2636608
7.6161451,3.0983968
7.6277551,3.4748953
7.6393651,4.2154192
7.6509751,4.0992678
7.662585,3.1360317
7.674195,3.5378765
7.685805,4.0360042
7.697415,3.0312898
7.7090249,2.9995838
7.7206349,3.2679792
7.7322449,2.6909184
7.7438549,2.7347305
7.7554649,2.880899
7.7670748,3.0752411
7.7786848,2.3686621
7.7902948,2.7544887
7.8019048,3.1331339
7.8135147,4.1173537
7.8251247,7.1092444
7.8367347,5.9556147
7.8483447,6.4041241
7.8599546,5.848322
7.8715646,5.260607
7.8831746,5.3569797
7.8947846,4.5151374
7.9063946,6.0232517
7.9180045,4.3823748
7.9296145,5.8678889
7.9412245,4.6821919
7.9528345,5.0923145
7.9644444,3.8078025
7.9760544,4.3043958
7.9876644,4.2524205
7.9992744,4.790599
8.0108844,4.1563847
8.0224943,4.1014322
8.0341043,3.8618939
8.0457143,4.866494
8.0573243,5.5945803
8.0689342,9.4860384
8.0805442,8.1660864
8.0921542,11.271348
8.1037642,10.707766
8.1153741,8.2793982
8.1269841,9.8797419
8.1385941,7.3888232
8.1502041,10.531958
8.1618141,11.236356
8.173424,12.637493
8.185034,9.6213692
8.196644,10.286911
8.208254,7.8826585
8.2198639,8.286141
8.2314739,7.4327024
8.2430839,6.6720392
8.2546939,6.6277459
8.2663039,7.1302474
8.2779138,5.8878824
8.2895238,4.550629
8.3011338,4.4721079
8.3127438,3.8145587
8.3243537,4.1085267
8.3359637,4.1359748
8.3475737,3.4377466
8.3591837,3.636947
8.3707937,2.5387827
8.3824036,3.1590923
8.3940136,2.2263659
8.4056236,1.9581795
8.4172336,2.2122057
8.4288435,3.4206018
8.4404535,4.3509294
8.4520635,5.1897557
8.4636735,4.8429573
8.4752834,4.2561093
8.4868934,5.0356032
8.4985034,5.5042893
8.5101134,7.1955471
8.5217234,9.0435115
8.5333333,9.2626751
8.5449433,8.8495411
8.5565533,8.4038142
8.5681633,8.6300584
8.5797732,8.810513
8.5913832,8.714396
8.6029932,7.3553187
8.6146032,6.6570848
8.6262132,6.7586974
8.6378231,7.9621081
8.6494331,8.1506627
8.6610431,7.4463569
8.6726531,6.5211181
8.684263,6.5115473
8.695873,6.6064554
8.707483,7.4058851
8.719093,7.5654686
8.7307029,6.7491422
8.7423129,6.2284178
8.7539229,5.8089062
8.7655329,5.4254242
8.7771429,5.7084723
8.7887528,5.7621416
8.8003628,5.5703877
8.8119728,4.6374997
8.8235828,3.3884917
8.8351927,3.1728106
8.8468027,3.514067
8.8584127,4.1274333
8.8700227,3.1596405
8.8816327,3.8555572
8.8932426,2.7575203
8.9048526,3.0165497
8.9164626,3.1788815
8.9280726,3.286788
8.9396825,2.521755
8.9512925,5.0264608
8.9629025,4.5542877
8.9745125,3.7015139
8.9861224,4.504724
8.9977324,4.0626597
9.0093424,4.489392
9.0209524,3.2320382
9.0325624,3.9659105
9.0441723,4.4122588
9.0557823,4.8880425
9.0673923,4.079999
9.0790023,4.1777193
9.0906122,3.5460618
9.1022222,3.9610271
9.1138322,3.3231866
9.1254422,3.2193052
9.1370522,2.9736608
9.1486621,3.0654416
9.1602721,3.4437123
9.1718821,3.199304
9.1834921,3.5564211
9.195102,3.0228607
9.206712,3.4672053
9.218322,2.965162
9.229932,3.1786023
9.241542,2.3953337
9.2531519,3.4004957
9.2647619,3.4251508
9.2763719,3.1009979
9.2879819,4.3528557
9.2995918,5.0194919
9.3112018,6.5442903
9.3228118,7.3321309
9.3344218,6.5096686
9.3460317,5.9649067
9.3576417,6.0402796
9.3692517,6.2174963
9.3808617,6.7868656
9.3924717,6.3438003
9.4040816,6.5327305
9.4156916,6.0613627
9.4273016,6.1810635
9.4389116,6.850967
9.4505215,6.6218103
9.4621315,6.6449991
9.4737415,6.4504227
9.4853515,6.0634898
9.4969615,5.9962552
9.5085714,4.8176661
9.5201814,5.5563909
9.5317914,7.0613703
9.5434014,6.063814
9.5550113,5.2253603
9.5666213,5.9040156
9.5782313,8.0940238
9.5898413,5.8528364
9.6014512,7.8650396
9.6130612,7.0138446
9.6246712,5.1936728
9.6362812,5.3093214
9.6478912,4.5765459
9.6595011,5.6410893
9.6711111,6.9319504
9.6827211,6.6302957
9.6943311,5.9939366
9.705941,6.06705
9.717551,5.1750437
9.729161,6.6228129
9.740771,7.1603014
9.752381,7.4129889
9.7639909,7.8510354
9.7756009,6.6790993
9.7872109,7.0050129
9.7988209,6.8692405
9.8104308,7.1127967
9.8220408,7.2084491
9.8336508,6.8789377
9.8452608,6.9983079
9.8568707,7.6381732
9.8684807,6.2603017
9.8800907,6.0024089
9.8917007,8.0689478
9.9033107,6.8439134
9.9149206,6.0281344
9.9265306,5.6724507
9.9381406,5.794777
9.9497506,6.0491087
9.9613605,6.6324766
9.9729705,5.6019608
9.9845805,5.6270747
9.9961905,6.7363863
10.0078,6.6211937
10.01941,5.6308341
10.03102,5.7071718
10.04263,7.4046684
10.05424,8.3662634
10.06585,7.8382108
10.07746,6.0981454
10.08907,8.2248061
10.10068,8.2941551
10.11229,8.6128103
10.1239,6.0334582
10.13551,6.9539059
10.14712,6.9209288
10.15873,7.3568617
10.17034,7.1955884
10.18195,6.0362668
10.19356,6.4946208
10.20517,5.8090943
10.21678,6.1122544
10.22839,5.3365795
10.24,5.8172224
10.25161,5.0869281
10.26322,5.6919875
10.27483,5.9001351
10.28644,6.2790418
10.29805,5.5106212
10.30966,8.5597766
10.32127,11.961022
10.33288,10.82234
10.34449,9.6771777
10.3561,10.682556
10.36771,7.8794048
10.37932,8.2357578
10.39093,9.248054
10.40254,10.944669
10.41415,14.222838
10.42576,12.830508
10.43737,13.036507
10.44898,11.485868
10.46059,11.906025
10.4722,11.304564
10.48381,9.8808355
10.49542,10.645334
10.507029,9.0011074
10.518639,9.7040357
10.530249,9.1650508
10.541859,9.7727336
10.553469,8.6519471
10.565079,9.2371126
10.576689,8.5376188
10.588299,8.0296299
10.599909,9.5737085
10.611519,9.165167
10.623129,9.4112134
10.634739,7.7687398
10.646349,7.2065484
10.657959,7.8186172
10.669569,8.0065851
10.681179,9.3597012
10.692789,7.2765838
10.704399,7.3842638
10.716009,8.4916978
10.727619,9.1141875
10.739229,7.608511
10.750839,7.9774968
10.762449,10.170522
10.774059,14.963333
10.785669,14.840353
10.797279,11.897624
10.808889,11.182257
10.820499,10.944716
10.832109,11.265683
10.843719,12.019084
10.855329,10.820018
10.866939,9.5393174
10.878549,9.2603779
10.890159,9.659815
10.901769,9.6375993
10.913379,10.174865
10.924989,10.338001
10.936599,9.5318966
10.948209,8.5076401
10.959819,8.4118773
10.971429,9.3086982
10.983039,10.589358
10.994649,9.89976
11.006259,8.9151561
11.017868,7.8472742
11.029478,8.5878628
11.041088,9.9052622
11.052698,10.118817
11.064308,9.8391205
11.075918,7.7811172
11.087528,8.0549602
11.099138,7.5298187
11.110748,9.5104949
11.122358,9.0778427
11.133968,8.419872
11.145578,9.3488465
11.157188,7.6387181
11.168798,7.4673124
11.180408,10.964033
11.192018,8.9248784
11.203628,11.077086
11.215238,6.4942616
11.226848,8.8360047
11.238458,7.4631092
11.250068,9.7831908
11.261678,9.9188829
11.273288,8.9708622
11.284898,8.9493286
11.296508,6.9191269
11.308118,8.8914235
11.319728,5.694157
11.331338,9.1560875
11.342948,6.2330505
11.354558,7.8744252
11.366168,7.1922698
11.377778,7.0232668
11.389388,8.608057
11.400998,7.57384
11.412608,9.4078512
11.424218,7.7448148
11.435828,6.6739256
11.447438,6.4247084
11.459048,9.0592574
11.470658,5.9626834
11.482268,6.3085181
11.493878,7.3086449
11.505488,6.5347598
11.517098,8.5581727
11.528707,12.630324
11.540317,13.1594
11.551927,12.188573
11.563537,10.810982
11.575147,12.028841
11.586757,11.74925
11.598367,11.776653
11.609977,11.671549
11.621587,10.198635
11.633197,8.9157674
11.644807,10.4589
11.656417,10.038059
11.668027,9.5613617
11.679637,10.193322
11.691247,8.8373778
11.702857,9.6642504
11.714467,9.0611162
11.726077,7.6907151
11.737687,9.9472879
11.749297,9.0714107
11.760907,8.8833245
11.772517,8.2757467
11.784127,6.8770679
11.795737,8.9167839
11.807347,7.5763251
11.818957,7.1573345
11.830567,7.869613
11.842177,6.9122494
11.853787,7.8351048
11.865397,7.2242731
11.877007,6.2028258
11.888617,7.7646509
11.900227,7.0630986
11.911837,7.0900554
11.923447,5.6373684
11.935057,6.0026875
11.946667,7.311864
11.958277,7.864057
11.969887,7.7862853
11.981497,10.466489
11.993107,11.048299
12.004717,10.446767
12.016327,11.026163
12.027937,12.385573
12.039546,14.879128
12.051156,11.35768
12.062766,15.402756
12.074376,12.696009
12.085986,11.493537
12.097596,12.689716
12.109206,6.9016068
12.120816,10.241503
12.132426,8.363576
12.144036,9.4665973
12.155646,7.6041241
12.167256,9.0379759
12.178866,8.5152443
12.190476,7.2212471
12.202086,8.7803578
12.213696,7.2122796
12.225306,7.518246
12.236916,6.1580766
12.248526,6.3334779
12.260136,7.077177
12.271746,6.1434528
12.283356,6.5011245
12.294966,6.2023722
12.306576,7.3691825
12.318186,7.3981612
12.329796,5.7490158
12.341406,6.1585738
12.353016,6.1082244
12.364626,6.7072905
12.376236,15.989066
12.387846,14.022742
12.399456,16.877495
12.411066,17.453659
12.422676,13.286549
12.434286,11.453909
12.445896,14.145875
12.457506,13.769649
12.469116,10.730105
12.480726,11.415937
12.492336,14.103264
12.503946,10.77238
12.515556,9.7063366
12.527166,12.343462
12.538776,11.983789
12.550385,8.7981231
12.561995,9.493109
12.573605,11.781258
12.585215,10.475807
12.596825,8.1686105
12.608435,11.807113
12.620045,10.108353
12.631655,13.002506
12.643265,9.4582523
12.654875,10.757807
12.666485,9.8794776
12.678095,10.23501
12.689705,11.99222
12.701315,10.144627
12.712925,10.93059
12.724535,8.6246054
12.736145,8.4445637
12.747755,11.745585
12.759365,11.337824
12.770975,11.658968
12.782585,11.325847
12.794195,10.989011
12.805805,9.0057259
12.817415,10.689196
12.829025,10.058947
12.840635,10.294497
12.852245,9.8335029
12.863855,10.259879
12.875465,8.5269553
12.887075,9.0311969
12.898685,8.2237005
12.910295,8.8618024
12.921905,6.979231
12.933515,6.106778
12.945125,5.6611484
12.956735,4.8834895
12.968345,6.2360943
12.979955,5.1303728
12.991565,6.0375736
13.003175,5.7226113
13.014785,6.2224409
13.026395,6.7433223
13.038005,4.8942073
13.049615,5.9706686
13.061224,7.0368279
13.072834,5.2816267
13.084444,6.48107
13.096054,9.1940589
13.107664,10.260467
13.119274,9.1089147
13.130884,9.0712057
13.142494,8.923049
13.154104,8.009135
13.165714,9.1647382
13.177324,9.6929212
13.188934,9.8799148
13.200544,9.5125591
13.212154,8.7521776
13.223764,13.28534
13.235374,12.298655
13.246984,9.1294399
13.258594,11.596434
13.270204,9.5583109
13.281814,10.489813
13.293424,8.995075
13.305034,9.4623322
13.316644,8.5073049
13.328254,10.285903
13.339864,9.9630846
13.351474,9.2090306
13.363084,9.2145761
13.374694,8.6270945
13.386304,9.3731457
13.397914,9.0897879
13.409524,9.0392115
13.421134,9.610063
13.432744,9.2006762
13.444354,9.3829794
13.455964,9.0595593
13.467574,7.3997433
13.479184,9.2118004
13.490794,7.5137981
13.502404,9.5580903
13.514014,8.1611848
13.525624,8.2150154
13.537234,8.97017
13.548844,7.797731
13.560454,7.0432453
13.572063,8.0851394
13.583673,8.8912485
13.595283,10.685551
13.606893,11.74098
13.618503,10.943897
13.630113,10.376176
13.641723,9.4075749
13.653333,9.5038393
13.664943,8.9399951
13.676553,7.8648135
13.688163,9.0153994
13.699773,8.2552131
13.711383,7.8093118
13.722993,7.4679066
13.734603,7.9410415
13.746213,7.5950085
13.757823,6.8564652
13.769433,6.3146226
13.781043,5.8701979
13.792653,5.5227349
13.804263,5.8790479
13.815873,5.4928332
13.827483,5.9728866
13.839093,5.51526
13.850703,5.7863251
13.862313,4.1162874
13.873923,4.3240684
13.885533,4.5724538
13.897143,3.648878
13.908753,4.5724516
13.920363,3.5730394
13.931973,5.739426
13.943583,4.40624
13.955193,4.4942662
13.966803,4.9617051
13.978413,3.9385252
13.990023,4.6475594
14.001633,8.9346028
14.013243,9.4258061
14.024853,9.4743769
14.036463,8.661924
14.048073,9.3910098
14.059683,6.758232
14.071293,8.4605008
14.082902,6.8474414
14.094512,6.4587582
14.106122,6.5419667
14.117732,5.578806
14.129342,5.8421984
14.140952,6.7501821
14.152562,5.8299934
14.164172,5.4145821
14.175782,6.12357
14.187392,5.5503108
14.199002,6.4669593
14.210612,5.611247
14.222222,4.4758516
14.233832,6.3804708
14.245442,5.0564916
14.257052,5.7674814
14.268662,4.9486161
14.280272,3.6711574
14.291882,5.8241726
14.303492,4.3777179
14.315102,4.2276849
14.326712,4.8944938
14.338322,3.9583518
14.349932,5.222799
14.361542,3.6720463
14.373152,3.8247182
14.384762,4.7205905
14.396372,3.9835481
14.407982,5.2671027
14.419592,5.0113434
14.431202,5.2935178
14.442812,5.0167767
14.454422,5.2045962
14.466032,4.1600598
14.477642,7.4954285
14.489252,6.5906043
14.500862,6.8200937
14.512472,4.7525758
14.524082,6.4576544
14.535692,4.9536251
14.547302,6.4792798
14.558912,5.1138496
14.570522,5.4650028
14.582132,5.6193056
14.593741,4.192357
14.605351,4.7101184
14.616961,3.7805406
14.628571,4.4220817
14.640181,4.1253855
14.651791,4.469083
14.663401,3.830235
14.675011,3.4015674
14.686621,4.1614517
14.698231,3.3723989
14.709841,3.964312
14.721451,3.5636924
14.733061,3.9529042
14.744671,3.6967418
14.756281,3.1138297
14.767891,3.2595665
14.779501,2.9414185
14.791111,2.8182854
14.802721,2.9520758
14.814331,2.7454113
14.825941,3.1900097
14.837551,2.8151739
14.849161,4.4038999
14.860771,5.980005
14.872381,5.5652222
14.883991,5.7811373
14.895601,7.1942053
14.907211,5.8183725
14.918821,5.4451252
14.930431,5.0847635
14.942041,5.4496741
14.953651,4.2107941
14.965261,4.7767488
14.976871,4.7378893
14.988481,3.9313695
15.000091,4.453089
15.011701,4.4346405
15.023311,3.510961
15.034921,3.8270527
15.046531,3.4260048
15.058141,3.211233
15.069751,3.4820811
15.081361,2.7210789
15.092971,3.2459841
15.10458,2.2605088
15.11619,2.2694555
15.1278,2.5260195
15.13941,1.8360093
15.15102,2.142224
15.16263,2.2327069
15.17424,2.0311028
15.18585,2.3975521
15.19746,1.7180255
15.20907,2.0623295
15.22068,2.4318619
15.23229,1.7579683
15.2439,2.8170388
15.25551,3.9637369
15.26712,4.7001867
15.27873,4.4400259
15.29034,4.1935487
15.30195,3.9609067
15.31356,3.4114845
15.32517,3.5920274
15.33678,2.7776361
15.34839,3.1477157
15.36,2.9420765
15.37161,3.005987
15.38322,2.5009064
15.39483,2.6416215
15.40644,2.7432152
15.41805,2.1972113
15.42966,2.2669578
15.44127,1.7634515
15.45288,1.2873871
15.46449,1.9635975
15.4761,2.0142396
15.48771,3.196998
15.49932,3.3875193
15.51093,3.2283642
15.52254,4.1318413
15.53415,3.2704696
15.54576,3.0834507
15.55737,3.3669014
15.56898,2.6928527
15.58059,3.0015491
15.5922,2.845571
15.60381,2.4966344
15.61542,2.9279444
15.627029,2.7674212
15.638639,2.8440264
15.650249,2.6415878
15.661859,2.7801284
15.673469,2.8267018
15.685079,4.3942955
15.696689,3.1885858
15.708299,4.075555
15.719909,3.3625708
15.731519,3.2471489
15.743129,3.6270706
15.754739,2.4046468
15.766349,4.1499866
15.777959,2.3802713
15.789569,3.9023208
15.801179,2.7441076
15.812789,3.1857337
15.824399,2.994405
15.836009,2.5525817
15.847619,3.0845577
15.859229,1.8501409
15.870839,3.1194986
15.882449,2.3149085
15.894059,3.0231339
15.905669,3.1616024
15.917279,2.3026404
15.928889,3.457365
15.940499,3.5280274
15.952109,3.3961387
15.963719,3.7222194
15.975329,2.7457811
15.986939,2.8783776
15.998549,2.3064723
16.010159,3.3253441
16.021769,3.1864458
16.033379,3.6910823
16.044989,2.3997618
16.056599,2.7842779
16.068209,2.0871655
16.079819,3.0180232
16.091429,2.797169
16.103039,2.8881066
16.114649,2.146955
16.126259,2.3327524
16.137868,2.1445439
16.149478,2.7054985
16.161088,2.5730088
16.172698,2.3270233
16.184308,1.8583937
16.195918,1.5043781
16.207528,1.5602428
16.219138,1.5880227
16.230748,3.1060362
16.242358,3.016618
16.253968,1.780661
16.265578,2.1763986
16.277188,1.8356314
16.288798,1.8581707
16.300408,2.6645762
16.312018,1.7072055
16.323628,1.5476985
16.335238,1.6159115
16.346848,1.1727126
16.358458,1.5456991
16.370068,1.5134113
16.381678,1.2336621
16.393288,1.6032221
16.404898,1.2989328
16.416508,1.33692
16.428118,1.3933522
16.439728,1.4989431
16.451338,1.3834654
16.462948,1.5101172
16.474558,1.3864253
16.486168,1.322854
16.497778,1.7285865
16.509388,1.3243664
16.520998,1.350651
16.532608,1.6902788
16.544218,1.4183871
16.555828,1.4146159
16.567438,1.6337072
16.579048,1.2631531
16.590658,1.3089561
16.602268,1.554264
16.613878,1.2546625
16.625488,1.2193621
16.637098,1.4484111
16.648707,1.2252279
16.660317,1.2167583
16.671927,1.4754229
16.683537,1.210919
16.695147,1.2055667
16.706757,1.2375023
16.718367,1.1402657
16.729977,1.2734469
16.741587,1.3231888
16.753197,1.098628
16.764807,1.1104334
16.776417,1.1303658
16.788027,0.91231713
16.799637,0.97289786
16.811247,1.1079233
16.822857,0.92002121
16.834467,1.0608375
16.846077,1.0603563
16.857687,1.1263252
16.869297,2.957144
16.880907,3.6070218
16.892517,3.240335
16.904127,2.8083133
16.915737,2.9249697
16.927347,3.5473678
16.938957,4.3593151
16.950567,4.2323391
16.962177,3.071242
16.973787,2.3443495
16.985397,3.5721261
16.997007,4.0476921
17.008617,3.7556419
17.020227,2.826936
17.031837,2.2641416
17.043447,3.0028665
17.055057,3.9339096
17.066667,4.098295
17.078277,2.9522752
17.089887,2.9965054
17.101497,3.9427177
17.113107,4.0978776
17.124717,3.4365493
17.136327,4.1008618
17.147937,2.4922419
17.159546,2.4926113
17.171156,3.3441773
17.182766,4.0063075
17.194376,3.6196965
17.205986,2.9263466
17.217596,4.048827
17.229206,2.9556532
17.240816,3.3218323
17.252426,5.2156613
17.264036,5.7749919
17.275646,4.4179616
17.287256,4.7299719
17.298866,4.1704318
17.310476,4.8820285
17.322086,3.2570919
17.333696,2.7186454
17.345306,2.3867411
17.356916,2.8780913
17.368526,2.660519
17.380136,2.4114841
17.391746,2.5287569
17.403356,2.7554467
17.414966,3.009535
17.426576,2.4203466
17.438186,2.0000576
17.449796,2.7956756
17.461406,3.6713198
17.473016,4.1951426
17.484626,2.6715304
17.496236,3.6659352
17.507846,3.6761437
17.519456,3.0868533
17.531066,3.1974573
17.542676,3.0659223
17.554286,3.1286755
17.565896,3.1316464
17.577506,3.3860527
17.589116,3.2099308
17.600726,3.9436311
17.612336,4.3133722
17.623946,5.2793756
17.635556,5.6082238
17.647166,3.4694072
17.658776,5.8214936
17.670385,7.2096771
17.681995,6.1753773
17.693605,7.5543486
17.705215,7.039602
17.716825,6.4702217
17.728435,6.9007
17.740045,5.8284331
17.751655,4.9806108
17.763265,4.5113094
17.774875,4.1324083
17.786485,3.7078238
17.798095,3.4876763
17.809705,3.933366
17.821315,4.6725499
17.832925,4.0315482
17.844535,3.7050782
17.856145,3.9651429
17.867755,4.0906038
17.879365,3.4342674
17.890975,4.0376499
17.902585,3.9664993
17.914195,2.979729
17.925805,2.1986017
17.937415,2.9988143
17.949025,2.630647
17.960635,2.6424467
17.972245,3.2752174
17.983855,3.7136688
17.995465,3.4267496
18.007075,3.0374646
18.018685,3.2154256
18.030295,4.065433
18.041905,4.2981095
18.053515,5.5875716
18.065125,4.7004279
18.076735,4.3111065
18.088345,4.832932
18.099955,3.5295881
18.111565,4.5636955
18.123175,3.5338419
18.134785,4.603846
18.146395,4.8935783
18.158005,4.787647
18.169615,4.1064664
18.181224,3.5216121
18.192834,3.6897061
18.204444,2.3946613
18.216054,3.0179923
18.227664,2.9469695
18.239274,3.6181957
18.250884,2.9327076
18.262494,2.7436837
18.274104,3.5530402
18.285714,4.0047727
18.297324,8.2029898
18.308934,9.503692
18.320544,9.3943594
18.332154,8.0091734
18.343764,9.0272341
18.355374,8.7955709
18.366984,7.6483305
18.378594,8.5914581
18.390204,6.5287849
18.401814,12.296076
18.413424,12.995059
18.425034,14.073356
18.436644,13.215524
18.448254,13.090314
18.459864,11.489902
18.471474,9.0642804
18.483084,8.7180288
18.494694,7.2685262
18.506304,8.1769135
18.517914,8.3262902
18.529524,7.9327319
18.541134,5.7197301
18.552744,6.162046
18.564354,5.6531915
18.575964,6.2920813
18.587574,6.5618148
18.599184,6.0643102
18.610794,5.5799164
18.622404,4.7889137
18.634014,5.2498578
18.645624,5.3271978
18.657234,5.2335491
18.668844,4.8664606
18.680454,5.2992805
18.692063,7.0434074
18.703673,5.1118373
18.715283,5.0016309
18.726893,5.7907782
18.738503,5.3590186
18.750113,4.5787636
18.761723,10.292563
18.773333,11.287933
18.784943,9.2043594
18.796553,8.9871058
18.808163,8.8909368
18.819773,9.7398078
18.831383,9.9789626
18.842993,9.5500809
18.854603,8.9115448
18.866213,7.7855108
18.877823,7.4755752
18.889433,8.2294443
18.901043,9.4812347
18.912653,8.8807948
18.924263,7.7248974
18.935873,6.5210188
18.947483,6.9360182
18.959093,7.7376651
18.970703,8.1256724
18.982313,7.6543265
18.993923,7.1268783
19.005533,5.9596107
19.017143,6.0777573
19.028753,6.6998239
19.040363,7.283381
19.051973,7.3243322
19.063583,6.9741765
19.075193,5.9254974
19.086803,6.0315786
19.098413,6.0568562
19.110023,6.9058232
19.121633,6.6573308
19.133243,5.4430517
19.144853,4.7787842
19.156463,3.9792493
19.168073,4.0690751
19.179683,4.9007714
19.191293,2.8892485
19.202902,2.7310826
19.214512,3.054852
19.226122,2.7351075
19.237732,5.7736465
19.249342,5.9173302
19.260952,5.7431541
19.272562,6.0998019
19.284172,5.9168418
19.295782,5.2016059
19.307392,5.5491053
19.319002,6.0168443
19.330612,7.0054266
19.342222,5.958955
19.353832,6.7027779
19.365442,5.668779
19.377052,6.3687589
19.388662,5.2188941
19.400272,5.2905301
19.411882,4.8875212
19.423492,4.7225626
19.435102,5.0656992
19.446712,4.1535373
19.458322,5.0437755
19.469932,3.6917177
19.481542,4.7464792
19.493152,4.4158012
19.504762,3.7220706
19.516372,2.9928625
19.527982,4.1341679
19.539592,4.2312228
19.551202,3.0016755
19.562812,3.6659865
19.574422,4.094298
19.586032,3.741096
19.597642,3.2854765
19.609252,3.7255352
19.620862,3.5100445
19.632472,4.8861966
19.644082,4.623526
19.655692,6.239754
19.667302,7.3879582
19.678912,5.5024016
19.690522,5.4310492
19.702132,5.6301115
19.713741,6.7086874
19.725351,6.6345061
19.736961,6.6043388
19.748571,5.8261412
19.760181,5.9181708
19.771791,6.3623053
19.783401,5.8097944
19.795011,5.576878
19.806621,5.0504163
19.818231,5.5872419
19.829841,5.7438768
19.841451,4.9583446
19.853061,4.5264531
19.864671,4.0339739
19.876281,5.4382656
19.887891,6.365998
19.899501,5.5953878
19.911111,4.97991
19.922721,5.4161879
19.934331,5.7292803
19.945941,4.6114685
19.957551,4.4811154
19.969161,6.4765749
19.980771,6.33512
19.992381,4.1210143
20.003991,5.4480689
20.015601,5.1220785
20.027211,3.3919847
20.038821,6.5907368
20.050431,5.9736606
20.062041,4.9110757
20.073651,4.346272
20.085261,7.2393864
20.096871,7.0605602
20.108481,8.7808369
20.120091,8.5653538
20.131701,8.3789522
20.143311,7.6066754
20.154921,7.6706334
20.166531,8.6044526
20.178141,8.356815
20.189751,8.4416263
20.201361,8.0140588
20.212971,7.3452846
20.22458,7.3447597
20.23619,8.5503308
20.2478,7.0431408
20.25941,6.1158636
20.27102,6.4813328
20.28263,6.7777113
20.29424,6.2991199
20.30585,5.7481889
20.31746,6.2262493
20.32907,6.4255693
20.34068,5.612419
20.35229,6.3775693
20.3639,8.0474244
20.37551,8.3404616
20.38712,8.1880183
20.39873,8.9538957
20.41034,8.3159354
20.42195,8.4133243
20.43356,8.3621947
20.44517,7.5168758
20.45678,8.2610774
20.46839,8.6546239
20.48,7.4005657
20.49161,6.5051652
20.50322,7.2184131
20.51483,7.5080396
20.52644,7.2157641
20.53805,7.9543485
20.54966,6.6167252
20.56127,7.9676943
20.57288,7.0638332
20.58449,7.1052107
20.5961,6.8266075
20.60771,5.7115383
20.61932,6.3873351
20.63093,6.5961238
20.64254,6.5986509
20.65415,4.3479082
20.66576,12.699175
20.67737,9.6053252
20.68898,11.773698
20.70059,13.118763
20.7122,13.057859
20.72381,9.1106182
20.73542,12.051469
20.747029,7.7831029
20.758639,10.918095
20.770249,12.108536
20.781859,13.944518
20.793469,11.701272
20.805079,11.852245
20.816689,9.806345
20.828299,12.435844
20.839909,12.663096
20.851519,11.257379
20.863129,10.015826
20.874739,9.6408906
20.886349,10.202536
20.897959,10.323866
20.909569,11.103057
20.921179,9.4519072
20.932789,9.6090466
20.944399,9.3805458
20.956009,9.4735282
20.967619,9.5687934
20.979229,8.0174344
20.990839,8.2811979
21.002449,8.4185557
21.014059,9.1034353
21.025669,6.3038864
21.037279,5.9138618
21.048889,6.6627623
21.060499,5.5464613
21.072109,8.0314487
21.083719,8.3544832
21.095329,5.4870571
21.106939,6.0938888
21.118549,6.5316895
21.130159,9.8235463
21.141769,11.834466
21.153379,12.370463
21.164989,12.324347
21.176599,12.573933
21.188209,12.432428
21.199819,10.946074
21.211429,10.862871
21.223039,10.449428
21.234649,11.315147
21.246259,13.851725
21.257868,13.567548
21.269478,10.962269
21.281088,9.8532604
21.292698,9.5179182
21.304308,11.820231
21.315918,13.208128
21.327528,11.777828
21.339138,10.012538
21.350748,8.4905942
21.362358,9.4555891
21.373968,11.228135
21.385578,11.323257
21.397188,9.2423658
21.408798,9.6358505
21.420408,8.6819204
21.432018,8.7963857
21.443628,9.4971483
21.455238,9.8966275
21.466848,7.9722753
21.478458,8.357554
21.490068,9.7511664
21.501678,9.8738807
21.513288,9.5102462
21.524898,9.4668523
21.536508,8.3572218
21.548118,9.3540211
21.559728,8.9018509
21.571338,8.5185126
21.582948,8.6540338
21.594558,9.9150179
21.606168,10.510422
21.617778,9.3527984
21.629388,9.5109429
21.640998,8.7855237
21.652608,9.4568083
21.664218,8.0762137
21.675828,9.0475355
21.687438,8.613819
21.699048,8.4020382
21.710658,8.5313386
21.722268,8.5060498
21.733878,7.4568355
21.745488,7.4986932
21.757098,9.1368438
21.768707,9.3076578
21.780317,8.5062067
21.791927,9.3265425
21.803537,9.0083426
21.815147,8.1013034
21.826757,9.0515939
21.838367,8.7601204
21.849977,7.8103451
21.861587,7.3178761
21.873197,7.5719005
21.884807,9.7771307
21.896417,13.539493
21.908027,13.512413
21.919637,12.906105
21.931247,15.695879
21.942857,10.937149
21.954467,14.177197
21.966077,12.94036
21.977687,9.675965
21.989297,12.599911
22.000907,9.5218715
22.012517,10.360823
22.024127,11.504399
22.035737,10.263216
22.047347,10.106055
22.058957,10.000698
22.070567,9.3584611
22.082177,10.424563
22.093787,10.696589
22.105397,7.6194172
22.117007,9.2327376
22.128617,9.5664007
22.140227,8.2374977
22.151837,9.1849259
22.163447,7.4283509
22.175057,6.6389224
22.186667,9.5918632
22.198277,7.8210794
22.209887,7.8339683
22.221497,8.5314438
22.233107,6.8343433
22.244717,6.8631027
22.256327,7.7766255
22.267937,6.1336062
22.279546,5.9757466
22.291156,7.5876437
22.302766,6.8256305
22.314376,10.351182
22.325986,11.723192
22.337596,11.183216
22.349206,10.884222
22.360816,11.050576
22.372426,11.282808
22.384036,11.525672
22.395646,11.694159
22.407256,11.057135
22.418866,10.864111
22.430476,10.204357
22.442086,8.080876
22.453696,11.05491
22.465306,8.5426424
22.476916,8.8811777
22.488526,10.440665
22.500136,7.5384988
22.511746,9.8419432
22.523356,8.1655367
22.534966,6.6772346
22.546576,8.2418167
22.558186,7.8069464
22.569796,6.7174891
22.581406,6.8306945
22.593016,6.6370841
22.604626,6.7504023
22.616236,7.3929245
22.627846,7.4635026
22.639456,7.8024065
22.651066,7.0521288
22.662676,7.7761274
22.674286,6.3699133
22.685896,6.721945
22.697506,6.7106543
22.709116,17.080836
22.720726,15.949796
22.732336,15.546933
22.743946,15.681924
22.755556,16.047985
22.767166,11.854516
22.778776,13.717905
22.790385,14.459318
22.801995,12.818125
22.813605,11.562277
22.825215,14.390814
22.836825,12.38471
22.848435,11.15644
22.860045,12.396012
22.871655,12.713582
22.883265,10.870486
22.894875,10.230697
22.906485,10.524561
22.918095,12.149754
22.929705,9.0605025
22.941315,10.112884
22.952925,10.715633
22.964535,13.428979
22.976145,13.37857
22.987755,11.003882
22.999365,12.694862
23.010975,9.8319213
23.022585,8.7908532
23.034195,9.110499
23.045805,7.7545248
23.057415,8.3708438
23.069025,10.446183
23.080635,8.0361574
23.092245,9.657125
23.103855,6.4978372
23.115465,9.0963011
23.127075,9.2149165
23.138685,8.9019349
23.150295,8.3485733
23.161905,8.3732588
23.173515,7.5418556
23.185125,9.6915664
23.196735,10.998951
23.208345,10.665963
23.219955,10.967117
23.231565,10.810193
23.243175,8.6803624
23.254785,8.4179454
23.266395,8.4855291
23.278005,6.6194957
23.289615,6.7578469
23.301224,7.9158576
23.312834,6.1883925
23.324444,6.4078782
23.336054,6.529134
23.347664,5.2051425
23.359274,5.337961
23.370884,7.3548787
23.382494,5.7652359
23.394104,5.5179122
23.405714,6.3758597
23.417324,5.7073404
23.428934,8.3385705
23.440544,5.3131239
23.452154,6.436439
23.463764,7.3963418
23.475374,9.8294241
23.486984,8.6055703
23.498594,9.7459765
23.510204,7.108806
23.521814,11.068213
23.533424,12.677016
23.545034,12.839384
23.556644,12.151848
23.568254,12.192961
23.579864,10.47176
23.591474,14.89803
23.603084,9.4379392
23.614694,13.786238
23.626304,11.198289
23.637914,9.0600332
23.649524,11.275626
23.661134,7.9930825
23.672744,11.464551
23.684354,7.4103295
23.695964,10.461439
23.707574,9.4443678
23.719184,8.5732331
23.730794,10.010752
23.742404,7.3420945
23.754014,9.8690624
23.765624,7.2367206
23.777234,9.5419624
23.788844,8.4654588
23.800454,11.56229
23.812063,10.565391
23.823673,9.1916731
23.835283,10.144156
23.846893,9.0276109
23.858503,8.8647834
23.870113,8.4555427
23.881723,8.7563355
23.893333,8.418918
23.904943,8.3121985
23.916553,9.543579
23.928163,12.177964
23.939773,13.096615
23.951383,11.576585
23.962993,11.719328
23.974603,10.926286
23.986213,10.699038
23.997823,10.469175
24.009433,9.2697055
24.021043,9.69453
24.032653,9.6221101
24.044263,8.5045564
24.055873,8.3603212
24.067483,8.1736851
24.079093,7.5908669
24.090703,7.641834
24.102313,7.7782759
24.113923,7.1338974
24.125533,7.0730711
24.137143,6.9858765
24.148753,7.2392095
24.160363,6.118801
24.171973,7.0888688
24.183583,6.987943
24.195193,5.5990844
24.206803,6.767962
24.218413,6.1606407
24.230023,6.0440312
24.241633,6.0453471
24.253243,5.7159585
24.264853,5.3277341
24.276463,4.9505407
24.288073,5.3816663
24.299683,10.796231
24.311293,10.553309
24.322902,12.750481
24.334512,10.814139
24.346122,12.840763
24.357732,10.49061
24.369342,11.129477
24.380952,12.050619
24.392562,9.1112444
24.404172,9.833117
24.415782,9.1639809
24.427392,10.536595
24.439002,10.574502
24.450612,9.7205628
24.462222,9.3957775
24.473832,9.2341579
24.485442,10.179267
24.497052,9.9415724
24.508662,10.161445
24.520272,8.4451109
24.531882,10.047706
24.543492,9.0160874
24.555102,9.2560176
24.566712,8.6049996
24.578322,7.3605255
24.589932,10.417747
24.601542,13.587872
24.613152,14.501874
24.624762,13.691617
24.636372,12.809166
24.647982,11.750779
24.659592,12.189287
24.671202,10.808906
24.682812,9.5974387
24.694422,9.3752004
24.706032,8.0369188
24.717642,6.9871327
24.729252,7.4629945
24.740862,7.1332465
24.752472,7.1987079
24.764082,7.3875457
24.775692,6.9130693
24.787302,6.761108
24.798912,6.0387503
24.810522,6.0040871
24.822132,6.1115144
24.833741,5.4169517
24.845351,4.8643352
24.856961,11.347707
24.868571,13.13867
24.880181,9.7402467
24.891791,10.375325
24.903401,9.0166284
24.915011,7.8431947
24.926621,8.414923
24.938231,7.4708251
24.949841,8.0420718
24.961451,9.369709
24.973061,7.5424013
24.984671,8.2990812
24.996281,7.6169776
25.007891,7.5725039
25.019501,9.829181
25.031111,6.8828211
25.042721,15.675032
25.054331,15.813622
25.065941,15.011239
25.077551,14.511784
25.089161,13.772002
25.100771,12.930811
25.112381,12.553486
25.123991,12.812286
25.135601,13.523974
25.147211,10.448632
25.158821,10.690473
25.170431,11.214986
25.182041,10.775266
25.193651,9.7483159
25.205261,10.038449
25.216871,10.281688
25.228481,9.4325862
25.240091,8.4133292
25.251701,8.7643001
25.263311,8.32036
25.274921,13.899362
25.286531,14.028941
25.298141,16.976573
25.309751,15.81626
25.321361,14.414809
25.332971,14.179506
25.34458,14.992113
25.35619,14.246006
25.3678,13.770416
25.37941,13.538428
25.39102,13.524089
25.40263,13.149647
25.41424,12.914515
25.42585,12.849467
25.43746,12.577503
25.44907,12.141073
25.46068,11.139847
25.47229,11.188577
25.4839,10.788457
25.49551,10.422082
25.50712,9.8766516
25.51873,9.6225702
25.53034,9.1504318
25.54195,8.9258259
25.55356,8.9042346
25.56517,8.440257
25.57678,8.9812783
25.58839,12.546175
25.6,7.4880922
25.61161,6.9497079
25.62322,7.6035576
25.63483,8.0748659
25.64644,7.3461508
25.65805,7.3290665
25.66966,8.0937913
25.68127,8.1227941
25.69288,9.1317335
25.70449,8.4350819
25.7161,7.8064479
25.72771,9.577038
25.73932,7.8463767
25.75093,8.1434009
25.76254,7.9063875
25.77415,6.4805774
25.78576,7.6415067
25.79737,5.3283803
25.80898,5.4742115
25.82059,5.2966072
25.8322,3.9914061
25.84381,5.2496247
25.85542,4.6845999
25.867029,4.9592903
25.878639,9.1644914
25.890249,8.1380875
25.901859,7.1798132
25.913469,7.2105135
25.925079,6.1863108
25.936689,6.6641081
25.948299,6.5441427
25.959909,5.336967
25.971519,7.0245958
25.983129,6.7208972
25.994739,6.5560294
26.006349,7.2393578
26.017959,5.4357072
26.029569,6.2629895
26.041179,7.8061275
26.052789,6.8295669
26.064399,5.7761648
26.076009,6.4689752
26.087619,4.7795304
26.099229,8.4712824
26.110839,8.0694677
26.122449,9.9797678
26.134059,7.5141528
26.145669,7.6072742
26.157279,5.5838795
26.168889,6.7740091
26.180499,6.1003627
26.192109,6.4667628
26.203719,6.4153086
26.215329,5.6249273
26.226939,6.4333949
26.238549,4.5836859
26.250159,4.1631973
26.261769,5.6255896
26.273379,5.4759614
26.284989,4.8205415
26.296599,5.3750186
26.308209,5.2018752
26.319819,5.5356993
26.331429,5.179152
26.343039,3.719872
26.354649,3.7460579
26.366259,4.60646
26.377868,5.8494349
26.389478,4.4655688
26.401088,3.7442093
26.412698,5.9009413
26.424308,5.8571398
26.435918,5.4807929
26.447528,7.2144674
26.459138,5.7748028
26.470748,5.883025
26.482358,6.1245402
26.493968,6.6997479
26.505578,4.9553425
26.517188,4.7142552
26.528798,7.5077992
26.540408,8.1819291
26.552018,6.6456553
26.563628,6.0116014
26.575238,7.615234
26.586848,5.3269738
26.598458,5.2318316
26.610068,5.514407
26.621678,5.7877286
26.633288,4.8190154
26.644898,5.7124856
26.656508,3.4584675
26.668118,5.0765397
26.679728,4.6089932
26.691338,5.5076001
26.702948,5.0437615
26.714558,4.8448469
26.726168,4.2142496
26.737778,4.5469719
26.749388,4.5493014
26.760998,4.9362261
26.772608,4.4650803
26.784218,4.2424431
26.795828,4.4353753
26.807438,4.3143057
26.819048,4.3537037
26.830658,4.1596302
26.842268,4.1193632
26.853878,3.67184
26.865488,4.5256313
26.877098,3.7866044
26.888707,4.248293
26.900317,3.8956595
26.911927,3.3960301
26.923537,4.3349839
26.935147,3.0096742
26.946757,4.4436406
26.958367,3.4423987
26.969977,4.3106231
26.981587,3.8138395
26.993197,3.734681
27.004807,3.4967324
27.016417,3.272104
27.028027,3.4135464
27.039637,3.0281394
27.051247,2.6085016
27.062857,2.6963674
27.074467,2.6154881
27.086077,4.0548525
27.097687,5.3006562
27.109297,5.7102359
27.120907,5.2964001
27.132517,5.1862343
27.144127,4.864155
27.155737,4.7511628
27.167347,4.2740306
27.178957,3.8034332
27.190567,4.0143274
27.202177,3.634816
27.213787,3.6143242
27.225397,3.5716365
27.237007,3.6448099
27.248617,3.7230296
27.260227,3.4864392
27.271837,3.2771457
27.283447,2.6857704
27.295057,2.5138765
27.306667,1.9749159
27.318277,2.0639524
27.329887,2.0593248
27.341497,1.8237171
27.353107,2.2778515
27.364717,1.6490696
27.376327,2.0263902
27.387937,1.6377318
27.399546,1.8064355
27.411156,1.6649199
27.422766,1.629586
27.434376,1.879416
27.445986,1.5090482
27.457596,1.8259493
27.469206,1.3745971
27.480816,1.4534367
27.492426,1.1759625
27.504036,3.6789437
27.515646,3.6979538
27.527256,3.5081151
27.538866,3.3833307
27.550476,3.2086134
27.562086,2.8565305
27.573696,2.6205985
27.585306,2.8465699
27.596916,2.3430609
27.608526,1.4819847
27.620136,1.7817377
27.631746,1.7153834
27.643356,1.5918071
27.654966,1.753482
27.666576,2.0129884
27.678186,2.0699986
27.689796,2.0092944
27.701406,1.9041395
27.713016,1.8088335
27.724626,1.736703
27.736236,1.3727511
27.747846,1.5163254
27.759456,1.4750402
27.771066,1.4815423
27.782676,1.3123141
27.794286,1.1306477
27.805896,1.2150906
27.817506,1.35961
27.829116,1.3362189
27.840726,1.3640978
27.852336,1.2681754
27.863946,1.0402495
27.875556,1.0694545
27.887166,1.0526658
27.898776,1.0845715
27.910385,1.1966612
27.921995,1.2247962
27.933605,1.23763
27.945215,1.2431599
27.956825,1.1814015
27.968435,1.1626874
27.980045,1.149328
27.991655,1.1257661
28.003265,1.0651096
28.014875,0.8943485
28.026485,0.92044765
28.038095,0.83330332
28.049705,0.78025649
28.061315,0.81803594
28.072925,0.83898866
28.084535,0.90571011
28.096145,1.016841
28.107755,2.1912337
28.119365,3.1383715
28.130975,3.1157667
28.142585,3.1032472
28.154195,3.0373817
28.165805,2.9902958
28.177415,4.5759892
28.189025,4.2282113
28.200635,4.3970994
28.212245,4.0575941
28.223855,3.6216777
28.235465,3.6386649
28.247075,3.0084165
28.258685,3.3363453
28.270295,3.2858293
28.281905,2.1521034
28.293515,3.0224344
28.305125,2.4149725
28.316735,2.2109249
28.328345,2.5564018
28.339955,1.7731049
28.351565,1.9026198
28.363175,2.0746558
28.374785,1.6497171
28.386395,2.1854833
28.398005,1.5560237
28.409615,1.5442268
28.421224,1.7635232
28.432834,1.3555048
28.444444,1.5475295
28.456054,1.6852602
28.467664,1.414661
28.479274,1.5265544
28.490884,1.7534172
28.502494,1.607279
28.514104,1.8485373
28.525714,1.8452069
28.537324,1.9057862
28.548934,1.8901788
28.560544,2.0068142
28.572154,2.2377416
28.583764,2.095584
28.595374,2.0489313
28.606984,1.9574399
28.618594,1.8339294
28.630204,1.9514354
28.641814,1.8467799
28.653424,1.5711501
28.665034,1.9089862
28.676644,1.3700408
28.688254,1.4192027
28.699864,1.840114
28.711474,3.6543857
28.723084,4.0819839
28.734694,3.8593214
28.746304,3.6501979
28.757914,3.3698927
28.769524,3.3622559
28.781134,3.1680663
28.792744,3.7035895
28.804354,3.6729989
28.815964,3.9492006
28.827574,4.0171044
28.839184,3.5727315
28.850794,3.2327863
28.862404,3.1941558
28.874014,4.5990482
28.885624,3.7027477
28.897234,8.1593393
28.908844,8.6655646
28.920454,8.1234808
28.932063,9.5278928
28.943673,8.5168158
28.955283,6.3516762
28.966893,8.6789739
28.978503,6.0544718
28.990113,10.115987
29.001723,12.978355
29.013333,14.343282
29.024943,13.298144
29.036553,12.722886
29.048163,10.491213
29.059773,8.6403934
29.071383,9.1529255
29.082993,7.2417413
29.094603,7.1678808
29.106213,6.0611224
29.117823,5.7996618
29.129433,4.3204982
29.141043,4.2180453
29.152653,2.2280496
29.164263,2.7263198
29.175873,2.0651143
29.187483,3.5368825
29.199093,3.795572
29.210703,3.4934476
29.222313,2.6572344
29.233923,2.2596976
29.245533,1.5786993
29.257143,1.9693821
29.268753,1.881151
29.280363,1.8804784
29.291973,1.9243216
29.303583,1.658473
29.315193,2.1882105
29.326803,2.8610074
29.338413,5.3474578
29.350023,3.2213659
29.361633,3.467907
29.373243,4.7306143
29.384853,4.7459763
29.396463,8.8842521
29.408073,7.7014422
29.419683,7.3403841
29.431293,7.6715158
29.442902,8.107625
29.454512,7.5014779
29.466122,7.9642702
29.477732,7.1312032
29.489342,6.1226765
29.500952,5.7366259
29.512562,5.5042197
29.524172,6.0084306
29.535782,6.9318785
29.547392,6.3996479
29.559002,5.3893225
29.570612,4.8817773
29.582222,4.971903
29.593832,6.2817836
29.605442,6.2143963
29.617052,5.3832882
29.628662,4.0538687
29.640272,3.8389627
29.651882,3.9423335
29.663492,4.9255893
29.675102,4.6537734
29.686712,3.5617499
29.698322,3.384876
29.709932,3.7122783
29.721542,3.6522675
29.733152,3.9730969
29.744762,4.3040352
29.756372,3.8043264
29.767982,3.1415039
29.779592,3.1766094
29.791202,3.3214147
29.802812,3.5725867
29.814422,3.2911808
29.826032,3.3222221
29.837642,2.4143837
29.849252,2.6386669
29.860862,3.0402327
29.872472,2.707459
29.884082,3.7553433
29.895692,2.8880731
29.907302,5.9315014
29.918912,7.9805431
29.930522,6.0174652
29.942132,6.756935
29.953741,5.6109108
29.965351,7.0678927
29.976961,5.311039
29.988571,5.5987529
30.000181,6.5825455
30.011791,6.6961495
30.023401,6.6266714
30.035011,5.8553105
30.046621,5.5581239
30.058231,5.3789275
30.069841,5.2666469
30.081451,4.6562765
30.093061,4.5254292
30.104671,4.3215817
30.116281,4.4484778
30.127891,4.5164391
30.139501,4.4607903
30.151111,4.5350468
30.162721,4.1585279
30.174331,4.4519911
30.185941,3.7799312
30.197551,3.7935607
30.209161,3.7756517
30.220771,4.0861421
30.232381,4.1517349
30.243991,4.121102
30.255601,4.6007724
30.267211,4.555175
30.278821,3.4829538
30.290431,3.028702
30.302041,2.9954647
30.313651,3.3124482
30.325261,3.393051
30.336871,3.3345235
30.348481,3.1667104
30.360091,2.7578026
30.371701,2.7354922
30.383311,5.2772725
30.394921,5.4228826
30.406531,4.3482749
30.418141,4.1877281
30.429751,4.0616567
30.441361,4.6949606
30.452971,5.3655135
30.46458,5.0065557
30.47619,4.3390285
30.4878,4.3546923
30.49941,4.1752423
30.51102,4.7424379
30.52263,4.984014
30.53424,4.8067154
30.54585,4.0540689
30.55746,3.8929168
30.56907,4.2992565
30.58068,6.446903
30.59229,6.4138027
30.6039,5.8224229
30.61551,5.7483979
30.62712,4.6470897
30.63873,4.6732291
30.65034,5.3810618
30.66195,4.5933281
30.67356,5.3141709
30.68517,4.5178595
30.69678,5.3584114
30.70839,7.8080273
30.72,5.9492098
30.73161,6.099769
30.74322,5.2936009
30.75483,6.4903701
30.76644,6.3659674
30.77805,4.7115013
30.78966,10.668096
30.80127,11.435147
30.81288,12.571156
30.82449,12.385882
30.8361,11.013142
30.84771,10.196173
30.85932,9.8733831
30.87093,9.4010011
30.88254,8.9831589
30.89415,8.0493255
30.90576,7.0900442
30.91737,7.2355697
30.92898,6.9482358
30.94059,6.7068023
30.9522,6.919956
30.96381,6.4515411
30.97542,6.2294254
30.987029,5.7757438
30.998639,5.4341817
31.010249,5.2551898
31.021859,4.8994367
31.033469,5.5587623
31.045079,4.7238396
31.056689,4.3272682
31.068299,5.0291953
31.079909,4.2374268
31.091519,4.8069551
31.103129,4.5520358
31.114739,4.5103953
31.126349,4.3047183
31.137959,4.5091632
31.149569,4.4887289
31.161179,4.0404349
31.172789,3.7720068
31.184399,3.7124778
31.196009,3.213139
31.207619,3.1991073
31.219229,2.6619998
31.230839,2.637204
31.242449,2.740395
31.254059,2.7823225
31.265669,2.2245279
31.277279,2.0259383
31.288889,2.5975094
31.300499,1.9893146
31.312109,1.9834904
31.323719,1.8012489
31.335329,1.5345162
31.346939,1.5378135
31.358549,1.586627
31.370159,1.6416352
31.381769,1.8929271
31.393379,6.6289085
31.404989,6.5822034
31.416599,6.5707493
31.428209,6.1603122
31.439819,5.9401973
31.451429,5.8567688
31.463039,5.4491958
31.474649,6.4652641
31.486259,6.3085461
31.497868,6.2690991
31.509478,6.5899119
31.521088,6.2962104
31.532698,5.6754463
31.544308,5.4935808
31.555918,6.0037432
31.567528,11.768687
31.579138,9.1215816
31.590748,12.017718
31.602358,9.7815606
31.613968,7.5448629
31.625578,9.4669135
31.637188,4.2888651
31.648798,10.031405
31.660408,9.905837
31.672018,10.589503
31.683628,7.7586975
31.695238,9.8973838
31.706848,7.3498956
31.718458,9.3368121
31.730068,6.0649013
31.741678,5.6528485
31.753288,4.7449406
31.764898,5.6697971
31.776508,5.6280206
31.788118,5.0902269
31.799728,4.088943
31.811338,4.5246613
31.822948,4.0172219
31.834558,4.0737353
31.846168,3.5634171
31.857778,3.2084374
31.869388,2.7157093
31.880998,2.1540332
31.892608,1.8346141
31.904218,1.6538627
31.915828,2.736159
31.927438,1.7019935
31.939048,1.9957996
31.950658,1.4205754
31.962268,1.486914
31.973878,1.729831
31.985488,1.6352303
31.997098,2.9172752
32.008707,4.3732244
32.020317,3.0530301
32.031927,3.312138
32.043537,3.268136
32.055147,3.5493651
32.066757,3.1388901
32.078367,4.9957903
32.089977,5.3407867
32.101587,8.1746215
32.113197,7.6148564
32.124807,7.5778281
32.136417,7.6256475
32.148027,7.1184943
32.159637,4.8483058
32.171247,4.1064137
32.182857,5.2885152
32.194467,5.5475443
32.206077,4.4385524
32.217687,4.1141386
32.229297,4.2012083
32.240907,4.8280515
32.252517,5.5373776
32.264127,4.8040833
32.275737,3.9362303
32.287347,3.6340663
32.298957,4.4942271
32.310567,4.5427759
32.322177,4.4012707
32.333787,3.5355263
32.345397,2.8052535
32.357007,2.8480777
32.368617,2.7451729
32.380227,3.2087364
32.391837,3.3274591
32.403447,3.3554806
32.415057,3.0258669
32.426667,2.9142604
32.438277,2.6036249
32.449887,3.1519868
32.461497,3.1396411
32.473107,2.8611981
32.484717,2.8611092
32.496327,2.5991748
32.507937,2.4938451
32.519546,2.2539023
32.531156,2.5985132
32.542766,2.5200408
32.554376,2.1009558
32.565986,1.7741567
32.577596,1.8456554
32.589206,2.4143281
32.600816,2.8450486
32.612426,3.7389542
32.624036,2.4794605
32.635646,4.3592698
32.647256,2.4677521
32.658866,3.3924372
32.670476,3.4952612
32.682086,2.6836286
32.693696,3.8665672
32.705306,5.7784541
32.716916,4.9886285
32.728526,4.8066228
32.740136,4.6738792
32.751746,4.8081996
32.763356,4.1117059
32.774966,4.6073653
32.786576,5.1012875
32.798186,5.4309561
32.809796,5.2178908
32.821406,5.0363208
32.833016,4.3532293
32.844626,4.4226099
32.856236,4.1237072
32.867846,3.7916267
32.879456,3.6244225
32.891066,3.3898786
32.902676,3.7111286
32.914286,3.53668
32.925896,3.7802041
32.937506,3.3539543
32.949116,3.3097265
32.960726,3.1905928
32.972336,2.9716256
32.983946,2.9859578
32.995556,2.8338914
33.007166,3.2520917
33.018776,2.7226892
33.030385,3.1182316
33.041995,2.6037495
33.053605,3.248412
33.065215,2.7751664
33.076825,2.5604768
33.088435,2.3458557
33.100045,2.4256242
33.111655,2.8356379
33.123265,2.089741
33.134875,2.3015516
33.146485,2.5119249
33.158095,2.6903126
33.169705,2.4046179
33.181315,2.0629982
33.192925,2.136201
33.204535,1.6194427
33.216145,1.7313826
33.227755,2.1137856
33.239365,1.4586169
33.250975,1.6173519
33.262585,2.1209455
33.274195,3.8877655
33.285805,4.1817567
33.297415,3.6441788
33.309025,3.0833146
33.320635,3.3495233
33.332245,3.1061163
33.343855,3.7784687
33.355465,3.9305028
33.367075,3.3741783
33.378685,3.3177027
33.390295,3.2124008
33.401905,3.41612
33.413515,3.7091163
33.425125,3.6727558
33.436735,3.1674118
33.448345,3.1938643
33.459955,3.2951046
33.471565,3.2458265
33.483175,3.6642363
33.494785,3.7432193
33.506395,3.4547045
33.518005,3.122862
33.529615,3.0040322
33.541224,3.4107942
33.552834,3.6643308
33.564444,5.9821791
33.576054,5.1459568
33.587664,4.6107291
33.599274,4.8789465
33.610884,4.9094234
33.622494,4.1838748
33.634104,3.7263004
33.645714,3.8960329
33.657324,3.6156549
33.668934,3.1721934
33.680544,3.4536721
33.692154,3.4018365
33.703764,2.992321
33.715374,2.6738625
33.726984,3.1473559
33.738594,3.240296
33.750204,3.5612328
33.761814,3.8539846
33.773424,2.9370381
33.785034,2.6827138
33.796644,3.3313006
33.808254,3.1175301
33.819864,3.5617325
33.831474,4.1961191
33.843084,3.6478641
33.854694,3.8336585
33.866304,3.4063824
33.877914,3.054843
33.889524,3.8143767
33.901134,2.7188745
33.912744,5.360658
33.924354,4.3270794
33.935964,3.414975
33.947574,3.1321774
33.959184,3.6549831
33.970794,3.3608796
33.982404,3.0768243
33.994014,3.2291348
34.005624,3.4997043
34.017234,2.9278647
34.028844,3.0983551
34.040454,3.1580324
34.052063,2.8925501
34.063673,2.7947484
34.075283,2.9855799
34.086893,2.5811548
34.098503,2.8364213
34.110113,3.0340329
34.121723,2.5621709
34.133333,2.8209876
34.144943,3.0982503
34.156553,2.6122186
34.168163,2.6048698
34.179773,2.8517494
34.191383,2.3844492
34.202993,2.591034
34.214603,2.7650864
34.226213,2.5928734
34.237823,2.6687084
34.249433,2.5454241
34.261043,2.2731449
34.272653,2.5010899
34.284263,2.6177972
34.295873,2.4779708
34.307483,2.369048
34.319093,2.7551542
34.330703,2.1077849
34.342313,2.4671236
34.353923,2.8224684
34.365533,2.5638969
34.377143,2.4317627
34.388753,2.7688277
34.400363,2.231751
34.411973,2.4826441
34.423583,2.8184121
34.435193,2.4076961
34.446803,2.1759429
34.458413,2.4526248
34.470023,2.1260478
34.481633,2.7565411
34.493243,5.5708468
34.504853,5.0910376
34.516463,5.1748792
34.528073,4.6743178
34.539683,4.5785531
34.551293,4.271714
34.562902,4.3257279
34.574512,5.3673509
34.586122,5.1955945
34.597732,5.5423926
34.609342,5.0728355
34.620952,5.0270078
34.632562,6.0247977
34.644172,9.0530064
34.655782,8.6123861
34.667392,6.8699623
34.679002,8.36427
34.690612,6.2736002
34.702222,5.9542054
34.713832,7.123976
34.725442,4.7067616
34.737052,10.338808
34.748662,8.9500434
34.760272,8.7242383
34.771882,9.0455801
34.783492,6.6716389
34.795102,6.9304982
34.806712,6.3348799
34.818322,5.4929917
34.829932,3.1059148
34.841542,4.2990457
34.853152,2.6168887
34.864762,3.2411991
34.876372,1.7717814
34.887982,2.0542783
34.899592,2.5585277
34.911202,3.0179458
34.922812,2.6954684
34.934422,2.9521804
34.946032,2.6867386
34.957642,1.8610006
34.969252,1.860398
34.980862,1.4557043
34.992472,1.7627508
35.004082,1.7153902
35.015692,1.5981337
35.027302,0.84845608
35.038912,1.1852548
35.050522,1.6438147
35.062132,2.373659
35.073741,3.2439931
35.085351,1.9428202
35.096961,2.0828297
35.108571,2.6346099
35.120181,2.8782755
35.131791,2.3569688
35.143401,2.4300418
35.155011,4.9787353
35.166621,5.9704285
35.178231,6.0937752
35.189841,5.5744861
35.201451,5.6860646
35.213061,5.1983716
35.224671,5.425291
35.236281,3.9559321
35.247891,2.7633945
35.259501,3.0767236
35.271111,3.3660267
35.282721,3.220573
35.294331,2.6282321
35.305941,2.0961053
35.317551,2.4357907
35.329161,2.7214234
35.340771,3.0650078
35.352381,2.9326892
35.363991,2.5798926
35.375601,2.288752
35.387211,2.4207487
35.398821,2.3179181
35.410431,2.0442623
35.422041,1.6992216
35.433651,1.7613279
35.445261,1.727201
35.456871,1.7210037
35.468481,1.901872
35.480091,2.0081688
35.491701,1.7415054
35.503311,1.4745585
35.514921,1.5638335
35.526531,1.6409287
35.538141,1.6450722
35.549751,1.6847248
35.561361,1.722589
35.572971,1.6726548
35.58458,1.7446108
35.59619,1.3844445
35.6078,1.5381404
35.61941,1.3543639
35.63102,1.4041476
35.64263,1.1735768
35.65424,2.0798926
35.66585,3.0566395
35.67746,2.61106
35.68907,2.5782003
35.70068,2.7770046
35.71229,2.559396
35.7239,2.3409832
35.73551,2.8576075
35.74712,2.3451929
35.75873,2.5514013
35.77034,2.5487552
35.78195,2.0020692
35.79356,2.4394146
35.80517,2.5300163
35.81678,2.3580691
35.82839,2.5508093
35.84,2.2389472
35.85161,2.3823293
35.86322,2.4035731
35.87483,2.4059734
35.88644,2.4537128
35.89805,2.4763308
35.90966,2.6650447
35.92127,2.3515161
35.93288,2.0542242
35.94449,1.9670933
35.9561,1.91753
35.96771,1.6642959
35.97932,1.7126199
35.99093,1.5982783
36.00254,1.508887
36.01415,1.7112523
36.02576,1.6795116
36.03737,1.6847135
36.04898,1.4981334
36.06059,1.4746111
36.0722,1.552127
36.08381,1.5073466
36.09542,1.4289172
36.107029,1.4214512
36.118639,1.4279431
36.130249,1.5416896
36.141859,1.4173738
36.153469,1.3611068
36.165079,1.4251281
36.176689,1.2131985
36.188299,1.3308357
36.199909,1.0740005
36.211519,1.3013263
36.223129,1.2778487
36.234739,1.1106464
36.246349,1.3282389
36.257959,1.1273084
36.269569,1.142094
36.281179,1.1809755
36.292789,1.0017931
36.304399,1.219564
36.316009,1.0518309
36.327619,0.97248687
36.339229,1.1411876
36.350839,0.92225435
36.362449,1.1409135
36.374059,1.0320994
36.385669,0.89460077
36.397279,1.0509586
36.408889,0.89173706
36.420499,1.021733
36.432109,1.0063719
36.443719,0.98615913
36.455329,1.5681469
36.466939,1.5876916
36.478549,1.9466549
36.490159,1.5991905
36.501769,2.1902865
36.513379,1.5676765
36.524989,1.7329858
36.536599,1.5912236
36.548209,1.8816359
36.559819,2.1129623
36.571429,1.6445913
36.583039,1.9239574
36.594649,0.94556474
36.606259,2.2888708
36.617868,2.4242985
36.629478,2.1824007
36.641088,2.2177852
36.652698,2.4682993
36.664308,2.1579861
36.675918,2.5828046
36.687528,2.6000387
36.699138,1.9393817
36.710748,2.4647397
36.722358,2.0442171
36.733968,1.8303143
36.745578,2.2579664
36.757188,2.2306614
36.768798,1.6958338
36.780408,1.7500018
36.792018,2.2331477
36.803628,2.3199415
36.815238,2.5199772
36.826848,2.3702209
36.838458,2.178192
36.850068,1.8493039
36.861678,1.7349615
36.873288,2.2089787
36.884898,2.3136331
36.896508,1.9091769
36.908118,2.0074471
36.919728,2.0175711
36.931338,2.086112
36.942948,2.2037487
36.954558,1.998004
36.966168,1.9329564
36.977778,1.935319
36.989388,1.6502549
37.000998,1.7561249
37.012608,2.0839754
37.024218,2.7169403
37.035828,2.514722
37.047438,2.3173954
37.059048,2.3113378
37.070658,2.4538863
37.082268,2.253281
37.093878,2.3542167
37.105488,2.0762603
37.117098,2.4148642
37.128707,1.5219534
37.140317,1.4976501
37.151927,2.4672296
37.163537,1.937977
37.175147,1.7477399
37.186757,1.4727465
37.198367,1.301322
37.209977,1.5355289
37.221587,1.7525245
37.233197,1.5806932
37.244807,1.5414583
37.256417,1.6351887
37.268027,2.5954226
37.279637,2.4812268
37.291247,1.9969862
37.302857,1.8492862
37.314467,1.7892305
37.326077,1.8399273
37.337687,1.6547845
37.349297,1.8452388
37.360907,2.0564766
37.372517,2.0888825
37.384127,2.2681602
37.395737,2.5922096
37.407347,2.2473379
37.418957,2.1540236
37.430567,1.9946685
37.442177,2.028888
37.453787,1.7363185
37.465397,1.4339807
37.477007,1.4051653
37.488617,1.5296954
37.500227,1.2167684
37.511837,1.5219393
37.523447,1.6653575
37.535057,1.261392
37.546667,1.4754218
37.558277,1.2647864
37.569887,1.1515964
37.581497,1.107507
37.593107,2.4889587
37.604717,1.9687069
37.616327,2.2178796
37.627937,2.223385
37.639546,2.9686574
37.651156,2.3037266
37.662766,2.3667051
37.674376,2.123188
37.685986,2.0620421
37.697596,2.0751413
37.709206,2.0280153
37.720816,2.0285268
37.732426,2.247783
37.744036,1.6726727
37.755646,1.9441321
37.767256,2.0414864
37.778866,3.3229341
37.790476,2.9636327
37.802086,3.7085645
37.813696,3.3874827
37.825306,2.9088762
37.836916,2.8674296
37.848526,2.9815535
37.860136,2.7131028
37.871746,3.5016671
37.883356,2.8003452
37.894966,3.2092223
37.906576,2.93755
37.918186,2.708106
37.929796,3.5327312
37.941406,2.6825598
37.953016,2.9283074
37.964626,3.2798584
37.976236,2.277151
37.987846,2.7155271
37.999456,2.7476719
38.011066,2.347383
38.022676,2.6349806
38.034286,2.7254526
38.045896,2.6212155
38.057506,2.4196885
38.069116,2.2765123
38.080726,2.7663056
38.092336,2.164619
38.103946,2.1488015
38.115556,2.555754
38.127166,2.9163877
38.138776,3.1539638
38.150385,2.2156665
38.161995,1.9681903
38.173605,2.9712829
38.185215,2.6093958
38.196825,2.5992418
38.208435,2.9648777
38.220045,2.0435762
38.231655,2.251314
38.243265,2.3853266
38.254875,2.6623211
38.266485,2.5322779
38.278095,2.1386476
38.289705,1.8140553
38.301315,2.2959829
38.312925,2.5081174
38.324535,2.4637584
38.336145,2.5632457
38.347755,2.4174953
38.359365,1.9401132
38.370975,2.0933915
38.382585,2.5439888
38.394195,2.5054475
38.405805,2.2499972
38.417415,2.4918268
38.429025,2.2841481
38.440635,2.5722184
38.452245,2.5436169
38.463855,2.4680705
38.475465,2.3334568
38.487075,2.1608223
38.498685,2.0529978
38.510295,2.1889119
38.521905,2.33023
38.533515,2.3337268
38.545125,2.1129372
38.556735,2.030598
38.568345,1.9929337
38.579955,2.3070023
38.591565,2.2199764
38.603175,2.1339257
38.614785,2.0085392
38.626395,1.7369689
38.638005,1.72747
38.649615,2.0922933
38.661224,2.1517235
38.672834,1.7949053
38.684444,1.7496294
38.696054,1.5662779
38.707664,1.7035356
38.719274,1.6772817
38.730884,1.7075658
38.742494,1.5738757
38.754104,1.3298261
38.765714,1.3137844
38.777324,1.5468054
38.788934,1.7316384
38.800544,1.394122
38.812154,1.3647962
38.823764,1.2683456
38.835374,1.192902
38.846984,1.3910441
38.858594,1.3965209
38.870204,1.219323
38.881814,1.1153168
38.893424,1.4726362
38.905034,1.1343571
38.916644,1.2840085
38.928254,1.099356
38.939864,0.90936655
38.951474,1.131526
38.963084,1.0676749
38.974694,1.0938891
38.986304,0.98340628
38.997914,1.0754577
39.009524,0.90588966
39.021134,1.0893423
39.032744,1.0905924
39.044354,1.0340385
39.055964,0.92565354
39.067574,0.82604728
39.079184,1.1535801
39.090794,0.87659446
39.102404,1.1165614
39.114014,0.76926592
39.125624,1.0848242
39.137234,0.77574002
39.148844,1.1663371
39.160454,1.0358678
39.172063,1.0929825
39.183673,0.79901002
39.195283,0.59275413
39.206893,0.87169894
39.218503,0.99287956
39.230113,1.0966175
39.241723,0.86051868
39.253333,0.85433393
39.264943,0.77465797
39.276553,1.034163
39.288163,0.98014056
39.299773,1.0424225
39.311383,0.80808603
39.322993,0.77910088
39.334603,0.95961559
39.346213,1.0798606
39.357823,1.1227314
39.369433,0.88515534
39.381043,0.88248859
39.392653,0.80282453
39.404263,0.98915404
39.415873,0.86090447
39.427483,1.0523267
39.439093,0.6741574
39.450703,0.92351426
39.462313,0.88749535
39.473923,1.0000649
39.485533,1.1579557
39.497143,0.76099552
39.508753,1.0183678
39.520363,0.68302003
39.531973,1.1571226
39.543583,0.78062407
39.555193,0.99260089
39.566803,0.72883768
39.578413,0.82953664
39.590023,1.0617028
39.601633,0.93914534
39.613243,1.212815
39.624853,0.71464465
39.636463,1.0399784
39.648073,1.0509163
39.659683,0.93043897
39.671293,0.83905938
39.682902,0.51991156
39.694512,0.72615324
39.706122,0.59056483
39.717732,0.61140274
39.729342,1.1736375
39.740952,5.587262
39.752562,5.7525369
39.764172,4.3871666
39.775782,5.2895288
39.787392,5.2865
39.799002,4.8454046
39.810612,4.2647941
39.822222,5.4447294
39.833832,5.7675509
39.845442,5.6744313
39.857052,5.551107
39.868662,5.2392205
39.880272,4.8187487
39.891882,4.6520129
39.903492,4.2501974
39.915102,3.8935473
39.926712,5.2533214
39.938322,6.2195301
39.949932,9.2065059
39.961542,9.7325647
39.973152,8.1656564
39.984762,8.6904662
39.996372,9.8731274
40.007982,8.677199
40.019592,5.8434017
40.031202,8.5178186
40.042812,9.9032864
40.054422,11.801791
40.066032,11.331828
40.077642,13.105145
40.089252,9.4551485
40.100862,9.3537346
40.112472,6.4311175
40.124082,7.277192
40.135692,6.9229034
40.147302,7.5478638
40.158912,6.2022574
40.170522,6.0364975
40.182132,3.9595813
40.193741,4.2906867
40.205351,3.8955891
40.216961,2.8582793
40.228571,3.6303205
40.240181,3.6202204
40.251791,3.7684376
40.263401,3.4630139
40.275011,2.9385854
40.286621,1.9005125
40.298231,2.2208926
40.309841,2.1180298
40.321451,1.6733621
40.333061,2.1932635
40.344671,2.6334338
40.356281,2.819439
40.367891,3.9980648
40.379501,5.9236693
40.391111,4.3207209
40.402721,4.308291
40.414331,5.203661
40.425941,5.9818805
40.437551,10.439366
40.449161,10.940398
40.460771,11.538981
40.472381,10.833663
40.483991,10.338056
40.495601,9.7805172
40.507211,9.9803298
40.518821,9.6669521
40.530431,8.7524431
40.542041,10.30382
40.553651,10.078428
40.565261,8.4950424
40.576871,7.5182628
40.588481,7.469695
40.600091,9.203977
40.611701,9.8262574
40.623311,9.1432252
40.634921,7.8915863
40.646531,7.1495215
40.658141,7.180157
40.669751,7.7834004
40.681361,7.9652122
40.692971,6.8296983
40.70458,6.2047079
40.71619,5.6565711
40.7278,6.1273709
40.73941,6.4436279
40.75102,6.6506213
40.76263,5.9575851
40.77424,4.4390261
40.78585,8.4107312
40.79746,9.2182401
40.80907,5.6443338
40.82068,7.5948821
40.83229,5.6918685
40.8439,5.3169961
40.85551,6.0163369
40.86712,5.5663218
40.87873,5.5622406
40.89034,5.4212553
40.90195,5.9022106
40.91356,5.6951612
40.92517,4.7287851
40.93678,4.6179286
40.94839,3.5899634
40.96,3.0094798
40.97161,3.7150252
40.98322,3.3136897
40.99483,4.9471097
41.00644,8.563533
41.01805,6.346269
41.02966,8.1391305
41.04127,7.3316696
41.05288,9.2013087
41.06449,7.1687016
41.0761,5.6293914
41.08771,9.380702
41.09932,7.3880512
41.11093,7.2165812
41.12254,11.774087
41.13415,10.690197
41.14576,11.816397
41.15737,9.7090278
41.16898,10.045473
41.18059,8.9388153
41.1922,6.1258065
41.20381,7.3311894
41.21542,6.6527839
41.227029,7.2010278
41.238639,7.5443991
41.250249,5.9533313
41.261859,5.0820218
41.273469,5.9501918
41.285079,4.8584796
41.296689,3.6254945
41.308299,2.795925
41.319909,4.4920612
41.331519,4.1279859
41.343129,2.3948365
41.354739,3.8028931
41.366349,4.1701303
41.377959,2.832141
41.389569,5.6910446
41.401179,5.7174756
41.412789,11.708179
41.424399,11.765848
41.436009,11.965448
41.447619,12.003414
41.459229,11.850181
41.470839,9.4095722
41.482449,8.8743693
41.494059,8.0832857
41.505669,9.1282782
41.517279,10.354384
41.528889,9.5806823
41.540499,9.3609195
41.552109,8.2327356
41.563719,8.3970899
41.575329,8.9794037
41.586939,9.7374324
41.598549,9.4342875
41.610159,9.3554094
41.621769,8.4418032
41.633379,7.6760313
41.644989,7.8927535
41.656599,8.2527875
41.668209,8.3014843
41.679819,6.912076
41.691429,5.9457163
41.703039,10.619396
41.714649,9.5810518
41.726259,4.1315076
41.737868,7.5830148
41.749478,4.5090749
41.761088,6.2674108
41.772698,6.0237202
41.784308,6.5154966
41.795918,5.694657
41.807528,6.7469087
41.819138,6.5477114
41.830748,4.9399106
41.842358,5.7273679
41.853968,3.9573222
41.865578,5.0792724
41.877188,9.7196162
41.888798,7.7066393
41.900408,8.4080705
41.912018,7.8609046
41.923628,8.5548088
41.935238,7.8229838
41.946848,7.0340529
41.958458,7.2237861
41.970068,7.6079315
41.981678,11.60314
41.993288,10.321679
42.004898,10.262372
42.016508,8.5905389
42.028118,10.123598
42.039728,8.8938395
42.051338,11.421607
42.062948,9.0199532
42.074558,8.4963982
42.086168,7.4155415
42.097778,7.5003882
42.109388,4.6380461
42.120998,5.3384409
42.132608,6.466361
42.144218,5.2727435
42.155828,4.3668412
42.167438,3.4148336
42.179048,3.7232187
42.190658,5.0119857
42.202268,4.9654599
42.213878,2.2518936
42.225488,3.493674
42.237098,2.8656076
42.248707,3.8827227
42.260317,2.3650691
42.271927,2.4960652
42.283537,7.5616385
42.295147,8.6281251
42.306757,8.5570184
42.318367,7.7075906
42.329977,7.8984038
42.341587,7.4124205
42.353197,6.6876249
42.364807,6.3321454
42.376417,5.509147
42.388027,5.2553148
42.399637,5.3505181
42.411247,5.0851417
42.422857,4.5719495
42.434467,4.8548238
42.446077,4.98563
42.457687,4.7547913
42.469297,4.9675547
42.480907,4.1090604
42.492517,3.9580783
42.504127,4.2454384
42.515737,3.7434906
42.527347,3.169564
42.538957,3.3733169
42.550567,2.5880985
42.562177,2.4595291
42.573787,2.9644596
42.585397,3.3727149
42.597007,3.5718004
42.608617,2.6009695
42.620227,1.6151153
42.631837,1.8676216
42.643447,2.6216809
42.655057,1.7558399
42.666667,2.7282161
42.678277,2.0669507
42.689887,2.26319
42.701497,2.3290313
42.713107,1.6592006
42.724717,2.3774287
42.736327,1.8966289
42.747937,1.6827484
42.759546,1.9551523
42.771156,1.3860231
42.782766,1.5524035
42.794376,1.6342098
42.805986,1.1384014
42.817596,1.756088
42.829206,1.2815609
42.840816,1.6837788
42.852426,1.3442178
42.864036,1.0215085
42.875646,1.2438692
42.887256,1.0519808
42.898866,1.4149235
42.910476,1.0250338
42.922086,0.90206894
42.933696,0.89231668
42.945306,1.1721266
42.956916,1.0456381
42.968526,0.85606576
42.980136,0.9034557
42.991746,0.66931215
43.003356,0.77550804
43.014966,1.0807657
43.026576,1.151039
43.038186,3.6512022
43.049796,4.2079146
43.061406,3.4335142
43.073016,3.4446228
43.084626,3.6404911
43.096236,3.7666534
43.107846,3.9327953
43.119456,3.3404875
43.131066,2.9223645
43.142676,2.9773149
43.154286,3.202595
43.165896,3.362517
43.177506,3.215962
43.189116,3.2869235
43.200726,2.9572167
43.212336,2.6714263
43.223946,2.7276657
43.235556,3.0554599
43.247166,3.0283254
43.258776,2.903429
43.270385,2.6778001
43.281995,2.1370678
43.293605,2.1017955
43.305215,2.4193585
43.316825,2.5959672
43.328435,2.4135919
43.340045,2.0038111
43.351655,1.8740129
43.363265,1.9588985
43.374875,2.0079318
43.386485,2.1477704
43.398095,2.100268
43.409705,1.653927
43.421315,1.6501304
43.432925,1.7952457
43.444535,2.0611646
43.456145,1.8759854
43.467755,1.807641
43.479365,1.7988219
43.490975,1.6323754
43.502585,1.6156954
43.514195,1.8644943
43.525805,1.9796426
43.537415,1.6511551
43.549025,1.3663536
43.560635,1.4506706
43.572245,1.6906927
43.583855,1.8200224
43.595465,4.8681382
43.607075,6.4556204
43.618685,6.6655013
43.630295,6.2262716
43.641905,6.1126125
43.653515,5.4607467
43.665125,5.4861719
43.676735,5.1594905
43.688345,4.5779249
43.699955,4.8358288
43.711565,4.2332648
43.723175,3.3150072
43.734785,3.2994066
43.746395,3.4556999
43.758005,3.2573004
43.769615,3.0952931
43.781224,2.6302768
43.792834,2.3023243
43.804444,1.848987
43.816054,1.6825665
43.827664,1.5206339
43.839274,1.3300956
43.850884,1.0623534
43.862494,0.98802624
43.874104,1.2347158
43.885714,1.0908545
43.897324,1.285594
43.908934,1.7158252
43.920544,1.7674206
43.932154,1.7302621
43.943764,1.5194087
43.955374,1.370989
43.966984,1.6862691
43.978594,1.7781503
43.990204,1.5489884
44.001814,1.7881233
44.013424,1.8567982
44.025034,1.8692857
44.036644,1.9065215
44.048254,1.9100708
44.059864,1.7414348
44.071474,1.7005498
44.083084,1.6486069
44.094694,1.7147417
44.106304,1.8199289
44.117914,2.0398772
44.129524,2.0428997
44.141134,1.9871277
44.152744,2.0517938
44.164354,2.0708762
44.175964,1.9619565
44.187574,1.9910359
44.199184,1.9797037
44.210794,1.9197242
44.222404,1.8557918
44.234014,1.9179085
44.245624,1.9228011
44.257234,1.7470571
44.268844,1.7022132
44.280454,1.7858601
44.292063,1.7793585
44.303673,1.6124965
44.315283,1.5938206
44.326893,1.5645863
44.338503,1.6156583
44.350113,1.5597514
44.361723,1.6208296
44.373333,1.6586817
44.384943,1.7621654
44.396553,1.7270932
44.408163,1.7446918
44.419773,1.6740184
44.431383,1.6736896
44.442993,3.5732746
44.454603,4.784883
44.466213,5.5578488
44.477823,4.9877378
44.489433,4.758812
44.501043,4.7017422
44.512653,4.5897367
44.524263,4.0103275
44.535873,3.1062607
44.547483,2.4596368
44.559093,2.6314525
44.570703,2.1650076
44.582313,1.7899035
44.593923,1.4586978
44.605533,0.93877222
44.617143,0.78939731
44.628753,1.1560855
44.640363,1.0895274
44.651973,1.464092
44.663583,1.5217343
44.675193,1.6977268
44.686803,1.6418765
44.698413,2.0246335
44.710023,2.2217319
44.721633,2.2573183
44.733243,1.8267907
44.744853,1.6074969
44.756463,1.4589032
44.768073,1.2260373
44.779683,1.0057354
44.791293,1.0903688
44.802902,1.002227
44.814512,0.91937169
44.826122,0.8651579
44.837732,0.79260904
44.849342,0.68469797
44.860952,0.45877486
44.872562,0.57460249
44.884172,0.62251214
44.895782,0.5700307
44.907392,0.82493822
44.919002,0.95113926
44.930612,0.98276123
44.942222,1.0086547
44.953832,0.93170589
44.965442,0.96285415
44.977052,0.9618196
44.988662,0.76299617
45.000272,0.79228728
45.011882,0.72210267
45.023492,0.57842265
45.035102,0.51352863
45.046712,0.41999936
45.058322,1.6175964
45.069932,2.205045
45.081542,2.4189967
45.093152,2.2596664
45.104762,2.1416441
45.116372,1.8773108
45.127982,1.7772628
45.139592,1.6126265
45.151202,1.6438591
45.162812,1.6351163
45.174422,1.5781363
45.186032,1.1800213
45.197642,1.1912698
45.209252,1.3365976
45.220862,1.3461598
45.232472,1.3590138
45.244082,1.3268317
45.255692,1.2146251
45.267302,1.1616182
45.278912,1.0582803
45.290522,0.9817829
45.302132,0.89379284
45.313741,0.63338774
45.325351,0.5584074
45.336961,0.47287585
45.348571,0.66327405
45.360181,0.66705131
45.371791,0.71765447
45.383401,0.77588603
45.395011,0.77201883
45.406621,0.6822088
45.418231,0.51007584
45.429841,0.49012249
45.441451,0.53692448
45.453061,0.45849536
45.464671,0.55535293
45.476281,0.72864725
45.487891,0.68032187
45.499501,0.77189688
45.511111,0.77658419
45.522721,0.72618475
45.534331,0.81207813
45.545941,0.71817938
45.557551,0.8100685
45.569161,0.81021351
45.580771,0.88936131
45.592381,0.92559739
45.603991,0.91976663
45.615601,0.89364011
45.627211,0.89340368
45.638821,0.89642735
45.650431,0.82515292
45.662041,0.88655049
45.673651,0.88274905
45.685261,0.82960501
45.696871,0.82433206
45.708481,0.83943788
45.720091,0.80863755
45.731701,0.70508703
45.743311,0.74341288
45.754921,0.75876028
45.766531,0.65609993
45.778141,0.66894678
45.789751,0.73516296
45.801361,0.70575064
45.812971,0.68743336
45.82458,0.76147638
45.83619,0.67700584
45.8478,0.7371196
45.85941,0.8895641
45.87102,0.96276658
45.88263,0.91634201
45.89424,0.65201939
45.90585,0.58249295
45.91746,0.5644295
45.92907,0.55678844
45.94068,0.47033508
45.95229,0.59997633
45.9639,0.49407017
45.97551,0.52048764
45.98712,0.39056248
45.99873,0.37560618
46.01034,0.27113705
46.02195,0.3517588
46.03356,0.39737893
46.04517,0.3759394
46.05678,0.35276587
46.06839,0.34250305
46.08,0.35491444
46.09161,0.33534327
46.10322,0.40822314
46.11483,0.34197456
46.12644,0.41894247
46.13805,0.35927777
46.14966,0.46172499
46.16127,0.51016406
46.17288,1.1000726
46.18449,1.5800916
46.1961,1.5769586
46.20771,1.4715198
46.21932,1.1647448
46.23093,1.2768203
46.24254,1.3717835
46.25415,1.3803483
46.26576,1.7381825
46.27737,6.0689484
46.28898,5.5801393
46.30059,4.9308784
46.3122,4.8012955
46.32381,4.1593782
46.33542,3.9857062
46.347029,3.4435946
46.358639,3.4157817
46.370249,2.7832432
46.381859,1.7108681
46.393469,1.5551863
46.405079,1.7838155
46.416689,1.5508659
46.428299,1.8461006
46.439909,1.8866694
46.451519,1.8861401
46.463129,1.8022552
46.474739,1.707664
46.486349,1.3512583
46.497959,1.2386409
46.509569,1.2478465
46.521179,1.2516639
46.532789,1.3718823
46.544399,1.5877707
46.556009,1.7542868
46.567619,1.9695664
46.579229,2.0757928
46.590839,2.1674053
46.602449,2.0129526
46.614059,2.0089509
46.625669,2.2254767
46.637279,2.1988533
46.648889,2.2946886
46.660499,2.3095494
46.672109,2.4737817
46.683719,2.4391919
46.695329,2.3519831
46.706939,2.1798053
46.718549,2.2002625
46.730159,2.5647236
46.741769,2.7610381
46.753379,2.9174879
46.764989,2.9179651
46.776599,1.9772587
46.788209,2.4917682
46.799819,4.6883314
46.811429,3.2175737
46.823039,4.1871049
46.834649,2.8664333
46.846259,3.9855201
46.857868,2.5695469
46.869478,3.2574947
46.881088,2.8401653
46.892698,2.9064487
46.904308,1.8511136
46.915918,1.822507
46.927528,1.7104005
46.939138,1.3740772
46.950748,1.3158309
46.962358,1.2227249
46.973968,1.8185144
46.985578,1.3852904
46.997188,1.9516307
47.008798,1.4504686
47.020408,1.54819
47.032018,1.0971554
47.043628,1.5909348
47.055238,1.173016
47.066848,1.1294395
47.078458,0.95497407
47.090068,0.99598584
47.101678,0.99456571
47.113288,1.0822762
47.124898,1.1375503
47.136508,1.0423556
47.148118,0.83506603
47.159728,0.61589105
47.171338,0.80348132
47.182948,0.97380563
47.194558,0.6914217
47.206168,1.2625942
47.217778,3.6244824
47.229388,4.8618371
47.240998,4.1512184
47.252608,4.5032329
47.264218,4.1548522
47.275828,4.1852011
47.287438,3.8241803
47.299048,4.2184832
47.310658,4.4942648
47.322268,4.7208477
47.333878,4.5033999
47.345488,4.5198888
47.357098,4.116618
47.368707,3.9824502
47.380317,5.3000456
47.391927,4.7913631
47.403537,6.9446867
47.415147,7.878217
47.426757,6.5442574
47.438367,7.299528
47.449977,6.4281338
47.461587,6.6480556
47.473197,6.2468632
47.484807,6.4306534
47.496417,5.2437291
47.508027,4.8587724
47.519637,4.1623949
47.531247,3.8475749
47.542857,3.8099287
47.554467,4.4099141
47.566077,2.5991643
47.577687,4.8475892
47.589297,3.1216977
47.600907,3.8604534
47.612517,2.763784
47.624127,3.265364
47.635737,2.7251605
47.647347,2.9014275
47.658957,2.8136356
47.670567,2.8152446
47.682177,2.4391734
47.693787,1.7689147
47.705397,1.5418178
47.717007,1.2692865
47.728617,1.4791004
47.740227,1.1342269
47.751837,1.0026623
47.763447,1.1247483
47.775057,1.0167474
47.786667,2.0498041
47.798277,1.0341482
47.809887,1.4117866
47.821497,1.3804758
47.833107,0.84639513
47.844717,1.2794082
47.856327,1.2190466
47.867937,1.0063279
47.879546,1.4704945
47.891156,0.6989241
47.902766,1.0698261
47.914376,1.0784231
47.925986,1.0197149
47.937596,2.6974738
47.949206,4.3615013
47.960816,3.3041458
47.972426,3.4333885
47.984036,3.4833268
47.995646,3.5727693
48.007256,4.8002347
48.018866,3.7507078
48.030476,3.4808119
48.042086,3.2289337
48.053696,3.2981657
48.065306,3.9603484
48.076916,3.0527452
48.088526,3.4466897
48.100136,3.4256021
48.111746,2.970849
48.123356,2.9687154
48.134966,2.1791403
48.146576,1.9574979
48.158186,2.2086551
48.169796,1.8254663
48.181406,1.504592
48.193016,1.4538566
48.204626,2.0402553
48.216236,1.6929886
48.227846,2.2773538
48.239456,2.0869973
48.251066,2.625043
48.262676,2.4644929
48.274286,2.4416791
48.285896,2.5528594
48.297506,2.2427716
48.309116,2.2327676
48.320726,2.3137702
48.332336,2.0637899
48.343946,2.2758249
48.355556,2.1437428
48.367166,2.0666474
48.378776,1.7748538
48.390385,1.4392853
48.401995,1.6640003
48.413605,1.6246218
48.425215,1.3521133
48.436825,1.4346012
48.448435,1.3775398
48.460045,1.2460404
48.471655,1.2146108
48.483265,2.43322
48.494875,3.3284246
48.506485,3.8952724
48.518095,3.7275872
48.529705,3.5891129
48.541315,3.6251092
48.552925,3.4480273
48.564535,3.4121251
48.576145,2.9506218
48.587755,2.8123031
48.599365,3.0077372
48.610975,2.5269829
48.622585,2.2675466
48.634195,2.4734165
48.645805,2.2681146
48.657415,2.3557449
48.669025,1.9751539
48.680635,1.7611498
48.692245,1.5051056
48.703855,1.3266248
48.715465,1.4317709
48.727075,1.2281264
48.738685,1.4349559
48.750295,1.4771344
48.761905,1.5303003
48.773515,1.4608231
48.785125,1.277358
48.796735,1.2284004
48.808345,1.1505487
48.819955,0.9994207
48.831565,1.0190249
48.843175,1.1357101
48.854785,0.9678608
48.866395,0.90317817
48.878005,2.0406213
48.889615,3.966034
48.901224,3.651843
48.912834,3.4553426
48.924444,3.2137272
48.936054,2.7030996
48.947664,2.3576013
48.959274,2.3370905
48.970884,2.6015602
48.982494,2.3657397
48.994104,1.9241347
49.005714,1.7260061
49.017324,2.0872645
49.028934,2.5022938
49.040544,2.079102
49.052154,1.8486025
49.063764,1.8170174
49.075374,2.2991891
49.086984,2.2842077
49.098594,1.9263703
49.110204,1.8300145
49.121814,2.077945
49.133424,2.1529573
49.145034,2.1713261
49.156644,1.915336
49.168254,1.847281
49.179864,2.0709031
49.191474,2.0672843
49.203084,1.9802436
49.214694,2.0086301
49.226304,3.4978399
49.237914,3.8665103
49.249524,4.8692516
49.261134,5.100341
49.272744,4.595102
49.284354,4.1240475
49.295964,4.7692587
49.307574,3.582504
49.319184,3.8651918
49.330794,4.2797233
49.342404,3.6540802
49.354014,4.2756344
49.365624,3.7595582
49.377234,2.7103507
49.388844,2.8402925
49.400454,2.4717178
49.412063,2.3579727
49.423673,2.0103281
49.435283,1.7588873
49.446893,1.435161
49.458503,1.9537339
49.470113,1.36738
49.481723,1.78656
49.493333,1.1537767
49.504943,2.0515966
49.516553,1.5805758
49.528163,2.1651627
49.539773,1.2840272
49.551383,1.4917349
49.562993,1.1340715
49.574603,1.1219487
49.586213,1.1473127
49.597823,1.0391225
49.609433,0.9166588
49.621043,1.5950817
49.632653,0.63974926
49.644263,1.0367806
49.655873,0.9312917
49.667483,0.84976122
49.679093,1.8805643
49.690703,4.6849809
49.702313,5.0135799
49.713923,3.9641172
49.725533,4.5629413
49.737143,3.6306876
49.748753,4.0261138
49.760363,3.5470659
49.771973,4.409088
49.783583,4.2425265
49.795193,4.6717805
49.806803,4.6880042
49.818413,4.507615
49.830023,4.9715061
49.841633,4.8754288
49.853243,8.2025331
49.864853,9.9525718
49.876463,9.327715
49.888073,8.5609364
49.899683,8.9888798
49.911293,8.3122921
49.922902,8.9108831
49.934512,7.7921413
49.946122,7.823075
49.957732,6.1371974
49.969342,6.494306
49.980952,5.92745
49.992562,7.7142308
50.004172,4.7882937
50.015782,5.1769979
50.027392,6.2800074
50.039002,3.5231032
50.050612,5.2027471
50.062222,2.5281664
50.073832,4.6880957
50.085442,3.5038328
50.097052,4.6331635
50.108662,4.4427793
50.120272,4.8920745
50.131882,3.6849968
50.143492,3.7902849
50.155102,2.9826482
50.166712,2.4783995
50.178322,2.5314397
50.189932,2.0469344
50.201542,2.5645178
50.213152,2.3703869
50.224762,3.2022523
50.236372,3.0344936
50.247982,2.9542723
50.259592,2.4407664
50.271202,2.6319115
50.282812,2.2294994
50.294422,2.294215
50.306032,2.2528792
50.317642,2.4731956
50.329252,2.3210554
50.340862,2.8053498
50.352472,5.1551616
50.364082,5.3404368
50.375692,6.032327
50.387302,5.1622122
50.398912,5.5322417
50.410522,4.367818
50.422132,6.2281309
50.433741,6.3614128
50.445351,6.9110699
50.456961,6.0865033
50.468571,4.8548306
50.480181,6.1992044
50.491791,5.5482924
50.503401,3.7506609
50.515011,4.0223356
50.526621,3.4137939
50.538231,2.9651261
50.549841,2.7817223
50.561451,2.9541047
50.573061,2.7306207
50.584671,3.0942041
50.596281,2.0240396
50.607891,2.1299739
50.619501,2.0017247
50.631111,2.1144719
50.642721,1.8163031
50.654331,2.3885183
50.665941,2.2723871
50.677551,1.7071389
50.689161,2.3142239
50.700771,2.9705835
50.712381,2.3563728
50.723991,2.5890589
50.735601,2.3040024
50.747211,2.6457119
50.758821,3.1658717
50.770431,2.811892
50.782041,2.438738
50.793651,1.9643238
50.805261,2.3743829
50.816871,2.4121283
50.828481,2.0357783
50.840091,2.2751654
50.851701,2.1309685
50.863311,1.8318515
50.874921,2.1866316
50.886531,3.9645477
50.898141,4.522815
50.909751,5.7611841
50.921361,5.302587
50.932971,5.0255558
50.94458,4.6109762
50.95619,4.8564939
50.9678,4.5717332
50.97941,4.1783649
50.99102,4.6109413
51.00263,4.6107951
51.01424,3.8755066
51.02585,4.445312
51.03746,4.557363
51.04907,4.6545203
51.06068,4.4647676
51.07229,3.9655147
51.0839,3.9539437
51.09551,4.1584884
51.10712,3.6762933
51.11873,4.1368548
51.13034,3.3660452
51.14195,3.1714625
51.15356,3.0694717
51.16517,2.6671513
51.17678,2.8796435
51.18839,2.5847555
51.2,2.6374203
51.21161,2.5289801
51.22322,2.6235771
51.23483,3.2215624
51.24644,2.2907706
51.25805,2.3157409
51.26966,2.4194619
51.28127,3.3853918
51.29288,3.3340038
51.30449,7.3987465
51.3161,9.2317588
51.32771,8.8599094
51.33932,7.84567
51.35093,6.6988225
51.36254,6.6493896
51.37415,6.1452661
51.38576,5.7233601
51.39737,5.1853072
51.40898,3.6810538
51.42059,3.4531457
51.4322,2.7646295
51.44381,2.7284884
51.45542,2.8210855
51.467029,3.206105
51.478639,3.2547276
51.490249,3.0417132
51.501859,2.274369
51.513469,2.317853
51.525079,2.8568068
51.536689,2.9528938
51.548299,2.8614397
51.559909,2.5644542
51.571519,2.6746617
51.583129,2.9570647
51.594739,2.7755756
51.606349,3.4300579
51.617959,3.1299367
51.629569,3.5742728
51.641179,3.2894113
51.652789,4.066383
51.664399,3.8607451
51.676009,4.3510584
51.687619,5.0741688
51.699229,4.4319931
51.710839,3.7934231
51.722449,6.2205346
51.734059,5.9362598
51.745669,6.093041
51.757279,5.1222029
51.768889,6.1500601
51.780499,4.693183
51.792109,5.0250994
51.803719,4.3944951
51.815329,5.0010804
51.826939,4.1226995
51.838549,4.9471256
51.850159,4.5063437
51.861769,4.1924904
51.873379,4.2960999
51.884989,4.7484895
51.896599,4.4316188
51.908209,4.4064189
51.919819,4.3949046
51.931429,4.4990267
51.943039,4.2961063
51.954649,4.0368521
51.966259,4.1492006
51.977868,3.594428
51.989478,4.2630537
52.001088,3.5856096
52.012698,4.3578331
52.024308,3.4217336
52.035918,3.2184609
52.047528,2.337609
52.059138,7.3208527
52.070748,9.2288008
52.082358,6.9304478
52.093968,7.3745561
52.105578,6.7956024
52.117188,6.5914977
52.128798,6.6648362
52.140408,6.4669537
52.152018,7.916689
52.163628,7.2751804
52.175238,8.3943471
52.186848,7.0275935
52.198458,6.5474772
52.210068,7.0350739
52.221678,10.25691
52.233288,14.853058
52.244898,11.688855
52.256508,13.321046
52.268118,11.879476
52.279728,11.880572
52.291338,11.642776
52.302948,10.021479
52.314558,9.7240088
52.326168,7.7793399
52.337778,9.3265558
52.349388,8.1739202
52.360998,11.912985
52.372608,10.227332
52.384218,6.8167042
52.395828,8.4245721
52.407438,7.3176261
52.419048,7.8856412
52.430658,7.3363398
52.442268,7.189342
52.453878,9.4963434
52.465488,7.5948356
52.477098,8.9126972
52.488707,7.4335505
52.500317,6.6046152
52.511927,7.4429307
52.523537,6.1157367
52.535147,5.6467384
52.546757,5.5726991
52.558367,6.0030751
52.569977,4.9363614
52.581587,6.9714241
52.593197,5.3915492
52.604807,6.1500268
52.616417,5.9444492
52.628027,4.2619852
52.639637,6.3396725
52.651247,4.1470027
52.662857,4.7483008
52.674467,5.2481434
52.686077,6.8075683
52.697687,6.8223526
52.709297,8.2450249
52.720907,8.6335669
52.732517,7.247862
52.744127,7.1421975
52.755737,9.8355932
52.767347,6.9662644
52.778957,8.0227601
52.790567,8.0838772
52.802177,8.2147349
52.813787,5.963577
52.825397,6.1223211
52.837007,6.0746436
52.848617,6.7249819
52.860227,4.03883
52.871837,4.1106055
52.883447,4.5644492
52.895057,4.4039322
52.906667,3.6549742
52.918277,4.5313822
52.929887,4.0526288
52.941497,3.6855095
52.953107,4.4720584
52.964717,3.9987102
52.976327,4.0802734
52.987937,5.1242627
52.999546,4.5729127
53.011156,4.181001
53.022766,4.4012936
53.034376,3.2816821
53.045986,4.6376189
53.057596,4.7125513
53.069206,3.2653044
53.080816,4.9815787
53.092426,10.789925
53.104036,13.256926
53.115646,13.446578
53.127256,12.605513
53.138866,11.684809
53.150476,10.854332
53.162086,11.061884
53.173696,9.7008074
53.185306,8.9768755
53.196916,9.2177221
53.208526,7.5717081
53.220136,6.3937637
53.231746,6.2551367
53.243356,6.4238482
53.254966,6.6824555
53.266576,6.4371443
53.278186,5.797133
53.289796,5.4614316
53.301406,4.7217301
53.313016,4.2167351
53.324626,4.2328486
53.336236,4.0416671
53.347846,5.9759544
53.359456,5.9672074
53.371066,5.6614808
53.382676,5.2692231
53.394286,4.3825435
53.405896,5.2776138
53.417506,5.9261072
53.429116,4.5662011
53.440726,5.8158423
53.452336,4.7441804
53.463946,5.0690933
53.475556,5.8911748
53.487166,4.7985059
53.498776,5.309662
53.510385,7.0151811
53.521995,9.5753526
53.533605,7.6068587
53.545215,8.7754873
53.556825,8.7540481
53.568435,6.8971769
53.580045,7.1184754
53.591655,7.0267666
53.603265,6.1813904
53.614875,6.6877341
53.626485,6.6497005
53.638095,6.3656266
53.649705,7.0524115
53.661315,6.8400016
53.672925,6.2492898
53.684535,6.7448884
53.696145,6.1458693
53.707755,6.5387898
53.719365,6.5457828
53.730975,5.0198717
53.742585,5.8046844
53.754195,4.7331217
53.765805,5.5132545
53.777415,5.8019213
53.789025,4.3599383
53.800635,5.2041859
53.812245,5.7836983
53.823855,5.8198017
53.835465,5.5822737
53.847075,4.7083675
53.858685,5.6460575
53.870295,4.6247222
53.881905,5.078202
53.893515,6.5146491
53.905125,7.8970779
53.916735,6.9923989
53.928345,7.8002224
53.939955,8.3482149
53.951565,6.6412513
53.963175,7.9014726
53.974785,6.3832968
53.986395,6.2077844
53.998005,8.140625
54.009615,7.6699375
54.021224,8.3424328
54.032834,6.0375799
54.044444,6.1426939
54.056054,5.1798642
54.067664,6.990869
54.079274,7.968282
54.090884,5.7619073
54.102494,6.2209645
54.114104,7.4455276
54.125714,6.5249129
54.137324,6.3187606
54.148934,8.2307314
54.160544,5.5064938
54.172154,7.45204
54.183764,6.6368498
54.195374,7.8053091
54.206984,6.9421184
54.218594,6.1742936
54.230204,7.7896414
54.241814,7.2484917
54.253424,7.1150643
54.265034,6.7046944
54.276644,7.0867792
54.288254,7.6360238
54.299864,8.5380481
54.311474,8.2630742
54.323084,8.0110676
54.334694,7.1564297
54.346304,7.1940829
54.357914,8.3075827
54.369524,7.50442
54.381134,6.8902012
54.392744,7.8747921
54.404354,7.8652862
54.415964,7.8156832
54.427574,7.4946179
54.439184,6.9584945
54.450794,5.8147451
54.462404,6.5968707
54.474014,7.2938293
54.485624,7.8430618
54.497234,6.3989853
54.508844,6.164008
54.520454,6.790631
54.532063,6.9495089
54.543673,6.8158802
54.555283,6.0117328
54.566893,6.4454201
54.578503,7.9952828
54.590113,7.8357602
54.601723,8.3488533
54.613333,7.7880101
54.624943,6.5459363
54.636553,6.5552119
54.648163,6.0032543
54.659773,6.7491675
54.671383,4.8179443
54.682993,6.0205355
54.694603,6.0356432
54.706213,5.7960747
54.717823,5.0795703
54.729433,5.1962091
54.741043,5.1319953
54.752653,5.0729896
54.764263,4.5400821
54.775873,4.3512129
54.787483,4.8656619
54.799093,5.811388
54.810703,6.2578092
54.822313,6.616119
54.833923,6.6713078
54.845533,5.9903143
54.857143,6.624925
54.868753,5.8513389
54.880363,5.89702
54.891973,6.8925902
54.903583,5.6700693
54.915193,7.1371663
54.926803,5.6388944
54.938413,4.3737049
54.950023,7.1290102
54.961633,5.6542311
54.973243,5.978393
54.984853,4.6880958
54.996463,3.9437882
55.008073,3.6752127
55.019683,6.0908409
55.031293,5.4926072
55.042902,4.6291851
55.054512,6.0873264
55.066122,6.0007883
55.077732,7.1139674
55.089342,6.3292413
55.100952,4.6812322
55.112562,6.4719073
55.124172,5.0823753
55.135782,5.432308
55.147392,5.7809144
55.159002,3.7673043
55.170612,4.6664324
55.182222,3.9997542
55.193832,3.2175373
55.205442,3.7454152
55.217052,2.9604894
55.228662,4.3586488
55.240272,4.2968231
55.251882,3.9666696
55.263492,4.3811016
55.275102,4.0378519
55.286712,2.9064241
55.298322,3.9713326
55.309932,3.6297623
55.321542,4.5161563
55.333152,4.4899372
55.344762,4.3113715
55.356372,4.4440854
55.367982,3.7018928
55.379592,2.9924228
55.391202,3.6493664
55.402812,3.3299016
55.414422,3.3302099
55.426032,4.0571152
55.437642,2.34911
55.449252,4.60573
55.460862,2.7022947
55.472472,3.874315
55.484082,2.5603363
55.495692,3.4555816
55.507302,4.0740252
55.518912,3.8556604
55.530522,4.5591943
55.542132,2.9491827
55.553741,3.3993384
55.565351,2.4518537
55.576961,4.6637444
55.588571,4.319903
55.600181,4.4017867
55.611791,4.0493389
55.623401,3.6957416
55.635011,3.7562975
55.646621,3.274158
55.658231,3.8739755
55.669841,3.3887474
55.681451,3.6943122
55.693061,2.570548
55.704671,2.6018171
55.716281,2.7679638
55.727891,3.0450905
55.739501,3.5732382
55.751111,3.414974
55.762721,3.0195866
55.774331,4.0223154
55.785941,3.2297187
55.797551,3.8888216
55.809161,3.3850061
55.820771,3.2161988
55.832381,5.2250001
55.843991,3.8408765
55.855601,2.7758761
55.867211,3.7578796
55.878821,2.481629
55.890431,4.4718343
55.902041,4.1676154
55.913651,2.4941197
55.925261,3.5866786
55.936871,4.2549856
55.948481,2.4199522
55.960091,3.3566582
55.971701,3.8627597
55.983311,3.2747362
55.994921,2.6378581
56.006531,3.1053611
56.018141,2.7594312
56.029751,2.7535276
56.041361,3.3375945
56.052971,2.3016874
56.06458,2.6255836
56.07619,2.2937646
56.0878,2.7227685
56.09941,2.0130924
56.11102,2.8247992
56.12263,2.5350523
56.13424,1.6517209
56.14585,1.9371771
56.15746,4.0849349
56.16907,2.9059069
56.18068,3.089465
56.19229,2.7591878
56.2039,2.753519
56.21551,2.9843178
56.22712,3.3579666
56.23873,3.0087688
56.25034,2.8710139
56.26195,2.6813558
56.27356,2.0688664
56.28517,1.962292
56.29678,1.8385953
56.30839,2.0436213
56.32,1.7130152
56.33161,1.7079799
56.34322,1.5756677
56.35483,1.4683813
56.36644,1.6465133
56.37805,1.7120778
56.38966,1.7298081
56.40127,1.8369318
56.41288,1.924862
56.42449,1.9605422
56.4361,2.0767729
56.44771,2.1389683
56.45932,1.8825389
56.47093,2.1541745
56.48254,2.1683048
56.49415,2.1082186
56.50576,2.2702487
56.51737,2.3733103
56.52898,1.7655654
56.54059,2.2627793
56.5522,2.1981487
56.56381,3.2796933
56.57542,3.3448843
56.587029,5.1593723
56.598639,3.9207502
56.610249,3.7240871
56.621859,3.3306809
56.633469,3.7462706
56.645079,3.5856107
56.656689,3.3104097
56.668299,3.1117387
56.679909,2.7363778
56.691519,2.9035455
56.703129,2.8772974
56.714739,1.8445502
56.726349,1.8073199
56.737959,2.1375458
56.749569,1.5596377
56.761179,1.5556336
56.772789,2.0331833
56.784399,1.3980991
56.796009,1.5601792
56.807619,1.1433271
56.819229,1.3009596
56.830839,1.169623
56.842449,1.1912487
56.854059,0.94947867
56.865669,1.3263011
56.877279,1.3542119
56.888889,1.1349019
56.900499,1.4204162
56.912109,0.90734776
56.923719,1.0711245
56.935329,0.60710461
56.946939,0.81134081
56.958549,0.85776957
56.970159,0.52235337
56.981769,0.83226537
56.993379,1.6880852
57.004989,2.5677397
57.016599,1.9048757
57.028209,2.0475118
57.039819,1.7277999
57.051429,1.7208622
57.063039,2.6115274
57.074649,1.7151691
57.086259,2.3657759
57.097868,2.2218367
57.109478,1.6770754
57.121088,1.4782125
57.132698,1.5763566
57.144308,2.0319753
57.155918,3.16415
57.167528,2.2991691
57.179138,2.1282813
57.190748,2.8731939
57.202358,1.7851417
57.213968,2.4332246
57.225578,2.2640004
57.237188,1.5025581
57.248798,1.8198767
57.260408,1.4841213
57.272018,1.0939235
57.283628,1.8495346
57.295238,2.291853
57.306848,2.5299928
57.318458,2.3165022
57.330068,3.2173037
57.341678,2.7771872
57.353288,2.7096945
57.364898,2.4326993
57.376508,1.7678745
57.388118,1.7930102
57.399728,1.9906188
57.411338,1.7364429
57.422948,1.4629986
57.434558,1.8465734
57.446168,1.7095787
57.457778,1.6040841
57.469388,1.9178962
57.480998,1.8498353
57.492608,0.95325572
57.504218,1.0803704
57.515828,0.88081133
57.527438,1.1555726
57.539048,1.4535691
57.550658,1.1558851
57.562268,1.3698097
57.573878,1.2002942
57.585488,0.99060269
57.597098,0.86647705
57.608707,0.96395249
57.620317,0.95106051
57.631927,0.85689345
57.643537,0.93490975
57.655147,0.83885877
57.666757,1.8869212
57.678367,2.3258558
57.689977,2.2086479
57.701587,2.2839612
57.713197,2.1911524
57.724807,1.7865394
57.736417,2.2348593
57.748027,1.9392064
57.759637,1.9170822
57.771247,2.3694822
57.782857,2.1944563
57.794467,2.0126874
57.806077,1.6815224
57.817687,2.3313411
57.829297,2.0128335
57.840907,2.5135121
57.852517,2.6307836
57.864127,1.8651414
57.875737,2.5132633
57.887347,2.0538508
57.898957,2.2670477
57.910567,2.4779852
57.922177,2.2521482
57.933787,2.5912662
57.945397,1.9925523
57.957007,2.4762019
57.968617,2.3203141
57.980227,2.3231194
57.991837,2.1749094
58.003447,1.8901707
58.015057,1.898113
58.026667,1.8434132
58.038277,1.9140964
58.049887,1.6885051
58.061497,1.7163308
58.073107,1.5379442
58.084717,1.8733538
58.096327,1.7770535
58.107937,1.9104115
58.119546,1.987245
58.131156,1.9367247
58.142766,1.9021538
58.154376,1.6375874
58.165986,1.7281834
58.177596,1.605528
58.189206,1.4686015
58.200816,1.6491502
58.212426,1.8069624
58.224036,1.5881498
58.235646,4.1366119
58.247256,4.6191466
58.258866,4.3428196
58.270476,4.1841033
58.282086,4.1619999
58.293696,3.9719529
58.305306,4.1117672
58.316916,3.6876993
58.328526,3.4779372
58.340136,3.5780336
58.351746,3.7163887
58.363356,3.6999159
58.374966,3.197214
58.386576,3.2246629
58.398186,3.21843
58.409796,3.1358279
58.421406,2.9189823
58.433016,2.9970115
58.444626,2.988505
58.456236,2.8553695
58.467846,2.5723526
58.479456,2.3122413
58.491066,2.1773636
58.502676,2.2932713
58.514286,2.133769
58.525896,2.2680607
58.537506,2.1807531
58.549116,2.1786582
58.560726,2.0645749
58.572336,2.0458365
58.583946,1.9304377
58.595556,1.9113843
58.607166,1.8830928
58.618776,1.8929222
58.630385,1.8326674
58.641995,1.7764553
58.653605,1.7542025
58.665215,1.6536243
58.676825,1.7237842
58.688435,1.6733308
58.700045,2.5248011
58.711655,2.4782612
58.723265,1.9779021
58.734875,1.7787925
58.746485,1.9396805
58.758095,2.3628967
58.769705,2.053617
58.781315,1.4210389
58.792925,1.3058008
58.804535,1.579414
58.816145,1.5324157
58.827755,1.7508385
58.839365,1.7142633
58.850975,1.5904057
58.862585,1.731637
58.874195,1.7931566
58.885805,1.3766247
58.897415,1.4580457
58.909025,1.6304718
58.920635,1.5832642
58.932245,1.6877108
58.943855,1.5183468
58.955465,1.5897026
58.967075,1.6310127
58.978685,1.7554641
58.990295,1.6739173
59.001905,1.3307898
59.013515,1.3201789
59.025125,1.3278777
59.036735,1.5280261
59.048345,1.4467371
59.059955,1.9723466
59.071565,1.5913886
59.083175,2.045182
59.094785,2.6428747
59.106395,2.3041248
59.118005,2.1107958
59.129615,3.3139031
59.141224,4.9862653
59.152834,4.2421588
59.164444,4.2559869
59.176054,3.2586272
59.187664,4.0372568
59.199274,3.6364758
59.210884,4.3393223
59.222494,3.8793669
59.234104,2.7496428
59.245714,3.1176854
59.257324,2.8525765
59.268934,2.7071436
59.280544,2.254061
59.292154,2.2735766
59.303764,2.3017326
59.315374,1.5767327
59.326984,2.2993818
59.338594,1.2834758
59.350204,1.5732198
59.361814,1.9529244
59.373424,1.1121367
59.385034,1.466125
59.396644,1.4681854
59.408254,1.3632108
59.419864,1.4026713
59.431474,1.0542473
59.443084,0.96081198
59.454694,1.4204044
59.466304,1.2242096
59.477914,1.3842204
59.489524,1.1173727
59.501134,2.5516598
59.512744,3.5130618
59.524354,2.7962085
59.535964,2.6789247
59.547574,3.150776
59.559184,2.7914264
59.570794,2.9653155
59.582404,3.3651243
59.594014,2.9706478
59.605624,3.220734
59.617234,3.0141311
59.628844,2.6831834
59.640454,3.4222049
59.652063,3.8332478
59.663673,3.5230862
59.675283,3.9540146
59.686893,3.578629
59.698503,3.4216312
59.710113,3.5934453
59.721723,3.2654664
59.733333,2.9339061
59.744943,3.7044614
59.756553,3.1906037
59.768163,2.2514474
59.779773,2.6486322
59.791383,4.0235909
59.802993,3.4790431
59.814603,4.8478507
59.826213,4.8200765
59.837823,3.6521247
59.849433,3.7741766
59.861043,3.0374069
59.872653,2.854278
59.884263,3.2754818
59.895873,2.4780925
59.907483,2.3866078
59.919093,2.5923025
59.930703,2.2338061
59.942313,2.3160464
59.953923,2.364295
59.965533,3.0211943
59.977143,2.368124
59.988753,2.3908045
60.000363,2.1644053
60.011973,2.1816681
60.023583,2.0080958
60.035193,3.2995293
60.046803,2.1417695
60.058413,2.2539599
60.070023,1.6201699
60.081633,1.1390438
60.093243,1.193517
60.104853,1.6110292
60.116463,1.3409932
60.128073,3.482911
60.139683,3.5950575
60.151293,3.2165991
60.162902,2.5959357
60.174512,3.5442322
60.186122,4.0922332
60.197732,3.7256317
60.209342,5.3051742
60.220952,5.6186907
60.232562,5.2262697
60.244172,4.8292413
60.255782,4.521921
60.267392,3.7979792
60.279002,5.0518573
60.290612,3.3937373
60.302222,3.7069154
60.313832,3.733781
60.325442,4.0035589
60.337052,4.3140697
60.348662,3.5284394
60.360272,4.6466331
60.371882,4.071525
60.383492,3.2523705
60.395102,4.4673062
60.406712,3.3319112
60.418322,4.5681416
60.429932,3.3828009
60.441542,2.8112752
60.453152,2.8749994
60.464762,2.3196133
60.476372,3.0314323
60.487982,2.0862422
60.499592,2.2680112
60.511202,2.0368026
60.522812,2.1908461
60.534422,2.5149856
60.546032,1.8029999
60.557642,2.4321958
60.569252,1.7563501
60.580862,2.1394853
60.592472,2.2515072
60.604082,3.2359994
60.615692,7.2097854
60.627302,6.8484566
60.638912,7.8818023
60.650522,8.1701965
60.662132,7.7713177
60.673741,7.7953842
60.685351,7.5832755
60.696961,6.8602683
60.708571,6.8888873
60.720181,6.7302975
60.731791,6.5004898
60.743401,6.2214204
60.755011,6.1310088
60.766621,6.1049419
60.778231,6.1406055
60.789841,6.1470424
60.801451,5.7870012
60.813061,5.5827046
60.824671,5.6456921
60.836281,5.6465027
60.847891,4.9463764
60.859501,4.4172835
60.871111,4.5342642
60.882721,5.2799885
60.894331,5.2450586
60.905941,4.3999147
60.917551,4.0208758
60.929161,4.4883051
60.940771,5.0034136
60.952381,4.5208808
60.963991,4.1329428
60.975601,4.1920745
60.987211,4.5443794
60.998821,4.7874383
61.010431,4.7385865
61.022041,4.4978222
61.033651,5.1436922
61.045261,7.8359169
61.056871,6.7807226
61.068481,6.004738
61.080091,6.6952693
61.091701,6.4325613
61.103311,5.9880526
61.114921,6.3952136
61.126531,5.7469485
61.138141,5.4428593
61.149751,4.8021205
61.161361,4.4279667
61.172971,4.2794588
61.18458,4.6446047
61.19619,3.8448243
61.2078,3.2697309
61.21941,3.1502077
61.23102,2.7900979
61.24263,3.5376198
61.25424,3.4265566
61.26585,3.1464015
61.27746,3.7550531
61.28907,3.4535636
61.30068,3.589204
61.31229,3.7389622
61.3239,4.0871975
61.33551,3.944858
61.34712,3.1786374
61.35873,3.2401918
61.37034,4.4261307
61.38195,3.7017181
61.39356,3.9333101
61.40517,4.4053044
61.41678,5.5258001
61.42839,5.9981537
61.44,5.6277305
61.45161,4.9693247
61.46322,5.1389499
61.47483,6.4109903
61.48644,6.092335
61.49805,4.5135468
61.50966,5.1903082
61.52127,3.7714795
61.53288,5.5266709
61.54449,5.1113792
61.5561,5.004439
61.56771,5.7657506
61.57932,4.1922578
61.59093,5.1452137
61.60254,3.715463
61.61415,3.539747
61.62576,4.2034872
61.63737,3.3120727
61.64898,4.6884135
61.66059,4.1220807
61.6722,4.2945716
61.68381,4.3845126
61.69542,3.1229921
61.707029,3.6506726
61.718639,3.6446527
61.730249,3.3608769
61.741859,3.4558794
61.753469,2.8350641
61.765079,2.1252985
61.776689,4.532916
61.788299,4.9207769
61.799909,4.5684278
61.811519,4.9084874
61.823129,4.8316358
61.834739,4.8105447
61.846349,4.9428669
61.857959,4.7286057
61.869569,4.7788497
61.881179,4.7231442
61.892789,4.3145344
61.904399,4.3440394
61.916009,5.3248428
61.927619,6.4968056
61.939229,7.6255131
61.950839,6.5292571
61.962449,6.478347
61.974059,7.1329967
61.985669,5.7565692
61.997279,5.6303425
62.008889,7.0993444
62.020499,5.7007129
62.032109,6.0112655
62.043719,6.5484179
62.055329,4.7606112
62.066939,5.3329455
62.078549,5.3820435
62.090159,5.6534942
62.101769,5.8700076
62.113379,6.2177528
62.124989,6.3126292
62.136599,6.944023
62.148209,5.7255721
62.159819,6.2851169
62.171429,6.6383146
62.183039,5.4121041
62.194649,5.543769
62.206259,6.2161436
62.217868,5.1854257
62.229478,5.2175221
62.241088,6.170799
62.252698,4.8769996
62.264308,5.8022689
62.275918,6.0630717
62.287528,5.252798
62.299138,6.3470017
62.310748,6.1749669
62.322358,5.9448495
62.333968,6.0710925
62.345578,5.9981686
62.357188,5.8554651
62.368798,4.6410831
62.380408,6.7197754
62.392018,5.1345914
62.403628,4.7253418
62.415238,4.8464609
62.426848,4.5204774
62.438458,4.6739077
62.450068,6.0968737
62.461678,6.0092168
62.473288,6.0376136
62.484898,5.8387386
62.496508,5.5243811
62.508118,5.4726514
62.519728,5.1876189
62.531338,4.7997712
62.542948,5.2600647
62.554558,4.6641292
62.566168,4.9667494
62.577778,4.8850604
62.589388,4.4216403
62.600998,5.1622027
62.612608,4.6020233
62.624218,4.5229789
62.635828,4.9969973
62.647438,4.6296323
62.659048,4.6447426
62.670658,3.9052702
62.682268,3.6935236
62.693878,3.3157526
62.705488,3.2645777
62.717098,3.0936101
62.728707,2.7983589
62.740317,3.317298
62.751927,6.7015939
62.763537,11.020508
62.775147,13.525793
62.786757,12.938703
62.798367,12.110921
62.809977,12.245107
62.821587,11.524686
62.833197,11.683426
62.844807,10.900138
62.856417,10.635864
62.868027,10.829406
62.879637,10.87265
62.891247,10.775944
62.902857,9.7277058
62.914467,9.8870207
62.926077,9.1599368
62.937687,8.8449905
62.949297,8.6016062
62.960907,8.8056863
62.972517,8.3276797
62.984127,8.4094336
62.995737,7.9143966
63.007347,7.4631872
63.018957,6.8367074
63.030567,6.9021069
63.042177,6.6504775
63.053787,6.9764173
63.065397,6.65509
63.077007,6.5313992
63.088617,6.0519937
63.100227,6.4731172
63.111837,7.8215367
63.123447,7.7086587
63.135057,6.8471246
63.146667,6.369586
63.158277,5.503037
63.169887,5.5663467
63.181497,5.3527734
63.193107,5.4197069
63.204717,5.4014872
63.216327,5.3561991
63.227937,5.5159963
63.239546,5.6350785
63.251156,5.4875439
63.262766,5.6231143
63.274376,5.8497741
63.285986,6.044239
63.297596,6.479515
63.309206,6.6190476
63.320816,6.8077062
63.332426,6.8193272
63.344036,6.7595198
63.355646,6.6134019
63.367256,6.3686823
63.378866,6.2370898
63.390476,6.1128245
63.402086,5.6768319
63.413696,4.9793308
63.425306,6.177234
63.436916,5.4406124
63.448526,4.9833761
63.460136,4.6254086
63.471746,4.8338455
63.483356,6.4533599
63.494966,6.2058469
63.506576,7.4407363
63.518186,7.9116093
63.529796,7.4862995
63.541406,6.7977372
63.553016,6.9354688
63.564626,6.8679757
63.576236,6.0525696
63.587846,5.6706757
63.599456,5.7690235
63.611066,5.337852
63.622676,5.1564084
63.634286,4.8980639
63.645896,4.8202757
63.657506,4.8923067
63.669116,4.631151
63.680726,4.463687
63.692336,3.9405377
63.703946,4.6589163
63.715556,4.5030025
63.727166,4.9227074
63.738776,5.272287
63.750385,5.2695385
63.761995,5.2484835
63.773605,5.4014318
63.785215,5.1331484
63.796825,5.1276218
63.808435,5.8980429
63.820045,8.6791103
63.831655,13.897892
63.843265,13.077547
63.854875,12.052566
63.866485,12.210922
63.878095,11.558831
63.889705,11.281947
63.901315,10.886248
63.912925,10.227734
63.924535,10.106056
63.936145,9.8081502
63.947755,9.7461875
63.959365,9.3112915
63.970975,9.1400361
63.982585,9.0023314
63.994195,8.5009551
64.005805,8.6675467
64.017415,8.4573359
64.029025,8.9434124
64.040635,8.6323422
64.052245,8.4284777
64.063855,7.8822722
64.075465,7.5659645
64.087075,7.3665452
64.098685,7.405615
64.110295,7.3313943
64.121905,7.1974245
64.133515,6.8358193
64.145125,6.6294411
64.156735,6.2019285
64.168345,6.0645273
64.179955,10.07901
64.191565,9.5802663
64.203175,9.1570006
64.214785,9.4869979
64.226395,7.4701229
64.238005,6.8009125
64.249615,6.1990699
64.261224,5.2997724
64.272834,4.756641
64.284444,3.7000843
64.296054,3.6612993
64.307664,3.6291235
64.319274,3.5736805
64.330884,3.3375106
64.342494,3.3152604
64.354104,2.9595964
64.365714,3.3140871
64.377324,3.0260946
64.388934,2.9065056
64.400544,2.8439338
64.412154,2.3786145
64.423764,2.7372499
64.435374,2.418626
64.446984,2.3917279
64.458594,2.6647912
64.470204,2.6465767
64.481814,3.2471512
64.493424,5.5806939
64.505034,7.7846494
64.516644,8.5466131
64.528254,8.378939
64.539864,8.0938585
64.551474,7.4334484
64.563084,7.6371053
64.574694,6.2803433
64.586304,5.8914419
64.597914,5.8364251
64.609524,4.7870197
64.621134,4.6035296
64.632744,4.6686436
64.644354,4.5930425
64.655964,4.2770012
64.667574,3.2682895
64.679184,2.406663
64.690794,2.6860287
64.702404,2.6312378
64.714014,2.783023
64.725624,2.6726969
64.737234,2.8838181
64.748844,2.8048154
64.760454,3.3266529
64.772063,3.6148131
64.783673,3.2968175
64.795283,3.1052724
64.806893,2.8154432
64.818503,2.5460605
64.830113,2.5543435
64.841723,2.8148493
64.853333,2.4466182
64.864943,2.0281799
64.876553,1.8540458
64.888163,1.8239021
64.899773,1.7873208
64.911383,1.8873306
64.922993,1.9292703
64.934603,1.8208087
64.946213,2.0608356
64.957823,2.1458186
64.969433,2.4418404
64.981043,3.5411504
64.992653,4.0896833
65.004263,5.510262
65.015873,5.3017669
65.027483,5.1492261
65.039093,5.2546725
65.050703,5.2876691
65.062313,4.8204426
65.073923,3.9323313
65.085533,3.5337318
65.097143,3.5645589
65.108753,3.1671532
65.120363,3.3460816
65.131973,3.2072669
65.143583,3.2563492
65.155193,2.9144145
65.166803,2.6276007
65.178413,2.1172435
65.190023,1.7588516
65.201633,1.5850353
65.213243,1.4069743
65.224853,1.3011514
65.236463,1.5374693
65.248073,1.9728705
65.259683,2.1860228
65.271293,1.9130807
65.282902,1.7721297
65.294512,1.8271638
65.306122,1.6832003
65.317732,1.2830358
65.329342,1.4005594
65.340952,1.7953117
65.352562,2.3637099
65.364172,3.350145
65.375782,4.149522
65.387392,3.6659748
65.399002,3.2516538
65.410612,3.1784285
65.422222,3.226685
65.433832,2.9882254
65.445442,3.6928896
65.457052,3.3443007
65.468662,3.5799967
65.480272,3.6617616
65.491882,3.0920612
65.503492,2.4682378
65.515102,2.0880227
65.526712,2.1692797
65.538322,2.142163
65.549932,1.6296402
65.561542,1.4831011
65.573152,1.7791365
65.584762,1.718326
65.596372,1.7997905
65.607982,1.7685076
65.619592,1.5858731
65.631202,1.8509476
65.642812,1.9137508
65.654422,1.8304481
65.666032,1.5437852
65.677642,1.5058522
65.689252,1.635415
65.700862,1.8421163
65.712472,1.6648294
65.724082,1.4191557
65.735692,1.5501165
65.747302,1.5246751
65.758912,1.6596223
65.770522,1.6272166
65.782132,1.5989064
65.793741,1.5776651
65.805351,1.5892084
65.816961,1.6768014
65.828571,1.9997236
65.840181,2.3741782
65.851791,2.434245
65.863401,3.0364163
65.875011,2.2456398
65.886621,4.8270998
65.898231,3.2341504
65.909841,3.8699311
65.921451,2.4037465
65.933061,3.2259869
65.944671,2.6680114
65.956281,3.1452895
65.967891,2.8718961
65.979501,2.7276074
65.991111,2.0655505
66.002721,1.7689146
66.014331,1.5445759
66.025941,1.7044237
66.037551,1.551782
66.049161,1.4335616
66.060771,1.721889
66.072381,1.0371472
66.083991,1.6083498
66.095601,1.4869753
66.107211,1.6445788
66.118821,1.115854
66.130431,1.5152308
66.142041,1.1565654
66.153651,1.1958401
66.165261,0.9351273
66.176871,1.1319333
66.188481,1.2137233
66.200091,1.0723812
66.211701,0.91717282
66.223311,1.0253117
66.234921,0.78131545
66.246531,0.70515008
66.258141,0.7722114
66.269751,0.47499416
66.281361,0.54617616
66.292971,0.82648659
66.30458,3.3943117
66.31619,3.2376984
66.3278,3.3760343
66.33941,3.4669953
66.35102,3.3038561
66.36263,3.3716714
66.37424,2.9921944
66.38585,3.5411895
66.39746,3.51002
66.40907,3.8682054
66.42068,3.5903432
66.43229,3.5659145
66.4439,3.2316145
66.45551,3.2898049
66.46712,3.0039115
66.47873,2.5286697
66.49034,3.1347593
66.50195,3.1473584
66.51356,4.3973182
66.52517,4.3782087
66.53678,3.8534975
66.54839,4.3758563
66.56,3.776889
66.57161,3.7858881
66.58322,3.4881073
66.59483,3.6341567
66.60644,3.3386453
66.61805,3.2008499
66.62966,2.5043668
66.64127,2.2618687
66.65288,3.4838385
66.66449,3.5718677
66.6761,2.6067982
66.68771,3.7020021
66.69932,2.5745101
66.71093,3.1317045
66.72254,2.2674668
66.73415,3.5537736
66.74576,2.5097579
66.75737,3.5577422
66.76898,3.2739045
66.78059,2.567203
66.7922,3.2519678
66.80381,2.131013
66.81542,2.6933788
66.827029,2.063546
66.838639,1.9656941
66.850249,2.3346982
66.861859,2.4508078
66.873469,2.0331996
66.885079,2.3059288
66.896689,2.5624317
66.908299,1.458643
66.919909,2.3583063
66.931519,1.277289
66.943129,4.5013438
66.954739,5.2515116
66.966349,4.0986949
66.977959,4.672196
66.989569,5.0271154
67.001179,4.6409482
67.012789,4.0687937
67.024399,5.0163769
67.036009,5.7289473
67.047619,2.7278567
67.059229,3.5308471
67.070839,2.5550824
67.082449,2.7743357
67.094059,3.6012735
67.105669,2.2892651
67.117279,2.1719944
67.128889,2.0192392
67.140499,2.1335427
67.152109,1.9410977
67.163719,1.5552823
67.175329,1.6613072
67.186939,1.8110438
67.198549,1.7225564
67.210159,1.288419
67.221769,1.5522594
67.233379,1.5059878
67.244989,1.1674598
67.256599,1.5765985
67.268209,1.9995865
67.279819,2.0042744
67.291429,1.9626768
67.303039,2.0398679
67.314649,1.7318892
67.326259,1.7019456
67.337868,1.9487482
67.349478,1.8073084
67.361088,1.9260625
67.372698,1.9257451
67.384308,1.8069029
67.395918,1.4567924
67.407528,1.4030934
67.419138,1.6090297
67.430748,2.7650132
67.442358,4.8726842
67.453968,5.4981092
67.465578,5.6565311
67.477188,5.4174628
67.488798,5.5564249
67.500408,4.8725608
67.512018,5.2352712
67.523628,4.9000089
67.535238,4.2630873
67.546848,5.0340152
67.558458,4.2415348
67.570068,3.6959312
67.581678,4.1978866
67.593288,3.8586741
67.604898,3.8797228
67.616508,3.7020527
67.628118,3.0172872
67.639728,2.8879602
67.651338,2.6158069
67.662948,2.4633869
67.674558,2.5892298
67.686168,2.0694172
67.697778,2.5093121
67.709388,2.8223595
67.720998,2.3956741
67.732608,2.5034603
67.744218,2.2901974
67.755828,1.876375
67.767438,2.1476064
67.779048,1.7127751
67.790658,1.820883
67.802268,1.846894
67.813878,1.442968
67.825488,1.4232
67.837098,1.3964298
67.848707,1.4309355
67.860317,1.4028943
67.871927,2.3656552
67.883537,2.4063729
67.895147,2.0972659
67.906757,2.0607225
67.918367,3.12082
67.929977,5.9722593
67.941587,5.4790152
67.953197,5.0152915
67.964807,4.4682667
67.976417,4.4445628
67.988027,4.2512318
67.999637,3.7137367
68.011247,3.6756304
68.022857,2.9959217
68.034467,2.6645925
68.046077,2.7683031
68.057687,2.1460745
68.069297,2.073116
68.080907,2.385695
68.092517,2.3782989
68.104127,2.6244831
68.115737,1.9678593
68.127347,2.4496237
68.138957,1.9829109
68.150567,2.2852253
68.162177,2.3245497
68.173787,2.1637695
68.185397,2.5025583
68.197007,1.9668352
68.208617,2.1914342
68.220227,2.1034435
68.231837,2.0117025
68.243447,2.916756
68.255057,3.4652067
68.266667,3.3037554
68.278277,3.5179521
68.289887,3.2514893
68.301497,5.0087444
68.313107,6.6764807
68.324717,4.3983164
68.336327,4.4601814
68.347937,4.6543002
68.359546,4.8499202
68.371156,4.1102464
68.382766,4.6024021
68.394376,3.0977917
68.405986,4.4855122
68.417596,4.1643267
68.429206,3.9159116
68.440816,2.6593766
68.452426,2.4384306
68.464036,2.6868807
68.475646,2.2542712
68.487256,2.2859819
68.498866,2.0295848
68.510476,2.2408513
68.522086,1.8817093
68.533696,2.5402142
68.545306,1.8390987
68.556916,1.8595969
68.568526,1.540942
68.580136,2.2146804
68.591746,1.1595239
68.603356,1.1616794
68.614966,1.2541785
68.626576,1.3263236
68.638186,1.2745087
68.649796,1.1901448
68.661406,1.3847273
68.673016,3.2418344
68.684626,6.658257
68.696236,5.3747796
68.707846,6.0688761
68.719456,5.1791397
68.731066,5.5129099
68.742676,4.9319812
68.754286,5.4311885
68.765896,5.7770411
68.777506,6.3856577
68.789116,6.0594849
68.800726,6.1506905
68.812336,5.8023926
68.823946,5.5354381
68.835556,6.4188926
68.847166,8.3322287
68.858776,9.3448615
68.870385,10.026977
68.881995,10.049625
68.893605,9.7308465
68.905215,9.4709536
68.916825,8.4571238
68.928435,9.2929031
68.940045,7.6346832
68.951655,7.596136
68.963265,6.1291362
68.974875,8.2602384
68.986485,7.6346711
68.998095,8.2770935
69.009705,5.3809717
69.021315,6.1647538
69.032925,6.1389718
69.044535,5.5341238
69.056145,6.4906587
69.067755,6.1632365
69.079365,6.536304
69.090975,6.2994309
69.102585,6.7792029
69.114195,4.9025034
69.125805,5.6299895
69.137415,5.3430232
69.149025,4.1473566
69.160635,4.8514158
69.172245,4.1814842
69.183855,3.820906
69.195465,3.9746253
69.207075,3.8930841
69.218685,3.452237
69.230295,3.7782442
69.241905,2.9328425
69.253515,3.0852432
69.265125,3.1899789
69.276735,3.7644603
69.288345,7.3551336
69.299955,6.572184
69.311565,6.1083463
69.323175,6.2862994
69.334785,5.2205554
69.346395,5.5947164
69.358005,8.0194137
69.369615,8.1127906
69.381224,6.617656
69.392834,6.7709578
69.404444,6.3665199
69.416054,6.212105
69.427664,5.52324
69.439274,5.3776452
69.450884,5.9749952
69.462494,4.9143812
69.474104,4.7155294
69.485714,3.9125468
69.497324,4.6573019
69.508934,4.4247584
69.520544,5.2120247
69.532154,4.5416344
69.543764,4.6645449
69.555374,4.2679967
69.566984,4.6082378
69.578594,4.8198025
69.590204,4.4652682
69.601814,4.2488871
69.613424,4.5550089
69.625034,5.0833654
69.636644,3.5277026
69.648254,3.8428348
69.659864,3.8320499
69.671474,4.4040647
69.683084,4.4343893
69.694694,3.1726488
69.706304,3.4590258
69.717914,3.9957342
69.729524,3.1176534
69.741134,3.2264298
69.752744,3.6875932
69.764354,6.4157719
69.775964,6.9148004
69.787574,7.7651177
69.799184,7.3048612
69.810794,6.7951652
69.822404,6.4718148
69.834014,6.6466037
69.845624,5.6950393
69.857234,6.3353611
69.868844,6.0214651
69.880454,6.0849918
69.892063,6.1611324
69.903673,5.8240687
69.915283,5.762914
69.926893,5.7775668
69.938503,5.2321124
69.950113,5.5684879
69.961723,5.050417
69.973333,4.7506887
69.984943,4.6993183
69.996553,4.2229252
70.008163,3.8544678
70.019773,4.1078833
70.031383,3.6433197
70.042993,3.9585643
70.054603,3.6911515
70.066213,3.3655246
70.077823,3.320485
70.089433,4.0556497
70.101043,5.2019195
70.112653,4.4550518
70.124263,4.2268812
70.135873,3.1199646
70.147483,3.7427015
70.159093,4.8742494
70.170703,3.6298715
70.182313,3.4645028
70.193923,3.1886752
70.205533,4.7120026
70.217143,10.704856
70.228753,10.613691
70.240363,9.517595
70.251973,9.1748479
70.263583,7.9952439
70.275193,7.524364
70.286803,6.7546689
70.298413,6.4449223
70.310023,5.6000851
70.321633,4.2647461
70.333243,4.0693937
70.344853,3.9641919
70.356463,3.4746353
70.368073,4.2553729
70.379683,3.4233549
70.391293,3.8502972
70.402902,3.4640684
70.414512,3.2715692
70.426122,3.3935474
70.437732,3.0159445
70.449342,3.2942639
70.460952,3.5551389
70.472562,3.4316017
70.484172,3.7724335
70.495782,3.4564193
70.507392,3.4727252
70.519002,3.8816913
70.530612,4.2314197
70.542222,3.400337
70.553832,5.3707748
70.565442,5.4633313
70.577052,5.4495522
70.588662,6.9969782
70.600272,6.9952226
70.611882,5.7894651
70.623492,6.0338088
70.635102,6.1277441
70.646712,7.9779232
70.658322,7.8909051
70.669932,4.1531322
70.681542,4.960572
70.693152,6.0135915
70.704762,5.2702978
70.716372,4.5918959
70.727982,3.8830826
70.739592,4.1911075
70.751202,3.6499041
70.762812,4.79404
70.774422,4.2305465
70.786032,3.620349
70.797642,3.7421574
70.809252,4.1084081
70.820862,3.5893879
70.832472,4.6321409
70.844082,4.3383038
70.855692,3.974606
70.867302,3.3366756
70.878912,4.7408081
70.890522,3.5180038
70.902132,3.6384611
70.913741,3.523327
70.925351,4.536874
70.936961,2.8545658
70.948571,4.0743791
70.960181,3.0772274
70.971791,3.8373446
70.983401,3.3687218
70.995011,5.5083245
71.006621,9.1253161
71.018231,6.6938755
71.029841,7.3181149
71.041451,6.4452632
71.053061,7.2651287
71.064671,6.2287166
71.076281,6.8597825
71.087891,7.5109092
71.099501,7.7643227
71.111111,7.2710044
71.122721,7.4858374
71.134331,7.7466979
71.145941,10.700477
71.157551,10.059408
71.169161,13.016693
71.180771,9.6230606
71.192381,11.805938
71.203991,9.9712205
71.215601,10.174126
71.227211,10.531684
71.238821,7.9547835
71.250431,10.710105
71.262041,8.5743667
71.273651,9.9681223
71.285261,7.020836
71.296871,8.3396585
71.308481,11.788117
71.320091,7.4522962
71.331701,8.8571553
71.343311,6.9265491
71.354921,6.5837123
71.366531,7.9953884
71.378141,5.1357335
71.389751,8.6586122
71.401361,7.4245284
71.412971,7.8903927
71.42458,7.47069
71.43619,7.3342936
71.4478,5.8351229
71.45941,7.0743841
71.47102,4.8638994
71.48263,3.7277873
71.49424,5.2276791
71.50585,3.2800493
71.51746,5.6653202
71.52907,5.3794536
71.54068,4.7803379
71.55229,5.4687955
71.5639,5.0465853
71.57551,3.9783376
71.58712,5.6336033
71.59873,3.7797426
71.61034,6.3254725
71.62195,9.4722056
71.63356,5.3337128
71.64517,6.5753918
71.65678,6.1280431
71.66839,6.3408155
71.68,6.8089159
71.69161,7.8007667
71.70322,8.1120066
71.71483,8.3960259
71.72644,7.4289527
71.73805,7.4210149
71.74966,8.142277
71.76127,6.2274781
71.77288,5.7880968
71.78449,5.4281995
71.7961,5.422646
71.80771,5.1350039
71.81932,5.1925802
71.83093,4.9692066
71.84254,4.9496239
71.85415,5.4263618
71.86576,5.3111623
71.87737,4.7052997
71.88898,5.6000744
71.90059,5.2445876
71.9122,4.7847432
71.92381,5.8876974
71.93542,4.6088252
71.947029,5.2035171
71.958639,4.6782765
71.970249,4.2606348
71.981859,5.0673997
71.993469,4.2945626
72.005079,4.3118073
72.016689,5.0778397
72.028299,4.8687259
72.039909,4.2565981
72.051519,4.464362
72.063129,7.5483813
72.074739,10.063621
72.086349,12.779528
72.097959,12.085844
72.109569,10.572148
72.121179,11.357193
72.132789,9.9103198
72.144399,9.6215821
72.156009,9.3658028
72.167619,8.390083
72.179229,8.4161548
72.190839,7.7230539
72.202449,6.2077008
72.214059,6.3830648
72.225669,7.2361444
72.237279,6.6502859
72.248889,6.5654251
72.260499,6.6799581
72.272109,5.2932603
72.283719,5.1184096
72.295329,5.1178015
72.306939,4.5141125
72.318549,5.8941231
72.330159,5.1146617
72.341769,7.0645817
72.353379,5.6311971
72.364989,5.1984889
72.376599,6.4018146
72.388209,5.1537888
72.399819,7.05391
72.411429,4.7161101
72.423039,4.8625884
72.434649,6.1264849
72.446259,4.8393301
72.457868,6.6682729
72.469478,5.5668525
72.481088,5.1528665
72.492698,6.5023504
72.504308,7.23251
72.515918,7.9468732
72.527528,7.7548825
72.539138,7.5874518
72.550748,7.9559625
72.562358,8.0786389
72.573968,7.1201662
72.585578,8.5781847
72.597188,7.2771755
72.608798,7.5795381
72.620408,7.4616034
72.632018,6.6559272
72.643628,8.1041939
72.655238,6.2532004
72.666848,6.8823199
72.678458,7.0956728
72.690068,5.1043447
72.701678,6.5991155
72.713288,4.8453283
72.724898,6.4313123
72.736508,6.5190561
72.748118,3.984512
72.759728,5.4724783
72.771338,4.2418148
72.782948,6.0089357
72.794558,5.330674
72.806168,4.520326
72.817778,5.4190057
72.829388,4.8466381
72.840998,5.2907365
72.852608,6.042895
72.864218,5.8139142
72.875828,7.5524184
72.887438,7.3252072
72.899048,6.5220226
72.910658,7.7680965
72.922268,6.201491
72.933878,7.248714
72.945488,7.2926281
72.957098,6.6932372
72.968707,7.2200523
72.980317,6.4588947
72.991927,8.0323684
73.003537,7.4558739
73.015147,8.3553701
73.026757,8.161343
73.038367,9.5012104
73.049977,9.9773208
73.061587,8.2735375
73.073197,9.1155192
73.084807,7.3072752
73.096417,8.0101767
73.108027,7.7250818
73.119637,7.3909339
73.131247,7.7257616
73.142857,7.8717298
73.154467,8.3020813
73.166077,7.1881797
73.177687,8.3402668
73.189297,6.9779626
73.200907,5.8291518
73.212517,7.5406146
73.224127,6.0593638
73.235737,6.3324255
73.247347,5.9903287
73.258957,6.3781347
73.270567,6.3405826
73.282177,6.1159469
73.293787,6.7410801
73.305397,6.2825331
73.317007,6.0747068
73.328617,7.1321795
73.340227,7.9541
73.351837,7.8728678
73.363447,7.1903357
73.375057,6.3272714
73.386667,6.5846769
73.398277,6.6547599
73.409887,7.1153144
73.421497,7.42144
73.433107,6.5356435
73.444717,6.3895253
73.456327,8.0018851
73.467937,9.0200512
73.479546,9.2812123
73.491156,8.1250879
73.502766,7.4440598
73.514376,6.8950799
73.525986,6.8128648
73.537596,7.3567109
73.549206,6.8842248
73.560816,8.6374941
73.572426,6.4035873
73.584036,7.5497292
73.595646,6.7570013
73.607256,8.4474062
73.618866,8.4778867
73.630476,6.581745
73.642086,8.1558516
73.653696,7.1670593
73.665306,6.7599692
73.676916,6.4194336
73.688526,6.3203234
73.700136,6.1850151
73.711746,5.5531599
73.723356,5.8987753
73.734966,5.3244018
73.746576,5.856138
73.758186,6.8731991
73.769796,5.3952028
73.781406,5.6774188
73.793016,6.0254314
73.804626,5.2185587
73.816236,8.008277
73.827846,5.6390304
73.839456,5.8151069
73.851066,5.4419659
73.862676,5.5431707
73.874286,5.9759066
73.885896,5.3098053
73.897506,4.9699744
73.909116,6.6841718
73.920726,5.4855551
73.932336,5.8472275
73.943946,6.201622
73.955556,5.8890038
73.967166,6.4930572
73.978776,6.5994696
73.990385,6.6131718
74.001995,7.0947684
74.013605,6.5413867
74.025215,6.521162
74.036825,6.2645664
74.048435,6.1875539
74.060045,5.6273475
74.071655,5.4713968
74.083265,5.5359438
74.094875,5.2151725
74.106485,7.0628926
74.118095,6.8478648
74.129705,7.0190097
74.141315,7.4723454
74.152925,7.0789015
74.164535,5.8366716
74.176145,8.5007794
74.187755,5.8388805
74.199365,5.6893882
74.210975,7.4360095
74.222585,4.2887951
74.234195,5.8253563
74.245805,5.638096
74.257415,5.8024284
74.269025,4.9429801
74.280635,3.8462534
74.292245,4.1514959
74.303855,3.4142811
74.315465,3.6366853
74.327075,4.2267959
74.338685,3.7455513
74.350295,4.4507821
74.361905,3.3491095
74.373515,3.9075067
74.385125,5.2925673
74.396735,4.6495161
74.408345,5.4081451
74.419955,4.83278
74.431565,4.7125313
74.443175,4.8396617
74.454785,3.7777615
74.466395,4.2320768
74.478005,3.6597657
74.489615,4.0374825
74.501224,3.6001614
74.512834,3.3464126
74.524444,3.6352579
74.536054,4.6566538
74.547664,4.0296337
74.559274,4.6988027
74.570884,3.8717402
74.582494,5.0852088
74.594104,3.9253807
74.605714,2.8312978
74.617324,4.3507243
74.628934,4.1994931
74.640544,4.378481
74.652154,3.7409055
74.663764,3.7757055
74.675374,4.2157981
74.686984,3.7643815
74.698594,3.4038554
74.710204,3.8891199
74.721814,3.6559681
74.733424,3.4676268
74.745034,3.6698989
74.756644,3.1957221
74.768254,4.0302055
74.779864,3.6016312
74.791474,4.7035078
74.803084,4.6260059
74.814694,4.7046639
74.826304,4.2978198
74.837914,4.1826612
74.849524,3.9639902
74.861134,3.3535092
74.872744,4.362021
74.884354,2.8303743
74.895964,4.510127
74.907574,2.8611089
74.919184,3.219589
74.930794,3.4132178
74.942404,2.4707451
74.954014,3.1471019
74.965624,3.1861612
74.977234,3.1409906
74.988844,3.3373097
75.000454,2.7711496
75.012063,3.6617215
75.023673,3.0138881
75.035283,3.2331745
75.046893,3.1393861
75.058503,2.8178462
75.070113,3.8408874
75.081723,3.2306647
75.093333,2.9021489
75.104943,3.9020366
75.116553,3.9821004
75.128163,2.7928101
75.139773,3.2065238
75.151383,3.2205981
75.162993,2.8599996
75.174603,3.4490478
75.186213,3.0155315
75.197823,2.4295049
75.209433,3.0060719
75.221043,2.9453506
75.232653,2.2992493
75.244263,3.1401897
75.255873,2.2849781
75.267483,1.7686829
75.279093,3.6031772
75.290703,2.63337
75.302313,2.5685433
75.313923,2.3101422
75.325533,2.2627287
75.337143,2.4700974
75.348753,2.972907
75.360363,2.5729088
75.371973,2.497794
75.383583,2.3570415
75.395193,1.5055193
75.406803,1.6587731
75.418413,1.657061
75.430023,1.6046017
75.441633,1.6357927
75.453243,1.3632464
75.464853,1.4846963
75.476463,1.2075072
75.488073,1.2068006
75.499683,1.5052223
75.511293,1.2728289
75.522902,1.8457759
75.534512,1.4504825
75.546122,1.7512279
75.557732,1.7697781
75.569342,1.5254289
75.580952,1.6874279
75.592562,1.6565964
75.604172,1.6627576
75.615782,2.8624128
75.627392,1.9296042
75.639002,2.553255
75.650612,2.4992614
75.662222,2.0118882
75.673832,2.3427716
75.685442,3.9397984
75.697052,4.1986124
75.708662,4.6255593
75.720272,5.0364349
75.731882,2.5094067
75.743492,3.961987
75.755102,3.8678965
75.766712,3.2907265
75.778322,3.5904295
75.789932,2.3741891
75.801542,2.2009366
75.813152,3.1558595
75.824762,1.9672547
75.836372,2.1123303
75.847982,1.9593663
75.859592,1.3550094
75.871202,2.1846182
75.882812,1.3014268
75.894422,1.55635
75.906032,1.6744552
75.917642,1.7309403
75.929252,1.5823662
75.940862,1.6334859
75.952472,1.5829338
75.964082,1.1708168
75.975692,1.3821119
75.987302,1.2973712
75.998912,1.3471829
76.010522,0.70697967
76.022132,1.5186076
76.033741,1.1667663
76.045351,0.99493526
76.056961,1.2152849
76.068571,0.76635016
76.080181,0.53392023
76.091791,0.70166346
76.103401,0.81588821
76.115011,1.5674792
76.126621,2.1605761
76.138231,2.1177041
76.149841,1.9578281
76.161451,1.5854276
76.173061,1.777151
76.184671,1.7934034
76.196281,2.3224042
76.207891,2.1226427
76.219501,1.6768746
76.231111,1.5534462
76.242721,1.4995936
76.254331,1.5987104
76.265941,2.3479629
76.277551,2.3273495
76.289161,2.6881846
76.300771,2.6278664
76.312381,1.7604839
76.323991,2.2877997
76.335601,2.0288964
76.347211,1.6350109
76.358821,2.4933316
76.370431,2.3934288
76.382041,1.3828381
76.393651,1.8542975
76.405261,1.7444531
76.416871,1.1959664
76.428481,1.3054676
76.440091,1.8304435
76.451701,1.9024752
76.463311,2.4108073
76.474921,1.9674023
76.486531,2.040582
76.498141,2.1981479
76.509751,2.7000775
76.521361,2.4375382
76.532971,2.3514933
76.54458,1.2106987
76.55619,1.3375849
76.5678,1.5574173
76.57941,1.5536688
76.59102,1.4750707
76.60263,1.3335534
76.61424,1.1411407
76.62585,1.494119
76.63746,1.1333489
76.64907,1.444937
76.66068,1.2554376
76.67229,1.3854071
76.6839,1.1665864
76.69551,1.751516
76.70712,1.3965339
76.71873,1.3736469
76.73034,1.3061683
76.74195,1.0653057
76.75356,1.3161155
76.76517,1.070342
76.77678,1.1763687
76.78839,0.981688
76.8,1.0325626
76.81161,2.016044
76.82322,2.0004522
76.83483,1.8563566
76.84644,2.6673284
76.85805,2.5758104
76.86966,2.2401955
76.88127,2.4287297
76.89288,2.545773
76.90449,1.7995157
76.9161,2.0779194
76.92771,2.2354576
76.93932,1.8521027
76.95093,2.2522467
76.96254,2.3413578
76.97415,1.4039262
76.98576,1.5191161
76.99737,2.0772364
77.00898,2.9897566
77.02059,1.9441991
77.0322,1.9961798
77.04381,2.0391713
77.05542,2.2864013
77.067029,2.1798439
77.078639,1.929468
77.090249,2.4071314
77.101859,2.7186507
77.113469,2.5925522
77.125079,2.6163781
77.136689,3.0485565
77.148299,2.7522652
77.159909,2.7640729
77.171519,2.1695471
77.183129,2.1686448
77.194739,2.2087135
77.206349,2.0316686
77.217959,2.0371629
77.229569,1.9442728
77.241179,2.0348208
77.252789,2.0550253
77.264399,1.9417131
77.276009,2.1750636
77.287619,2.1265348
77.299229,2.1220137
77.310839,2.1022415
77.322449,1.8891623
77.334059,1.8920461
77.345669,1.6873868
77.357279,1.5342221
77.368889,1.6611566
77.380499,1.5025765
77.392109,1.5436326
77.403719,2.1779651
77.415329,2.9783242
77.426939,4.1766111
77.438549,4.0308481
77.450159,4.1302847
77.461769,4.0372452
77.473379,3.7528152
77.484989,3.527982
77.496599,3.8040202
77.508209,3.5451749
77.519819,3.2987936
77.531429,3.2762886
77.543039,3.3590885
77.554649,3.3426881
77.566259,3.0016148
77.577868,2.8790058
77.589478,2.7921606
77.601088,2.8336349
77.612698,2.78381
77.624308,2.7528582
77.635918,2.6500479
77.647528,2.5095666
77.659138,2.3292161
77.670748,2.1546517
77.682358,2.142659
77.693968,2.0828095
77.705578,2.2062805
77.717188,2.0891407
77.728798,2.0928583
77.740408,2.0834015
77.752018,2.0930067
77.763628,2.0487171
77.775238,2.0237441
77.786848,1.9495283
77.798458,1.9688648
77.810068,1.9109478
77.821678,1.9075062
77.833288,1.8100463
77.844898,1.835625
77.856508,1.4932404
77.868118,1.9984416
77.879728,3.1400526
77.891338,2.5008018
77.902948,1.8900037
77.914558,2.0342151
77.926168,2.3895976
77.937778,2.8419665
77.949388,2.6436441
77.960998,2.117261
77.972608,2.0990689
77.984218,2.0507946
77.995828,1.9071872
78.007438,1.7277192
78.019048,1.6634446
78.030658,1.6577596
78.042268,2.0107107
78.053878,1.8307925
78.065488,1.9098858
78.077098,1.8777211
78.088707,1.9665806
78.100317,2.1223463
78.111927,1.8112111
78.123537,1.7633175
78.135147,1.6181473
78.146757,1.550387
78.158367,1.5600208
78.169977,1.5847535
78.181587,1.6402345
78.193197,2.5447561
78.204807,2.2451731
78.216417,2.3762183
78.228027,2.8592739
78.239637,2.4922064
78.251247,2.2754354
78.262857,2.7289366
78.274467,3.8787621
78.286077,4.6068824
78.297687,3.3461784
78.309297,4.4507532
78.320907,4.2484279
78.332517,3.1865743
78.344127,3.896758
78.355737,2.5893649
78.367347,2.6904321
78.378957,2.0590006
78.390567,2.2236528
78.402177,1.8880132
78.413787,2.2633126
78.425397,1.3793604
78.437007,1.9097342
78.448617,1.7884734
78.460227,1.1809545
78.471837,1.2213107
78.483447,1.6052757
78.495057,1.6731466
78.506667,1.4373874
78.518277,1.1254815
78.529887,1.0015137
78.541497,1.3526376
78.553107,1.0068283
78.564717,1.3554671
78.576327,1.0931774
78.587937,1.5279713
78.599546,1.4667803
78.611156,1.0220658
78.622766,1.1423886
78.634376,2.6362572
78.645986,2.9867701
78.657596,3.1790611
78.669206,3.0656315
78.680816,3.2403488
78.692426,3.2420412
78.704036,3.2696683
78.715646,3.4155312
78.727256,3.4062172
78.738866,3.2636146
78.750476,3.2424367
78.762086,3.1356612
78.773696,3.0666628
78.785306,2.9645193
78.796916,4.2706698
78.808526,4.350693
78.820136,4.2564686
78.831746,4.3946011
78.843356,4.3593754
78.854966,4.123451
78.866576,3.9007904
78.878186,3.7672777
78.889796,3.7427837
78.901406,3.1007933
78.913016,2.6839739
78.924626,2.3299118
78.936236,2.0274389
78.947846,2.3208426
78.959456,3.18742
78.971066,3.9022395
78.982676,4.1433135
78.994286,3.3747871
79.005896,3.8522619
79.017506,4.301301
79.029116,3.7840193
79.040726,4.3152745
79.052336,4.5212261
79.063946,3.5927534
79.075556,4.3112786
79.087166,4.0125367
79.098776,3.469356
79.110385,3.8353902
79.121995,3.7369728
79.133605,3.5066382
79.145215,3.6788852
79.156825,3.5875793
79.168435,3.4498514
79.180045,3.5904131
79.191655,3.4064938
79.203265,3.3361149
79.214875,3.1574817
79.226485,3.0219477
79.238095,2.8605163
79.249705,2.763921
79.261315,2.1392685
79.272925,1.9141599
79.284535,2.2114017
79.296145,2.9842357
79.307755,3.2711651
79.319365,2.6331922
79.330975,3.8272396
79.342585,3.6309564
79.354195,3.8037043
79.365805,5.1535275
79.377415,4.6921327
79.389025,4.8799921
79.400635,5.2896261
79.412245,4.7581933
79.423855,4.5206038
79.435465,4.317152
79.447075,4.2745482
79.458685,4.1697544
79.470295,4.7614645
79.481905,4.61052
79.493515,3.9636333
79.505125,4.207199
79.516735,3.944803
79.528345,4.2036872
79.539955,4.2659628
79.551565,3.5666766
79.563175,3.6656775
79.574785,4.1774092
79.586395,3.3378192
79.598005,3.9202038
79.609615,3.6160151
79.621224,2.9414912
79.632834,3.6450942
79.644444,3.6223395
79.656054,2.9397569
79.667664,2.9891453
79.679274,2.7275285
79.690884,2.5085526
79.702494,2.8310567
79.714104,2.8204601
79.725714,2.6218574
79.737324,2.7129411
79.748934,2.7288767
79.760544,2.3265657
79.772154,3.1524859
79.783764,2.3726621
79.795374,1.9419082
79.806984,2.3558195
79.818594,2.0447875
79.830204,2.5964669
79.841814,2.0141266
79.853424,8.559715
79.865034,9.7866032
79.876644,8.9644907
79.888254,9.8256712
79.899864,9.7419302
79.911474,10.118578
79.923084,10.039034
79.934694,8.9623113
79.946304,8.6083322
79.957914,8.9320465
79.969524,8.5635871
79.981134,8.2664273
79.992744,7.9224476
80.004354,7.996432
80.015964,7.9055422
80.027574,7.7841182
80.039184,7.5861788
80.050794,7.5188443
80.062404,7.47992
80.074014,7.3037486
80.085624,6.8630515
80.097234,6.4903783
80.108844,6.1238144
80.120454,6.4836634
80.132063,6.1878371
80.143673,5.8652252
80.155283,5.9237086
80.166893,5.8533894
80.178503,5.0438779
80.190113,5.0864942
80.201723,5.5121694
80.213333,5.804559
80.224943,6.1939089
80.236553,6.601186
80.248163,6.6003661
80.259773,6.4525311
80.271383,6.0291667
80.282993,5.4646431
80.294603,4.8797471
80.306213,4.2207878
80.317823,5.2775393
80.329433,6.8796893
80.341043,7.7541224
80.352653,7.8925968
80.364263,6.6525357
80.375873,6.4172974
80.387483,6.7219817
80.399093,7.4960284
80.410703,7.1546352
80.422313,5.5852783
80.433923,5.1483886
80.445533,5.2466176
80.457143,4.3164216
80.468753,3.9116386
80.480363,4.4244369
80.491973,5.0173669
80.503583,4.8149869
80.515193,4.412471
80.526803,4.2619563
80.538413,4.1114818
80.550023,3.9623736
80.561633,3.6675299
80.573243,4.7558574
80.584853,4.5394701
80.596463,4.6644353
80.608073,4.6267346
80.619683,3.7237156
80.631293,3.5629078
80.642902,4.0655811
80.654512,3.7294635
80.666122,3.7599618
80.677732,3.569541
80.689342,4.200008
80.700952,3.6813782
80.712562,4.603014
80.724172,3.9325953
80.735782,3.7712447
80.747392,5.7486516
80.759002,5.8049201
80.770612,6.1356146
80.782222,6.4003871
80.793832,7.6422545
80.805442,7.7892688
80.817052,5.2103307
80.828662,6.5334466
80.840272,6.1790726
80.851882,4.9952881
80.863492,6.04945
80.875102,4.7580334
80.886712,4.6464514
80.898322,4.6923732
80.909932,5.9199527
80.921542,5.5538006
80.933152,5.4570746
80.944762,6.6302981
80.956372,4.4532955
80.967982,5.7504317
80.979592,6.0624369
80.991202,5.6320859
81.002812,5.5400967
81.014422,5.548601
81.026032,5.8842928
81.037642,4.6867052
81.049252,4.4163364
81.060862,4.6720858
81.072472,3.7754565
81.084082,3.6256655
81.095692,3.4065405
81.107302,5.7563037
81.118912,5.8156658
81.130522,5.7840171
81.142132,5.8113214
81.153741,5.8777587
81.165351,6.3329341
81.176961,5.9363993
81.188571,5.968401
81.200181,6.4406132
81.211791,6.0132915
81.223401,5.772951
81.235011,5.8929474
81.246621,7.6138405
81.258231,9.9148344
81.269841,9.1019047
81.281451,9.2704173
81.293061,9.6068199
81.304671,9.2838137
81.316281,8.958616
81.327891,8.6712002
81.339501,8.4624295
81.351111,8.7026942
81.362721,8.1741384
81.374331,7.990226
81.385941,6.8694456
81.397551,5.831523
81.409161,4.5840113
81.420771,6.0436062
81.432381,6.8236417
81.443991,7.0045892
81.455601,5.9234068
81.467211,6.577705
81.478821,4.4767378
81.490431,5.4338961
81.502041,5.5091925
81.513651,6.1511695
81.525261,5.1166141
81.536871,4.9250823
81.548481,4.1889406
81.560091,4.7566998
81.571701,4.1304085
81.583311,4.7906865
81.594921,4.3910388
81.606531,4.3623442
81.618141,3.8154796
81.629751,4.9947045
81.641361,4.4930169
81.652971,4.2873978
81.66458,4.7179916
81.67619,4.3463424
81.6878,3.8254633
81.69941,4.6393335
81.71102,4.5016917
81.72263,5.5148846
81.73424,5.1471391
81.74585,6.4867822
81.75746,5.1284962
81.76907,4.7725125
81.78068,4.7269688
81.79229,5.3885015
81.8039,6.7237602
81.81551,6.1725975
81.82712,6.0626904
81.83873,6.5475327
81.85034,6.2305445
81.86195,6.0886102
81.87356,5.4713277
81.88517,5.1117028
81.89678,5.1552447
81.90839,4.9276734
81.92,5.2956422
81.93161,5.0635332
81.94322,4.7941514
81.95483,4.4016828
81.96644,4.1587004
81.97805,4.4146174
81.98966,4.352142
82.00127,4.0796835
82.01288,3.5589112
82.02449,3.1856212
82.0361,3.3214257
82.04771,3.6181307
82.05932,3.3545392
82.07093,3.132341
82.08254,3.1646543
82.09415,4.1583023
82.10576,6.6618611
82.11737,14.891914
82.12898,15.326014
82.14059,14.323238
82.1522,13.833535
82.16381,13.320233
82.17542,13.374183
82.187029,12.819481
82.198639,12.128704
82.210249,11.78208
82.221859,12.1222
82.233469,12.313792
82.245079,12.222338
82.256689,11.751574
82.268299,11.668904
82.279909,11.852423
82.291519,11.570665
82.303129,11.596465
82.314739,11.736349
82.326349,11.705035
82.337959,11.211285
82.349569,10.512145
82.361179,9.8489364
82.372789,9.5016754
82.384399,9.3672289
82.396009,9.0624211
82.407619,9.3004695
82.419229,8.7349942
82.430839,8.8027038
82.442449,8.3794194
82.454059,8.6481133
82.465669,7.7614172
82.477279,7.3722486
82.488889,9.661072
82.500499,7.6030828
82.512109,7.4804589
82.523719,6.213019
82.535329,7.5528482
82.546939,5.783554
82.558549,6.5976296
82.570159,5.9773574
82.581769,6.0612712
82.593379,5.7045763
82.604989,5.5309771
82.616599,5.6530694
82.628209,5.6966879
82.639819,5.9159354
82.651429,6.3847765
82.663039,6.5241691
82.674649,6.9662042
82.686259,7.0422133
82.697868,7.1273036
82.709478,7.2684439
82.721088,7.109368
82.732698,7.2019383
82.744308,5.6229505
82.755918,5.8307066
82.767528,5.6336197
82.779138,4.9317889
82.790748,4.7049699
82.802358,4.3124164
82.813968,4.7955636
82.825578,5.9404067
82.837188,5.8079638
82.848798,7.589672
82.860408,9.0754198
82.872018,8.834278
82.883628,8.304991
82.895238,8.9779749
82.906848,9.4195193
82.918458,8.9784163
82.930068,9.1237575
82.941678,8.8952448
82.953288,8.0160868
82.964898,7.9895898
82.976508,8.1516824
82.988118,8.098227
82.999728,7.7164704
83.011338,7.952079
83.022948,7.5497926
83.034558,6.8073421
83.046168,7.1699349
83.057778,6.2469594
83.069388,6.3780527
83.080998,6.2243241
83.092608,5.9520642
83.104218,5.4021722
83.115828,6.0021747
83.127438,5.8969558
83.139048,6.0862646
83.150658,5.964605
83.162268,7.2321296
83.173878,7.6636795
83.185488,11.912937
83.197098,12.109223
83.208707,11.888586
83.220317,11.324457
83.231927,11.767727
83.243537,10.649911
83.255147,10.929428
83.266757,10.119775
83.278367,10.464957
83.289977,10.717301
83.301587,10.774109
83.313197,10.641358
83.324807,10.334191
83.336417,10.361441
83.348027,10.304234
83.359637,10.264076
83.371247,9.8947171
83.382857,10.516952
83.394467,9.8795946
83.406077,9.5621262
83.417687,9.0256026
83.429297,8.532814
83.440907,8.4382679
83.452517,7.9620769
83.464127,8.1980423
83.475737,7.676379
83.487347,7.904217
83.498957,7.7596889
83.510567,7.6527482
83.522177,7.2605667
83.533787,7.5686222
83.545397,9.2139411
83.557007,7.0983948
83.568617,8.3373337
83.580227,6.9683785
83.591837,7.8251607
83.603447,6.2506311
83.615057,6.8469452
83.626667,5.5096243
83.638277,5.2923442
83.649887,6.4409221
83.661497,5.7168106
83.673107,6.8212873
83.684717,6.5487858
83.696327,7.1570616
83.707937,6.4955972
83.719546,6.6709001
83.731156,5.8825924
83.742766,5.8597774
83.754376,5.6508554
83.765986,6.3700975
83.777596,5.8062282
83.789206,6.2520584
83.800816,6.0669679
83.812426,5.4401879
83.824036,5.6033566
83.835646,5.5681088
83.847256,7.3004101
83.858866,7.1395036
83.870476,6.1291737
83.882086,6.4923898
83.893696,6.8666959
83.905306,6.1491232
83.916916,6.7877645
83.928526,7.0216624
83.940136,6.2992353
83.951746,6.6787675
83.963356,6.4467875
83.974966,6.6870581
83.986576,6.8753128
83.998186,7.4736905
84.009796,7.0228905
84.021406,7.4458996
84.033016,7.9899936
84.044626,7.9704001
84.056236,8.5454748
84.067846,8.507471
84.079456,8.8179648
84.091066,8.9998603
84.102676,8.4884648
84.114286,8.5742574
84.125896,8.8261698
84.137506,7.650558
84.149116,6.6508499
84.160726,6.7655238
84.172336,6.6829511
84.183946,6.3670362
84.195556,6.5210822
84.207166,6.5601514
84.218776,6.0044143
84.230385,5.7775903
84.241995,5.6223337
84.253605,5.6234011
84.265215,5.3762346
84.276825,5.1139416
84.288435,4.7752977
84.300045,4.6742338
84.311655,4.8128568
84.323265,4.4711621
84.334875,4.2266859
84.346485,4.1133831
84.358095,4.3451371
84.369705,4.1266661
84.381315,4.0132409
84.392925,3.9502863
84.404535,4.0547518
84.416145,4.1029543
84.427755,3.7905409
84.439365,3.5238371
84.450975,3.906893
84.462585,5.6900054
84.474195,5.7139424
84.485805,4.9348551
84.497415,5.9767475
84.509025,6.4679946
84.520635,6.4523854
84.532245,6.5057231
84.543855,6.437628
84.555465,6.0224806
84.567075,6.7445971
84.578685,8.8572742
84.590295,15.512882
84.601905,15.132831
84.613515,13.429182
84.625125,14.497145
84.636735,12.901845
84.648345,13.09214
84.659955,12.277595
84.671565,11.718826
84.683175,12.061643
84.694785,11.348305
84.706395,12.602851
84.718005,11.04752
84.729615,11.988046
84.741224,11.285508
84.752834,11.376284
84.764444,11.224333
84.776054,10.869345
84.787664,11.702503
84.799274,10.560503
84.810884,10.560445
84.822494,10.000072
84.834104,9.2099322
84.845714,9.3625604
84.857324,8.3173014
84.868934,9.7080684
84.880544,8.1615987
84.892154,9.8422782
84.903764,8.8794748
84.915374,8.2184964
84.926984,8.0138984
84.938594,7.7006308
84.950204,8.0648818
84.961814,7.3645772
84.973424,7.7687494
84.985034,6.2126262
84.996644,5.4371597
85.008254,6.8624486
85.019864,5.9661696
85.031474,6.1176614
85.043084,4.4889864
85.054694,7.8914841
85.066304,7.0490529
85.077914,14.553244
85.089524,14.6293
85.101134,13.976244
85.112744,13.803287
85.124354,13.253083
85.135964,11.817805
85.147574,11.892094
85.159184,12.041264
85.170794,11.935879
85.182404,11.64038
85.194014,11.78982
85.205624,11.773776
85.217234,11.16988
85.228844,11.400589
85.240454,11.839183
85.252063,11.572347
85.263673,10.848527
85.275283,11.025492
85.286893,11.602921
85.298503,10.958168
85.310113,9.7593727
85.321723,8.8239445
85.333333,9.0788209
85.344943,8.7095438
85.356553,8.6370345
85.368163,8.9080404
85.379773,8.651098
85.391383,7.9827886
85.402993,7.4145677
85.414603,8.230212
85.426213,8.5462074
85.437823,7.3334181
85.449433,6.6448424
85.461043,7.0655084
85.472653,6.8525022
85.484263,6.4830632
85.495873,6.7784479
85.507483,5.7594841
85.519093,7.4738201
85.530703,6.0084535
85.542313,7.4838797
85.553923,6.5457695
85.565533,7.1930089
85.577143,6.0853653
85.588753,6.3079488
85.600363,5.1159994
85.611973,6.3956085
85.623583,6.0065895
85.635193,6.314049
85.646803,5.8173746
85.658413,4.4513377
85.670023,6.3223649
85.681633,8.8191965
85.693243,12.913693
85.704853,11.812133
85.716463,10.330271
85.728073,10.80908
85.739683,10.647553
85.751293,9.747556
85.762902,11.306899
85.774512,10.351519
85.786122,8.3144242
85.797732,8.9284513
85.809342,11.253226
85.820952,11.005519
85.832562,10.381308
85.844172,8.7458668
85.855782,9.337266
85.867392,9.9264044
85.879002,8.9998699
85.890612,9.6552144
85.902222,8.5324495
85.913832,8.4607877
85.925442,8.2449479
85.937052,7.6497919
85.948662,7.791366
85.960272,6.5806207
85.971882,8.5950762
85.983492,9.7904783
85.995102,8.4019956
86.006712,6.6625976
86.018322,6.9967803
86.029932,7.5023953
86.041542,8.3264563
86.053152,9.7121098
86.064762,8.6271875
86.076372,7.5888788
86.087982,5.6242483
86.099592,5.286496
86.111202,7.5026216
86.122812,8.1900762
86.134422,6.9173766
86.146032,5.9504086
86.157642,6.0379171
86.169252,6.1465213
86.180862,11.434391
86.192472,9.3694067
86.204082,8.1769994
86.215692,8.3007323
86.227302,8.3148761
86.238912,8.393151
86.250522,7.413082
86.262132,6.2662046
86.273741,7.7114417
86.285351,6.6207081
86.296961,6.7920395
86.308571,4.6895469
86.320181,5.3018942
86.331791,8.1513302
86.343401,4.6475899
86.355011,6.4581904
86.366621,6.6615437
86.378231,5.0790658
86.389841,6.7020841
86.401451,5.5141706
86.413061,5.6583812
86.424671,5.9334338
86.436281,4.5022673
86.447891,5.2826541
86.459501,6.0297288
86.471111,7.4446348
86.482721,11.087167
86.494331,8.3598855
86.505941,8.9485203
86.517551,7.7258004
86.529161,7.32472
86.540771,7.8996465
86.552381,8.1667953
86.563991,9.1457918
86.575601,8.651302
86.587211,9.7087534
86.598821,8.3734037
86.610431,7.9275776
86.622041,6.4030025
86.633651,7.1030672
86.645261,6.4214211
86.656871,5.50645
86.668481,5.3261805
86.680091,5.8853419
86.691701,6.794935
86.703311,6.7121826
86.714921,6.223732
86.726531,6.14207
86.738141,6.5282613
86.749751,6.2442326
86.761361,5.4991308
86.772971,5.3857965
86.78458,5.3338857
86.79619,5.1394977
86.8078,4.8058212
86.81941,4.8367047
86.83102,5.341838
86.84263,6.7074763
86.85424,7.6134351
86.86585,8.8539532
86.87746,6.6474846
86.88907,5.3864716
86.90068,7.6721592
86.91229,7.857524
86.9239,5.2358287
86.93551,5.2970356
86.94712,7.3392738
86.95873,5.5162503
86.97034,6.1852371
86.98195,7.7262233
86.99356,12.611291
87.00517,14.548258
87.01678,14.656208
87.02839,14.949866
87.04,14.138193
87.05161,14.313676
87.06322,11.459243
87.07483,13.125954
87.08644,10.970736
87.09805,13.831004
87.10966,12.282716
87.12127,12.518163
87.13288,12.726588
87.14449,13.157242
87.1561,17.34541
87.16771,17.27295
87.17932,16.260861
87.19093,14.061788
87.20254,15.27343
87.21415,15.519159
87.22576,16.241076
87.23737,13.762521
87.24898,11.522877
87.26059,12.10848
87.2722,13.64322
87.28381,13.983493
87.29542,13.088541
87.307029,12.655534
87.318639,12.157894
87.330249,13.234914
87.341859,13.750069
87.353469,13.707727
87.365079,11.736817
87.376689,10.03417
87.388299,11.560602
87.399909,11.15932
87.411519,11.443937
87.423129,9.8749962
87.434739,8.4062765
87.446349,9.7521584
87.457959,9.8804157
87.469569,10.54333
87.481179,8.7391189
87.492789,8.561073
87.504399,9.5344855
87.516009,9.0796859
87.527619,9.1261354
87.539229,7.9300294
87.550839,7.1834894
87.562449,13.018096
87.574059,13.335871
87.585669,10.787962
87.597279,12.777305
87.608889,8.9354322
87.620499,10.884758
87.632109,6.8482341
87.643719,8.8167152
87.655329,7.354925
87.666939,5.7672722
87.678549,6.4387291
87.690159,6.6509843
87.701769,6.3101613
87.713379,5.9325212
87.724989,6.1407818
87.736599,5.1812852
87.748209,6.0616428
87.759819,5.5200308
87.771429,4.9768337
87.783039,5.7778684
87.794649,5.1009898
87.806259,5.2796433
87.817868,5.2342193
87.829478,4.59854
87.841088,4.7219061
87.852698,5.240367
87.864308,4.5477994
87.875918,6.1819368
87.887528,6.2397626
87.899138,10.424514
87.910748,7.5509743
87.922358,10.364464
87.933968,7.464147
87.945578,8.2332207
87.957188,8.1151506
87.968798,9.4858138
87.980408,7.5092757
87.992018,8.7906947
88.003628,6.7538339
88.015238,9.0485286
88.026848,6.5434425
88.038458,11.220448
88.050068,11.83213
88.061678,10.117513
88.073288,11.489871
88.084898,9.225846
88.096508,10.046024
88.108118,7.9506511
88.119728,8.3599509
88.131338,7.9347949
88.142948,8.0591823
88.154558,7.5015313
88.166168,7.3809108
88.177778,6.4180979
88.189388,5.9781521
88.200998,6.8430469
88.212608,6.0094873
88.224218,14.821871
88.235828,16.434388
88.247438,17.377941
88.259048,18.58908
88.270658,15.592065
88.282268,18.758859
88.293878,15.93801
88.305488,15.247909
88.317098,12.995359
88.328707,15.035877
88.340317,12.400069
88.351927,11.401606
88.363537,11.98901
88.375147,10.719024
88.386757,11.14424
88.398367,9.8553886
88.409977,12.05167
88.421587,8.2384962
88.433197,11.834738
88.444807,6.7910333
88.456417,11.09909
88.468027,6.0215576
88.479637,9.7790029
88.491247,5.8591827
88.502857,9.4778847
88.514467,5.1408578
88.526077,9.3403456
88.537687,12.282012
88.549297,7.4753097
88.560907,11.476708
88.572517,6.1500584
88.584127,11.22516
88.595737,7.5015899
88.607347,9.6785665
88.618957,7.8087923
88.630567,9.3135964
88.642177,8.0125895
88.653787,11.114194
88.665397,6.7004509
88.677007,5.4135297
88.688617,5.9001953
88.700227,6.9964667
88.711837,5.114107
88.723447,5.0694407
88.735057,6.2813383
88.746667,7.8319101
88.758277,6.2254001
88.769887,6.0143081
88.781497,6.8501453
88.793107,6.6474446
88.804717,5.8837775
88.816327,5.4329493
88.827937,6.0639818
88.839546,4.9306721
88.851156,4.5395456
88.862766,3.7907629
88.874376,5.2451237
88.885986,3.930745
88.897596,4.6413242
88.909206,3.993138
88.920816,5.18147
88.932426,4.4391101
88.944036,5.526298
88.955646,4.5882145
88.967256,5.3076631
88.978866,4.1870326
88.990476,4.8313235
89.002086,3.8947946
89.013696,3.8974776
89.025306,4.5099613
89.036916,9.9785842
89.048526,7.55034
89.060136,8.3279538
89.071746,8.4480609
89.083356,9.2026618
89.094966,7.8610416
89.106576,6.8653949
89.118186,8.4556837
89.129796,8.8158511
89.141406,6.5179831
89.153016,6.6619728
89.164626,9.2168186
89.176236,6.8298568
89.187846,5.5741052
89.199456,7.0047817
89.211066,7.979851
89.222676,5.6950134
89.234286,5.4393969
89.245896,7.3004711
89.257506,6.2586901
89.269116,5.873667
89.280726,6.0016676
89.292336,4.8869765
89.303946,6.1700037
89.315556,6.2956811
89.327166,5.6531643
89.338776,4.9540147
89.350385,6.5778969
89.361995,7.3865328
89.373605,8.7757645
89.385215,18.226823
89.396825,20.14469
89.408435,14.965634
89.420045,14.899091
89.431655,16.676945
89.443265,16.870452
89.454875,13.866007
89.466485,11.816461
89.478095,10.294793
89.489705,13.523903
89.501315,14.358659
89.512925,14.339848
89.524535,12.07693
89.536145,11.339976
89.547755,12.661746
89.559365,14.776705
89.570975,13.772459
89.582585,12.937388
89.594195,10.999245
89.605805,12.086186
89.617415,11.749456
89.629025,11.976316
89.640635,10.721704
89.652245,9.6280402
89.663855,8.7555899
89.675465,10.980975
89.687075,11.424449
89.698685,12.131495
89.710295,11.159056
89.721905,10.780985
89.733515,12.09914
89.745125,13.122999
89.756735,12.54143
89.768345,11.967692
89.779955,9.8185716
89.791565,11.32841
89.803175,8.0789039
89.814785,10.42697
89.826395,7.4541537
89.838005,8.1668851
89.849615,8.7200648
89.861224,7.077526
89.872834,8.0257727
89.884444,8.0812066
89.896054,10.501808
89.907664,13.501754
89.919274,15.928677
89.930884,15.458872
89.942494,15.265473
89.954104,14.742857
89.965714,14.331544
89.977324,15.828159
89.988934,11.549028
90.000544,14.644838
90.012154,12.106835
90.023764,11.554074
90.035374,10.730484
90.046984,8.2231682
90.058594,14.958736
90.070204,11.252423
90.081814,13.275428
90.093424,11.207472
90.105034,13.298629
90.116644,11.420705
90.128254,11.156779
90.139864,9.3379697
90.151474,8.502703
90.163084,10.068178
90.174694,14.085215
90.186304,8.9351688
90.197914,12.228017
90.209524,11.909833
90.221134,15.678072
90.232744,14.05379
90.244354,13.994771
90.255964,12.990491
90.267574,10.627985
90.279184,12.557724
90.290794,8.895698
90.302404,12.521318
90.314014,10.864567
90.325624,11.728234
90.337234,11.020443
90.348844,8.2486434
90.360454,9.4566074
90.372063,7.5693427
90.383673,9.8669305
90.395283,7.5589963
90.406893,8.9419386
90.418503,8.9969204
90.430113,7.6176889
90.441723,9.1035949
90.453333,7.1367201
90.464943,8.0930995
90.476553,6.5392024
90.488163,8.5708709
90.499773,7.6725303
90.511383,8.74878
90.522993,20.313407
90.534603,21.340166
90.546213,23.159571
90.557823,18.140559
90.569433,23.263667
90.581043,21.215046
90.592653,18.512838
90.604263,18.049144
90.615873,18.573207
90.627483,16.257054
90.639093,16.225974
90.650703,16.560373
90.662313,12.241324
90.673923,14.780337
90.685533,12.19225
90.697143,13.884904
90.708753,10.531751
90.720363,13.154524
90.731973,9.4349454
90.743583,11.837229
90.755193,9.6536238
90.766803,10.461902
90.778413,8.3133688
90.790023,8.2506354
90.801633,8.0519555
90.813243,7.9205238
90.824853,8.6196089
90.836463,7.431486
90.848073,10.005777
90.859683,9.3946671
90.871293,9.4678617
90.882902,9.1756149
90.894512,9.5496487
90.906122,7.5849298
90.917732,8.3326692
90.929342,8.3178661
90.940952,7.6596791
90.952562,11.140458
90.964172,16.360628
90.975782,18.338835
90.987392,14.883827
90.999002,15.844157
91.010612,15.639013
91.022222,12.594047
91.033832,14.855865
91.045442,13.831649
91.057052,11.215109
91.068662,13.141741
91.080272,10.129774
91.091882,9.3455721
91.103492,10.788701
91.115102,7.4935132
91.126712,10.075352
91.138322,10.10144
91.149932,6.2152657
91.161542,7.4111785
91.173152,6.6635946
91.184762,6.6572406
91.196372,6.7171852
91.207982,6.013951
91.219592,5.6083895
91.231202,4.9530217
91.242812,5.330499
91.254422,6.2075142
91.266032,5.2814264
91.277642,5.9452465
91.289252,5.761659
91.300862,5.6072307
91.312472,5.8930852
91.324082,5.5749825
91.335692,6.1438494
91.347302,8.1335797
91.358912,10.248493
91.370522,15.329887
91.382132,18.97526
91.393741,18.17838
91.405351,16.660634
91.416961,16.201863
91.428571,13.99049
91.440181,14.35623
91.451791,14.300374
91.463401,14.936745
91.475011,14.85765
91.486621,13.680034
91.498231,13.406286
91.509841,12.379201
91.521451,17.571385
91.533061,16.78269
91.544671,17.027464
91.556281,12.798551
91.567891,15.070776
91.579501,13.182347
91.591111,12.012293
91.602721,12.476355
91.614331,10.339119
91.625941,10.184164
91.637551,9.4626565
91.649161,8.9074195
91.660771,10.374508
91.672381,9.5280097
91.683991,10.942424
91.695601,11.418481
91.707211,14.834559
91.718821,17.293749
91.730431,19.781281
91.742041,17.326849
91.753651,17.995375
91.765261,17.382889
91.776871,16.11387
91.788481,16.972355
91.800091,15.043666
91.811701,13.115121
91.823311,12.988904
91.834921,13.903001
91.846531,14.506686
91.858141,14.155601
91.869751,14.226523
91.881361,13.954013
91.892971,13.389984
91.90458,13.087174
91.91619,12.907818
91.9278,12.165621
91.93941,12.266106
91.95102,11.560008
91.96263,10.377721
91.97424,11.403313
91.98585,9.9334183
91.99746,9.7761807
92.00907,10.19373
92.02068,9.8888143
92.03229,10.260297
92.0439,11.739946
92.05551,9.6828314
92.06712,11.250643
92.07873,9.1994131
92.09034,8.3088811
92.10195,9.9175928
92.11356,7.6935287
92.12517,8.2843907
92.13678,8.2490614
92.14839,23.533151
92.16,24.429896
92.17161,25.903892
92.18322,25.71608
92.19483,23.675251
92.20644,21.49741
92.21805,20.12609
92.22966,19.637346
92.24127,17.69019
92.25288,17.93952
92.26449,17.391315
92.2761,16.688959
92.28771,15.38255
92.29932,14.37257
92.31093,14.981411
92.32254,15.295781
92.33415,14.995268
92.34576,14.133116
92.35737,13.210293
92.36898,12.366102
92.38059,11.6422
92.3922,10.686479
92.40381,9.8483467
92.41542,10.352004
92.427029,9.6036608
92.438639,9.9899406
92.450249,7.8390392
92.461859,10.291416
92.473469,7.7402117
92.485079,8.8881452
92.496689,9.0827753
92.508299,7.8377129
92.519909,9.3119605
92.531519,9.5077004
92.543129,8.2712293
92.554739,15.972627
92.566349,19.272054
92.577959,18.53275
92.589569,17.908127
92.601179,16.779701
92.612789,17.037303
92.624399,16.475208
92.636009,13.715913
92.647619,13.85986
92.659229,13.451006
92.670839,12.120438
92.682449,11.915909
92.694059,11.610861
92.705669,10.556692
92.717279,10.561343
92.728889,21.892278
92.740499,23.518091
92.752109,22.951078
92.763719,23.650392
92.775329,22.543468
92.786939,19.82866
92.798549,18.622936
92.810159,17.235153
92.821769,15.690389
92.833379,16.301197
92.844989,14.957238
92.856599,13.852485
92.868209,13.375009
92.879819,12.147938
92.891429,13.055881
92.903039,13.375975
92.914649,13.17024
92.926259,13.797698
92.937868,12.098116
92.949478,12.629891
92.961088,13.81534
92.972698,21.816798
92.984308,20.686104
92.995918,20.006123
93.007528,20.488746
93.019138,18.131774
93.030748,18.660161
93.042358,18.217198
93.053968,16.249266
93.065578,17.568924
93.077188,15.789198
93.088798,16.018808
93.100408,14.199262
93.112018,12.567996
93.123628,16.083778
93.135238,9.7551125
93.146848,14.587931
93.158458,13.515152
93.170068,10.526563
93.181678,13.358051
93.193288,9.780851
93.204898,11.283542
93.216508,11.310024
93.228118,9.061343
93.239728,11.814652
93.251338,8.5812684
93.262948,15.239409
93.274558,16.580715
93.286168,14.282151
93.297778,12.582356
93.309388,12.068125
93.320998,13.100936
93.332608,12.749826
93.344218,12.440632
93.355828,15.604981
93.367438,10.025222
93.379048,12.784346
93.390658,15.912868
93.402268,10.092835
93.413878,13.909491
93.425488,13.079169
93.437098,9.7851352
93.448707,11.951633
93.460317,7.4353443
93.471927,11.38911
93.483537,10.056679
93.495147,8.0758876
93.506757,10.158332
93.518367,9.9038071
93.529977,7.9253799
93.541587,11.390331
93.553197,8.7058646
93.564807,7.9014939
93.576417,8.4247477
93.588027,6.2719583
93.599637,6.3374388
93.611247,5.9467591
93.622857,5.7831259
93.634467,6.0189303
93.646077,5.8913507
93.657687,6.202002
93.669297,6.3527362
93.680907,6.365797
93.692517,7.535527
93.704127,8.3483765
93.715737,15.243718
93.727347,17.716919
93.738957,17.088656
93.750567,16.509249
93.762177,16.088468
93.773787,15.315356
93.785397,13.990401
93.797007,12.977319
93.808617,12.530794
93.820227,13.409441
93.831837,14.480989
93.843447,13.878262
93.855057,12.843185
93.866667,12.344917
93.878277,11.570441
93.889887,12.256087
93.901497,12.58197
93.913107,13.18294
93.924717,13.582847
93.936327,12.991491
93.947937,11.789693
93.959546,11.088886
93.971156,9.7712135
93.982766,9.3980591
93.994376,9.2691513
94.005986,10.187762
94.017596,10.712135
94.029206,11.544271
94.040816,10.938624
94.052426,9.9914225
94.064036,8.1780375
94.075646,9.867777
94.087256,18.971086
94.098866,18.95932
94.110476,19.858121
94.122086,19.742449
94.133696,16.911945
94.145306,17.899757
94.156916,17.484825
94.168526,17.512407
94.180136,17.327774
94.191746,15.509213
94.203356,14.851335
94.214966,14.91762
94.226576,16.206112
94.238186,15.882404
94.249796,16.167039
94.261406,15.120647
94.273016,14.05143
94.284626,14.966797
94.296236,14.931685
94.307846,15.760065
94.319456,14.888235
94.331066,13.655673
94.342676,12.216534
94.354286,11.753497
94.365896,12.560598
94.377506,13.570856
94.389116,13.568355
94.400726,11.959368
94.412336,10.828912
94.423946,10.29434
94.435556,10.582458
94.447166,11.077488
94.458776,11.267996
94.470385,11.177977
94.481995,9.5616586
94.493605,9.8536165
94.505215,9.5844996
94.516825,9.7471361
94.528435,11.668109
94.540045,20.806425
94.551655,19.735336
94.563265,20.771996
94.574875,19.250509
94.586485,20.559292
94.598095,15.952154
94.609705,15.615726
94.621315,15.424401
94.632925,12.88895
94.644535,15.728048
94.656145,12.401181
94.667755,13.237655
94.679365,12.330057
94.690975,10.523785
94.702585,13.263559
94.714195,11.42454
94.725805,12.477775
94.737415,11.565336
94.749025,10.405364
94.760635,11.562376
94.772245,8.6022417
94.783855,9.6948877
94.795465,9.6350793
94.807075,9.9167276
94.818685,10.1235
94.830295,6.8861235
94.841905,9.3915605
94.853515,8.9584563
94.865125,8.997713
94.876735,9.6642731
94.888345,8.5085408
94.899955,12.426873
94.911565,16.683758
94.923175,15.447265
94.934785,16.515708
94.946395,13.531439
94.958005,14.57952
94.969615,13.255036
94.981224,12.206565
94.992834,13.022527
95.004444,15.042379
95.016054,15.161726
95.027664,12.117696
95.039274,12.667187
95.050884,14.698743
95.062494,14.985808
95.074104,13.688186
95.085714,12.498535
95.097324,16.852268
95.108934,15.762922
95.120544,12.957373
95.132154,12.285934
95.143764,13.235378
95.155374,14.305155
95.166984,10.228489
95.178594,13.471213
95.190204,11.865934
95.201814,12.440793
95.213424,10.554006
95.225034,10.058244
95.236644,10.638525
95.248254,13.175679
95.259864,9.8390707
95.271474,8.6148048
95.283084,9.7943557
95.294694,10.601386
95.306304,10.609867
95.317914,7.8755593
95.329524,8.2946598
95.341134,10.152339
95.352744,9.4893254
95.364354,8.7901333
95.375964,7.9062392
95.387574,11.471673
95.399184,12.107212
95.410794,12.707651
95.422404,14.856199
95.434014,14.0799
95.445624,14.304965
95.457234,14.541464
95.468844,14.773223
95.480454,12.950945
95.492063,14.183476
95.503673,13.859011
95.515283,13.930811
95.526893,12.707587
95.538503,12.145019
95.550113,12.909916
95.561723,11.265922
95.573333,12.96175
95.584943,10.608042
95.596553,12.187369
95.608163,10.889242
95.619773,12.475858
95.631383,12.304167
95.642993,11.560794
95.654603,11.499927
95.666213,11.062576
95.677823,10.85493
95.689433,9.4677794
95.701043,10.53344
95.712653,9.2996509
95.724263,9.3930265
95.735873,8.8931312
95.747483,9.4176797
95.759093,8.5725048
95.770703,7.6424508
95.782313,8.6269692
95.793923,7.3382556
95.805533,7.4648351
95.817143,19.45582
95.828753,22.512244
95.840363,21.17259
95.851973,18.548053
95.863583,18.902206
95.875193,18.809614
95.886803,17.351385
95.898413,15.646419
95.910023,17.01959
95.921633,14.820616
95.933243,12.958537
95.944853,13.491093
95.956463,12.493523
95.968073,11.561336
95.979683,12.404845
95.991293,11.962778
96.002902,8.4118097
96.014512,10.968605
96.026122,10.755804
96.037732,8.5321814
96.049342,7.79811
96.060952,9.3059311
96.072562,8.7541719
96.084172,7.8671622
96.095782,8.5232172
96.107392,7.8820032
96.119002,7.7724951
96.130612,8.4355258
96.142222,8.7677323
96.153832,6.4097229
96.165442,7.0618354
96.177052,8.4472499
96.188662,7.5268966
96.200272,6.9787381
96.211882,6.9497331
96.223492,7.1905703
96.235102,6.5750915
96.246712,5.905644
96.258322,6.7303398
96.269932,5.9416023
96.281542,6.0050346
96.293152,7.2042242
96.304762,5.8920424
96.316372,6.3243028
96.327982,6.1015123
96.339592,5.903558
96.351202,6.4493983
96.362812,7.3368953
96.374422,6.0193192
96.386032,12.272548
96.397642,18.261457
96.409252,17.924515
96.420862,19.748376
96.432472,18.828911
96.444082,18.451285
96.455692,16.657327
96.467302,15.855856
96.478912,16.342905
96.490522,16.151742
96.502132,16.377731
96.513741,15.632961
96.525351,15.370648
96.536961,14.307742
96.548571,14.174067
96.560181,13.127075
96.571791,14.639994
96.583401,15.518509
96.595011,15.482774
96.606621,15.823326
96.618231,13.210934
96.629841,10.214095
96.641451,10.556324
96.653061,10.634091
96.664671,10.644444
96.676281,10.683047
96.687891,10.670268
96.699501,9.6913567
96.711111,9.8838128
96.722721,9.8376192
96.734331,10.154591
96.745941,8.8918767
96.757551,9.6752917
96.769161,8.6719841
96.780771,8.7423121
96.792381,9.4937373
96.803991,7.7669624
96.815601,7.2789548
96.827211,7.2243821
96.838821,7.3455214
96.850431,7.4251179
96.862041,7.6614826
96.873651,8.2342034
96.885261,6.9423247
96.896871,8.0411135
96.908481,8.3346156
96.920091,7.0841643
96.931701,7.3534953
96.943311,8.4589087
96.954921,6.9566077
96.966531,7.633118
96.978141,8.2574668
96.989751,6.7301274
97.001361,8.1833239
97.012971,8.0108023
97.02458,7.9166261
97.03619,7.5680702
97.0478,8.4486303
97.05941,6.7951186
97.07102,7.4856554
97.08263,7.4696441
97.09424,6.2244119
97.10585,7.0945863
97.11746,6.9940042
97.12907,6.9239184
97.14068,6.4796913
97.15229,7.5177169
97.1639,6.1509993
97.17551,6.385714
97.18712,6.5558652
97.19873,5.456372
97.21034,5.4724472
97.22195,6.2251035
97.23356,5.6664589
97.24517,5.3662694
97.25678,6.4007654
97.26839,4.7724844
97.28,4.7946417
97.29161,7.9105707
97.30322,7.2629487
97.31483,6.9794432
97.32644,7.2216423
97.33805,8.3796932
97.34966,6.7192562
97.36127,7.0762468
97.37288,5.3352176
97.38449,6.731856
97.3961,6.8549152
97.40771,6.7979365
97.41932,6.337594
97.43093,5.5562179
97.44254,7.0286627
97.45415,7.0897489
97.46576,6.1754962
97.47737,5.2984082
97.48898,5.3691305
97.50059,7.4072278
97.5122,6.4165442
97.52381,6.5721646
97.53542,5.1901059
97.547029,5.5086699
97.558639,7.3842059
97.570249,6.2322001
97.581859,10.028792
97.593469,9.5533642
97.605079,10.62086
97.616689,10.665927
97.628299,10.381437
97.639909,10.07161
97.651519,9.2266139
97.663129,9.9711993
97.674739,9.0979208
97.686349,10.399544
97.697959,9.5930217
97.709569,7.9820325
97.721179,9.2413353
97.732789,12.4792
97.744399,14.003618
97.756009,13.283626
97.767619,12.082619
97.779229,12.325931
97.790839,10.198613
97.802449,8.8891245
97.814059,9.9522708
97.825669,8.8744583
97.837279,8.7822807
97.848889,9.5304257
97.860499,8.7024128
97.872109,7.5380624
97.883719,7.1843802
97.895329,6.6066719
97.906939,6.8247154
97.918549,6.2114029
97.930159,5.8220641
97.941769,5.9881546
97.953379,6.7329085
97.964989,6.8403279
97.976599,7.2567008
97.988209,6.2619039
97.999819,4.7420837
98.011429,5.4265144
98.023039,4.6364388
98.034649,4.8305952
98.046259,4.4976642
98.057868,4.8409518
98.069478,4.2865892
98.081088,4.7164644
98.092698,4.5038269
98.104308,4.451377
98.115918,3.9945038
98.127528,4.9104724
98.139138,3.5104926
98.150748,3.7920245
98.162358,3.3364707
98.173968,3.1752482
98.185578,14.396013
98.197188,14.775313
98.208798,15.442366
98.220408,15.112504
98.232018,14.838348
98.243628,13.699838
98.255238,13.536113
98.266848,12.561006
98.278458,12.565725
98.290068,12.34876
98.301678,11.585804
98.313288,11.108147
98.324898,11.440222
98.336508,10.66979
98.348118,10.596943
98.359728,11.540791
98.371338,10.959485
98.382948,10.091323
98.394558,9.8096905
98.406168,9.4845648
98.417778,8.6905474
98.429388,8.8118713
98.440998,8.5264776
98.452608,8.3288623
98.464218,8.1513277
98.475828,8.3451276
98.487438,7.8511826
98.499048,7.7860241
98.510658,7.6843049
98.522268,7.7827149
98.533878,7.5700847
98.545488,7.5843997
98.557098,8.9897791
98.568707,10.141386
98.580317,11.535092
98.591927,11.372663
98.603537,10.69324
98.615147,8.3458564
98.626757,7.390538
98.638367,7.9861361
98.649977,8.1227885
98.661587,8.416085
98.673197,6.1851082
98.684807,5.9611386
98.696417,5.674984
98.708027,7.2902556
98.719637,9.3034005
98.731247,7.6225119
98.742857,7.4112591
98.754467,7.7385818
98.766077,6.8273553
98.777687,6.9068445
98.789297,6.3793688
98.800907,6.4234862
98.812517,6.2536756
98.824127,7.3511274
98.835737,6.1070528
98.847347,5.9483855
98.858957,4.7084044
98.870567,5.1588187
98.882177,4.0916083
98.893787,3.4175604
98.905397,3.195505
98.917007,3.7706215
98.928617,3.8541412
98.940227,4.4832838
98.951837,3.9576081
98.963447,3.5510969
98.975057,3.4378417
98.986667,4.5049433
98.998277,3.6639768
99.009887,3.6753545
99.021497,3.0814648
99.033107,3.7524699
99.044717,3.2101396
99.056327,3.3020136
99.067937,3.030327
99.079546,2.3135738
99.091156,2.8965256
99.102766,2.5052732
99.114376,2.9239876
99.125986,2.3989192
99.137596,3.0272814
99.149206,2.3715241
99.160816,3.3372262
99.172426,2.7862139
99.184036,2.5244558
99.195646,2.4803984
99.207256,5.4081845
99.218866,8.0995146
99.230476,7.9959689
99.242086,9.8858762
99.253696,7.7706792
99.265306,8.524545
99.276916,8.2877013
99.288526,6.9273467
99.300136,8.2234473
99.311746,7.0064538
99.323356,6.9529046
99.334966,6.2667869
99.346576,5.7613888
99.358186,7.2548288
99.369796,8.2784949
99.381406,8.3663558
99.393016,6.9927513
99.404626,9.3271146
99.416236,8.1457057
99.427846,7.6012461
99.439456,8.3737952
99.451066,6.305362
99.462676,6.5469114
99.474286,5.9696411
99.485896,5.8093617
99.497506,6.3168898
99.509116,6.0377224
99.520726,5.7450284
99.532336,5.4952422
99.543946,5.0730449
99.555556,5.3373817
99.567166,5.4707441
99.578776,5.4658338
99.590385,5.2527276
99.601995,4.5330432
99.613605,4.7553396
99.625215,5.2565135
99.636825,4.8318727
99.648435,4.4327099
99.660045,4.4826
99.671655,3.8636982
99.683265,4.1682483
99.694875,4.4762602
99.706485,4.0252056
99.718095,4.099888
99.729705,3.3977915
99.741315,3.5400608
99.752925,3.8680857
99.764535,3.6389841
99.776145,3.6106284
99.787755,3.2525722
99.799365,2.8258681
99.810975,3.1307154
99.822585,2.8469533
99.834195,2.591383
99.845805,2.4055609
99.857415,2.6728907
99.869025,2.7791267
99.880635,2.286071
99.892245,2.4347174
99.903855,2.2079615
99.915465,1.954823
99.927075,2.333784
99.938685,2.6137994
99.950295,2.4510697
99.961905,2.2154022
99.973515,2.2771992
99.985125,2.2870226
99.996735,2.1563632
100.00834,2.3414985
100.01995,2.0573713
100.03156,2.7441964
100.04317,3.5267787
100.05478,4.7502541
100.06639,4.4626706
100.078,4.8034032
100.08961,4.6912508
100.10122,3.6424407
100.11283,2.4350045
100.12444,2.8048086
100.13605,2.1618713
100.14766,2.182754
100.15927,1.8510631
100.17088,1.8869143
100.18249,1.9660945
100.1941,1.585163
100.20571,1.6584968
100.21732,1.8543147
100.22893,1.8587841
100.24054,1.7597787
100.25215,1.8091427
100.26376,1.7943922
100.27537,1.6278602
100.28698,1.1694394
100.29859,0.93377793
100.3102,1.0406182
100.32181,1.2806427
100.33342,1.1837049
100.34503,1.2916742
100.35664,3.772461
100.36825,3.9234032
100.37986,4.072661
100.39147,3.5499989
100.40308,5.5313537
100.41469,2.7627227
100.4263,2.532209
100.43791,3.3131991
100.44952,4.2697642
100.46113,4.051606
100.47274,2.1839536
100.48435,3.0359468
100.49596,3.1354122
100.50757,3.5282468
100.51918,3.6569371
100.53079,3.2581063
100.5424,3.876073
100.55401,2.6719592
100.56562,2.8348208
100.57723,3.8817877
100.58884,3.0170121
100.60045,3.0051115
100.61206,2.3920906
100.62367,2.765848
100.63528,2.235033
100.64689,2.7012415
100.6585,1.9740808
100.67011,2.1216845
100.68172,1.9826216
100.69333,2.6416651
100.70494,1.7901607
100.71655,2.4000396
100.72816,1.5029562
100.73977,2.5920421
100.75138,1.8780337
100.76299,2.0911716
100.7746,2.576598
100.78621,1.9567282
100.79782,2.4040428
100.80943,1.7064155
100.82104,2.3588187
100.83265,1.3947172
100.84426,1.2512331
100.85587,2.5912795
100.86748,4.4642137
100.87909,4.4415726
100.8907,4.674343
100.90231,4.1760144
100.91392,4.6398275
100.92553,2.9731902
100.93714,3.4741127
100.94875,3.0344086
100.96036,2.8951858
100.97197,2.8978377
100.98358,2.8943463
100.99519,2.8591454
101.0068,2.347929
101.01841,1.8674919
101.03002,1.9386075
101.04163,1.971604
101.05324,1.9555018
101.06485,2.4755031
101.07646,1.3857896
101.08807,2.3585702
101.09968,1.8222366
101.11129,1.9090273
101.1229,2.2494895
101.13451,1.7036842
101.14612,1.6468739
101.15773,2.2181042
101.16934,1.6842371
101.18095,1.7801275
101.19256,1.4606258
101.20417,1.6074123
101.21578,1.6464945
101.22739,1.1013008
101.239,1.6984478
101.25061,1.2675747
101.26222,1.3735585
101.27383,1.8643596
101.28544,1.9738165
101.29705,2.2106286
101.30866,2.3277618
101.32027,2.0651768
101.33188,2.052641
101.34349,2.0610449
101.3551,1.9350974
101.36671,1.7097814
101.37832,1.738251
101.38993,1.6645485
101.40154,1.5879284
101.41315,1.3699826
101.42476,1.3437144
101.43637,1.3809897
101.44798,1.3740959
101.45959,1.3136442
101.4712,1.2760031
101.48281,1.3523791
101.49442,1.3686238
101.50603,1.3369702
101.51764,1.2393729
101.52925,1.1881061
101.54086,1.1061886
101.55247,0.98893871
101.56408,1.1872282
101.57569,1.4633531
101.5873,4.8675449
101.59891,4.1821189
101.61052,6.237075
101.62213,4.2987601
101.63374,5.1426958
101.64535,3.7762996
101.65696,4.4227643
101.66857,3.7435222
101.68018,4.0091338
101.69179,4.9349011
101.7034,3.4607022
101.71501,5.9223862
101.72662,5.1754004
101.73823,4.4883851
101.74984,3.940567
101.76145,5.3481984
101.77306,2.8123994
101.78467,5.0272941
101.79628,2.8482373
101.80789,4.2567361
101.8195,2.8576706
101.83111,4.0994848
101.84272,3.0456824
101.85433,4.1826384
101.86594,3.0986589
101.87755,4.6937769
101.88916,3.3201432
101.90077,4.2653177
101.91238,3.5995707
101.92399,3.3201448
101.9356,3.7051205
101.94721,2.9195677
101.95882,3.7722233
101.97043,2.6738591
101.98204,4.1633439
101.99365,2.1301577
102.00526,4.1735126
102.01687,2.0949644
102.02848,4.0031256
102.04009,1.9607277
102.0517,3.9108721
102.06331,2.2457602
102.07492,3.7014977
102.08653,2.4445007
102.09814,3.675261
102.10975,2.6646294
102.12136,3.4137751
102.13297,2.8598172
102.14458,2.9938869
102.15619,3.7343312
102.1678,4.9841389
102.17941,10.931467
102.19102,10.658002
102.20263,10.111366
102.21424,9.0907962
102.22585,9.238479
102.23746,8.7044171
102.24907,8.6389124
102.26068,8.0317873
102.27229,7.996026
102.2839,7.7449142
102.29551,7.9550604
102.30712,7.5355451
102.31873,7.2499727
102.33034,7.4468369
102.34195,7.082278
102.35356,7.14547
102.36517,6.8479397
102.37678,7.3197714
102.38839,6.8324465
102.4,6.9961087
102.41161,5.9079698
102.42322,6.5848998
102.43483,5.3990944
102.44644,6.2396907
102.45805,5.5200802
102.46966,6.1653882
102.48127,5.2777396
102.49288,5.8374088
102.50449,4.8020507
102.5161,5.2956123
102.52771,4.6968455
102.53932,5.2709105
102.55093,4.4075326
102.56254,4.8633535
102.57415,4.3715539
102.58576,4.6130187
102.59737,4.2407228
102.60898,4.3409525
102.62059,3.87534
102.6322,3.9094685
102.64381,3.6576024
102.65542,3.649184
102.66703,3.2994309
102.67864,3.1924782
102.69025,3.078655
102.70186,3.1428994
102.71347,2.8402797
102.72508,3.1248096
102.73669,3.0990207
102.7483,2.5670807
102.75991,2.6291102
102.77152,2.5007359
102.78313,2.9737646
102.79474,2.4103956
102.80635,3.1423433
102.81796,2.5484432
102.82957,2.2608257
102.84118,2.3912789
102.85279,3.1346152
102.8644,2.0597163
102.87601,2.3181498
102.88762,1.9343301
102.89923,2.4156566
102.91084,1.6931995
102.92245,2.6237831
102.93406,2.1079757
102.94567,2.172025
102.95728,2.0428614
102.96889,2.0018402
102.9805,1.9422365
102.99211,2.5309559
103.00372,1.9220494
103.01533,1.6061398
103.02694,1.7430759
103.03855,2.0183312
103.05016,1.5200906
103.06177,3.1374282
103.07338,3.730129
103.08499,3.8354958
103.0966,3.8834058
103.10821,4.1282422
103.11982,4.214031
103.13143,3.7517417
103.14304,3.8493731
103.15465,4.1153784
103.16626,3.4879561
103.17787,2.7398651
103.18948,3.0415484
103.20109,2.9019981
103.2127,2.5709684
103.22431,2.9641594
103.23592,2.9438522
103.24753,3.0643799
103.25914,2.9677126
103.27075,2.9359634
103.28236,3.1106223
103.29397,2.8179406
103.30558,3.2703501
103.31719,3.1048063
103.3288,3.0380414
103.34041,4.3904334
103.35202,4.0743447
103.36363,3.7926361
103.37524,3.3884296
103.38685,4.3486189
103.39846,2.6293401
103.41007,4.2477163
103.42168,4.6686147
103.43329,2.4627783
103.4449,3.1506208
103.45651,3.6487095
103.46812,3.3939994
103.47973,3.2187903
103.49134,3.3208032
103.50295,2.4053809
103.51456,2.3347373
103.52617,2.6902507
103.53778,3.2478284
103.54939,2.6173848
103.561,2.3753061
103.57261,2.5549171
103.58422,2.6202907
103.59583,2.5791846
103.60744,2.6391465
103.61905,3.1320333
103.63066,2.4527518
103.64227,3.1429637
103.65388,3.0536164
103.66549,2.870188
103.6771,3.2149587
103.68871,2.871602
103.70032,4.2068421
103.71193,3.2620482
103.72354,2.8720215
103.73515,3.4398264
103.74676,3.0363355
103.75837,3.1575104
103.76998,3.4615979
103.78159,3.2997548
103.7932,3.5035895
103.80481,2.4282125
103.81642,3.9896033
103.82803,3.2176111
103.83964,2.3260868
103.85125,3.5776869
103.86286,2.9553916
103.87447,2.3668776
103.88608,3.169793
103.89769,2.6944582
103.9093,2.1179628
103.92091,2.6706481
103.93252,2.9005386
103.94413,3.2826397
103.95574,2.0134647
103.96735,3.4273535
103.97896,2.4113571
103.99057,2.7242423
104.00218,2.8532159
104.01379,2.7222956
104.0254,2.6502984
104.03701,2.3648257
104.04862,2.5541125
104.06023,2.4082596
104.07184,1.9470412
104.08345,3.3358732
104.09506,2.4280617
104.10667,2.3953429
104.11828,2.4103056
104.12989,2.3098009
104.1415,2.6311367
104.15311,2.1585012
104.16472,2.3093776
104.17633,2.4953449
104.18794,2.4872445
104.19955,1.7102687
104.21116,2.1339066
104.22277,2.3289654
104.23438,1.954133
104.24599,1.8377333
104.2576,2.1222601
104.26921,1.8423251
104.28082,1.9901961
104.29243,2.1436838
104.30404,2.0244821
104.31565,1.9548723
104.32726,2.4136435
104.33887,1.9864693
104.35048,1.7343619
104.36209,1.7778966
104.3737,2.8293574
104.38531,3.3749294
104.39692,3.8845939
104.40853,3.6250081
104.42014,3.0698695
104.43175,3.0369171
104.44336,2.9487152
104.45497,2.621826
104.46658,2.5134025
104.47819,2.6489607
104.4898,2.5014855
104.50141,2.1475353
104.51302,2.0823248
104.52463,1.971713
104.53624,1.9067763
104.54785,1.8222994
104.55946,1.6554885
104.57107,1.5609039
104.58268,1.5844776
104.59429,1.598632
104.6059,1.6540768
104.61751,1.6598071
104.62912,1.7421905
104.64073,1.4640228
104.65234,1.4773727
104.66395,1.4260222
104.67556,1.3871027
104.68717,1.6046577
104.69878,1.3196589
104.71039,1.5492803
104.722,1.3801855
104.73361,1.2963812
104.74522,1.498013
104.75683,1.4078133
104.76844,1.403322
104.78005,1.217942
104.79166,1.3827175
104.80327,1.1459048
104.81488,1.2774066
104.82649,1.2980712
104.8381,1.2570095
104.84971,1.3030795
104.86132,1.107299
104.87293,1.2196942
104.88454,1.1364826
104.89615,1.1567793
104.90776,1.2614993
104.91937,1.1414589
104.93098,1.2223555
104.94259,1.2518758
104.9542,1.2948918
104.9658,1.2646879
104.97741,1.1789082
104.98902,1.092676
105.00063,0.97578499
105.01224,1.0196249
105.02385,1.0164392
105.03546,1.1090611
105.04707,0.9970257
105.05868,1.2240654
105.07029,0.7819424
105.0819,1.0318568
105.09351,1.8330946
105.10512,2.1471736
105.11673,2.501123
105.12834,2.2956688
105.13995,2.8595005
105.15156,2.4890442
105.16317,2.7147863
105.17478,2.4096811
105.18639,2.8094735
105.198,2.3752756
105.20961,2.4730941
105.22122,2.2039084
105.23283,2.1679917
105.24444,2.2739509
105.25605,1.9519911
105.26766,2.0811836
105.27927,1.8771749
105.29088,1.9436155
105.30249,1.7618486
105.3141,1.7565116
105.32571,1.5785641
105.33732,1.7638346
105.34893,1.5825993
105.36054,1.7992209
105.37215,1.548646
105.38376,1.6579865
105.39537,1.3228262
105.40698,1.6760699
105.41859,1.3982234
105.4302,1.6940736
105.44181,1.5573907
105.45342,1.6712493
105.46503,1.8116305
105.47664,1.781701
105.48825,1.8333065
105.49986,1.6672525
105.51147,1.7967286
105.52308,1.6858377
105.53469,1.7714514
105.5463,1.6143028
105.55791,1.7174564
105.56952,1.5246113
105.58113,1.5858072
105.59274,1.4705299
105.60435,1.47349
105.61596,1.3952046
105.62757,1.3020585
105.63918,1.2674906
105.65079,1.1936509
105.6624,1.1790059
105.67401,1.1901408
105.68562,0.93474421
105.69723,1.1358838
105.70884,0.92024475
105.72045,1.0337335
105.73206,0.87621014
105.74367,1.0627624
105.75528,0.95498462
105.76689,1.0288712
105.7785,1.0257786
105.79011,1.1822181
105.80172,0.98072461
105.81333,1.2221165
105.82494,1.0901364
105.83655,1.2462623
105.84816,1.1865163
105.85977,1.1387062
105.87138,1.196536
105.88299,1.0479531
105.8946,1.1601535
105.90621,0.9017231
105.91782,1.1623462
105.92943,0.76499213
105.94104,1.1755568
105.95265,1.110274
105.96426,1.0662863
105.97587,1.7400382
105.98748,1.6810269
105.99909,2.1877076
106.0107,2.0402425
106.02231,1.4783588
106.03392,1.9031066
106.04553,1.8605676
106.05714,1.6019834
106.06875,1.4876319
106.08036,1.8192104
106.09197,1.5047731
106.10358,1.4767474
106.11519,1.4123513
106.1268,1.4402428
106.13841,1.6890759
106.15002,1.5593334
106.16163,2.1718453
106.17324,2.0571489
106.18485,2.0778498
106.19646,1.6450517
106.20807,1.4117361
106.21968,1.4711369
106.23129,1.6683427
106.2429,1.1958442
106.25451,1.3502819
106.26612,1.1590493
106.27773,1.0428016
106.28934,1.1186644
106.30095,1.0980203
106.31256,1.141821
106.32417,0.9591081
106.33578,1.2134234
106.34739,0.98980518
106.359,0.79016133
106.37061,1.1935158
106.38222,1.0219078
106.39383,0.87155882
106.40544,0.83128314
106.41705,1.0771092
106.42866,0.73282923
106.44027,0.76180536
106.45188,1.0574392
106.46349,0.95796483
106.4751,0.90471295
106.48671,0.89456377
106.49832,1.0588227
106.50993,1.0026385
106.52154,1.0559107
106.53315,0.93613859
106.54476,0.94503859
106.55637,0.92665733
106.56798,0.93719343
106.57959,0.90732408
106.5912,0.83875258
106.60281,1.00844
106.61442,0.78197482
106.62603,0.79323621
106.63764,0.89851428
106.64925,1.0920733
106.66086,1.215676
106.67247,1.1494636
106.68408,1.193919
106.69569,1.0789084
106.7073,1.0876772
106.71891,1.1923938
106.73052,1.4049962
106.74213,1.4957943
106.75374,1.8835077
106.76535,3.0070539
106.77696,3.0496821
106.78857,2.8811138
106.80018,2.9721966
106.81179,2.8847884
106.8234,2.4454919
106.83501,2.5513669
106.84662,2.3004316
106.85823,2.4887662
106.86984,2.6753317
106.88145,2.6086417
106.89306,2.3579048
106.90467,2.1647775
106.91628,2.411786
106.92789,2.4910552
106.9395,2.4170363
106.95111,2.2346908
106.96272,2.3283436
106.97433,2.1671597
106.98594,2.0627246
106.99755,2.1244353
107.00916,1.9815862
107.02077,1.7358604
107.03238,1.4484347
107.04399,1.7129002
107.0556,1.967772
107.06721,1.8917549
107.07882,1.6496323
107.09043,1.6615982
107.10204,1.5159828
107.11365,1.5714948
107.12526,1.5928469
107.13687,1.6776596
107.14848,1.4878567
107.16009,1.1667408
107.1717,1.2443707
107.18331,1.5245598
107.19492,1.5011641
107.20653,1.7494045
107.21814,2.3911655
107.22975,2.7411855
107.24136,2.070538
107.25297,2.4838937
107.26458,2.06904
107.27619,2.7412186
107.2878,2.1832926
107.29941,2.8532494
107.31102,2.1232704
107.32263,2.6720092
107.33424,2.5865813
107.34585,2.5758583
107.35746,2.3504263
107.36907,2.246576
107.38068,2.1115302
107.39229,1.9106509
107.4039,1.4018766
107.41551,1.4579836
107.42712,2.8448739
107.43873,3.4216545
107.45034,3.4783283
107.46195,2.5988919
107.47356,3.1784584
107.48517,2.4082916
107.49678,1.8414558
107.50839,1.6193644
107.52,1.5456427
107.53161,2.0170839
107.54322,1.6259502
107.55483,1.1167515
107.56644,1.8363858
107.57805,1.9577457
107.58966,1.6075627
107.60127,1.4917329
107.61288,1.6330397
107.62449,1.9211321
107.6361,1.8587734
107.64771,1.5142522
107.65932,2.8864547
107.67093,2.6738734
107.68254,2.8639541
107.69415,2.6849797
107.70576,1.6957157
107.71737,2.5598987
107.72898,2.1571084
107.74059,1.5786448
107.7522,2.9160906
107.76381,2.2198718
107.77542,1.3241613
107.78703,2.1129794
107.79864,1.5778375
107.81025,1.2628885
107.82186,1.4528853
107.83347,1.0874003
107.84508,1.6531062
107.85669,1.8924423
107.8683,1.2309876
107.87991,1.6053949
107.89152,1.509453
107.90313,1.563182
107.91474,2.0057309
107.92635,1.0610108
107.93796,1.5932062
107.94957,0.72775447
107.96118,1.8143769
107.97279,1.2340076
107.9844,0.89126177
107.99601,1.594371
108.00762,1.0531174
108.01923,1.2954091
108.03084,1.3815816
108.04245,1.9441699
108.05406,2.0601262
108.06567,2.2339533
108.07728,2.2249154
108.08889,2.2237401
108.1005,2.0344223
108.11211,2.0944681
108.12372,2.3865815
108.13533,2.4124324
108.14694,2.3552892
108.15855,2.4385774
108.17016,2.1800084
108.18177,2.147857
108.19338,1.8813842
108.20499,1.6697924
108.2166,1.47403
108.22821,1.2257062
108.23982,1.4683709
108.25143,1.1827209
108.26304,1.4818268
108.27465,1.452812
108.28626,1.3587211
108.29787,1.3683611
108.30948,1.3519015
108.32109,1.3786499
108.3327,1.345814
108.34431,1.206164
108.35592,1.269284
108.36753,1.1355299
108.37914,1.1028189
108.39075,0.8925644
108.40236,0.90515048
108.41397,0.75468026
108.42558,2.2876938
108.43719,2.5366586
108.4488,2.3807384
108.46041,2.0057796
108.47202,2.3411013
108.48363,2.799125
108.49524,2.7370623
108.50685,1.5652203
108.51846,1.9657247
108.53007,2.6184122
108.54168,2.2350769
108.55329,1.2744933
108.5649,2.1414771
108.57651,2.6242277
108.58812,4.9475512
108.59973,5.1653821
108.61134,4.4664432
108.62295,4.5600994
108.63456,4.1966905
108.64617,3.9898389
108.65778,3.8844753
108.66939,3.943747
108.681,3.816877
108.69261,3.7366707
108.70422,3.3540128
108.71583,2.7992487
108.72744,3.0045815
108.73905,2.7949882
108.75066,5.1789414
108.76227,5.0269007
108.77388,5.0089651
108.78549,4.8408097
108.7971,5.2994283
108.80871,4.5878044
108.82032,4.4450415
108.83193,3.7227001
108.84354,3.9136173
108.85515,4.2509762
108.86676,4.2771711
108.87837,4.1648323
108.88998,3.7278509
108.90159,3.5340894
108.9132,3.7100944
108.92481,4.0636939
108.93642,3.5445964
108.94803,3.6073012
108.95964,3.4433491
108.97125,3.4473334
108.98286,3.1979606
108.99447,3.1452884
109.00608,2.7698007
109.01769,2.8411792
109.0293,2.5888873
109.04091,2.7849557
109.05252,2.7798446
109.06413,2.8114134
109.07574,2.6111855
109.08735,2.4308055
109.09896,2.7304728
109.11057,3.6103566
109.12218,3.8340981
109.13379,3.6267241
109.1454,2.7557047
109.15701,3.3223841
109.16862,2.2986372
109.18023,2.5984317
109.19184,2.2365553
109.20345,2.0630046
109.21506,1.701139
109.22667,2.0564324
109.23828,1.6878584
109.24989,1.771695
109.2615,1.747992
109.27311,1.4988472
109.28472,1.665553
109.29633,1.5609168
109.30794,1.449658
109.31955,1.6369971
109.33116,1.5025597
109.34277,1.5007081
109.35438,1.6324566
109.36599,1.4249805
109.3776,1.5230222
109.38921,1.4465664
109.40082,1.3533791
109.41243,1.4085692
109.42404,1.5845408
109.43565,1.3358638
109.44726,1.6438814
109.45887,1.275206
109.47048,1.9596415
109.48209,2.5261999
109.4937,3.782721
109.50531,2.5300301
109.51692,3.6633074
109.52853,3.8789741
109.54014,2.4909575
109.55175,3.7214927
109.56336,2.9367696
109.57497,3.0578586
109.58658,3.623452
109.59819,2.4678709
109.6098,5.3342957
109.62141,4.805504
109.63302,4.4910385
109.64463,3.8780162
109.65624,3.5577233
109.66785,3.0452359
109.67946,3.5332472
109.69107,2.7542493
109.70268,3.0782033
109.71429,1.5114227
109.7259,2.6276348
109.73751,2.5228229
109.74912,1.9978027
109.76073,2.1048008
109.77234,2.9182765
109.78395,5.9985057
109.79556,7.3948165
109.80717,7.5889915
109.81878,7.2382053
109.83039,7.8852605
109.842,7.3584583
109.85361,6.9576041
109.86522,6.1125257
109.87683,6.1481676
109.88844,5.3427043
109.90005,5.3179087
109.91166,4.881232
109.92327,4.6314734
109.93488,4.2861982
109.94649,4.4092683
109.9581,3.9836941
109.96971,3.6264545
109.98132,3.6954604
109.99293,3.5662963
110.00454,3.4075333
110.01615,3.2607057
110.02776,3.4565734
110.03937,2.7215082
110.05098,3.2550488
110.06259,4.8917469
110.0742,3.7139237
110.0858,4.6902348
110.09741,2.8785075
110.10902,3.5750301
110.12063,3.1786623
110.13224,2.5260984
110.14385,2.3621361
110.15546,5.8304597
110.16707,6.1799067
110.17868,5.275356
110.19029,8.5421179
110.2019,7.3800965
110.21351,6.5947064
110.22512,4.4098897
110.23673,5.5777676
110.24834,6.3620684
110.25995,6.0771347
110.27156,6.8640307
110.28317,6.1609027
110.29478,5.7394695
110.30639,4.6389851
110.318,4.2912729
110.32961,4.0400677
110.34122,3.5922618
110.35283,3.75699
110.36444,3.6671355
110.37605,4.6361822
110.38766,4.1528107
110.39927,3.9557038
110.41088,3.5284808
110.42249,3.7484209
110.4341,3.477907
110.44571,3.6105633
110.45732,3.9954764
110.46893,3.9835678
110.48054,3.887399
110.49215,3.4361251
110.50376,2.8100005
110.51537,2.3928451
110.52698,2.2760191
110.53859,3.0093372
110.5502,5.0378412
110.56181,4.2459277
110.57342,5.0482542
110.58503,4.2191937
110.59664,3.5925589
110.60825,5.3788562
110.61986,4.8688308
110.63147,4.4349726
110.64308,3.2717382
110.65469,5.0273945
110.6663,3.5706995
110.67791,3.3119523
110.68952,3.8615042
110.70113,4.1794747
110.71274,3.476293
110.72435,3.518566
110.73596,3.600681
110.74757,3.7620721
110.75918,3.7013659
110.77079,3.6051794
110.7824,3.7716163
110.79401,3.4306078
110.80562,3.6302543
110.81723,3.4404188
110.82884,3.0128819
110.84045,5.4289054
110.85206,8.9798149
110.86367,11.771403
110.87528,11.688769
110.88689,10.075933
110.8985,11.423531
110.91011,10.207504
110.92172,11.000596
110.93333,8.5797816
110.94494,9.7040406
110.95655,8.6091766
110.96816,10.235442
110.97977,9.9606194
110.99138,9.0807868
111.00299,9.2324958
111.0146,9.0014603
111.02621,9.1162993
111.03782,9.4536075
111.04943,9.5208656
111.06104,8.7172804
111.07265,8.6596727
111.08426,8.2883987
111.09587,8.0273822
111.10748,8.162588
111.11909,6.9852516
111.1307,7.3185684
111.14231,7.0483777
111.15392,7.474241
111.16553,6.1549684
111.17714,5.1332616
111.18875,8.1401505
111.20036,4.9834291
111.21197,6.7485354
111.22358,4.2090968
111.23519,4.8397081
111.2468,4.1449688
111.25841,3.7526043
111.27002,3.6464131
111.28163,3.9715695
111.29324,3.4398927
111.30485,6.7843901
111.31646,8.2576559
111.32807,9.918317
111.33968,10.425459
111.35129,9.1179912
111.3629,9.4328109
111.37451,10.676254
111.38612,6.414921
111.39773,9.8154927
111.40934,5.83983
111.42095,8.687214
111.43256,5.3353638
111.44417,8.6566936
111.45578,11.752337
111.46739,10.161984
111.479,11.421341
111.49061,9.4466143
111.50222,10.880087
111.51383,9.2675628
111.52544,9.2921126
111.53705,5.5611149
111.54866,12.159425
111.56027,5.571201
111.57188,8.9340212
111.58349,7.0805931
111.5951,9.7227788
111.60671,8.6290274
111.61832,9.6016741
111.62993,9.4303176
111.64154,7.3096132
111.65315,8.668859
111.66476,5.4162447
111.67637,7.0403145
111.68798,5.6719622
111.69959,8.2999191
111.7112,5.3428542
111.72281,6.9991639
111.73442,5.0658936
111.74603,6.2493146
111.75764,5.7230411
111.76925,5.9671403
111.78086,6.7890124
111.79247,5.4251305
111.80408,7.410125
111.81569,4.2467992
111.8273,7.6909026
111.83891,4.2602221
111.85052,7.0924579
111.86213,4.5162424
111.87374,6.8066587
111.88535,9.5738625
111.89696,12.061963
111.90857,14.974171
111.92018,18.37317
111.93179,13.942484
111.9434,14.846953
111.95501,15.782028
111.96662,13.716497
111.97823,11.663099
111.98984,14.543653
112.00145,11.621501
112.01306,11.173285
112.02467,12.432141
112.03628,9.8133782
112.04789,10.160787
112.0595,9.5238903
112.07111,10.106306
112.08272,8.6010884
112.09433,10.560825
112.10594,7.3827813
112.11755,9.7431621
112.12916,8.0653497
112.14077,9.2796593
112.15238,7.5394096
112.16399,8.8445524
112.1756,6.9688583
112.18721,8.450253
112.19882,8.5081583
112.21043,6.3744723
112.22204,8.0285497
112.23365,6.5962704
112.24526,7.9498444
112.25687,7.4887831
112.26848,7.4155835
112.28009,6.5924794
112.2917,7.9482785
112.30331,11.592496
112.31492,13.452615
112.32653,11.398746
112.33814,11.775213
112.34975,10.377903
112.36136,10.164283
112.37297,10.799468
112.38458,9.3325401
112.39619,8.9010823
112.4078,9.7459355
112.41941,6.3859402
112.43102,7.4081487
112.44263,7.8242485
112.45424,6.2537452
112.46585,6.7124439
112.47746,5.772346
112.48907,4.6834331
112.50068,3.9189649
112.51229,3.8559715
112.5239,4.1624294
112.53551,4.2281932
112.54712,4.1654313
112.55873,4.7069038
112.57034,2.8219187
112.58195,3.2926375
112.59356,3.4895316
112.60517,2.8490043
112.61678,2.8058907
112.62839,3.200527
112.64,4.1281662
112.65161,5.4173454
112.66322,10.443548
112.67483,12.883578
112.68644,12.013141
112.69805,11.240206
112.70966,10.699208
112.72127,9.5547155
112.73288,9.4689878
112.74449,9.3584357
112.7561,9.873873
112.76771,9.9309376
112.77932,10.559272
112.79093,13.644475
112.80254,10.105219
112.81415,12.514461
112.82576,9.9386412
112.83737,9.7047977
112.84898,9.4389733
112.86059,7.8784341
112.8722,8.8947157
112.88381,8.4829668
112.89542,8.6678133
112.90703,8.4117124
112.91864,7.6686648
112.93025,7.4391374
112.94186,12.592711
112.95347,12.566128
112.96508,12.346128
112.97669,12.569713
112.9883,9.7494107
112.99991,12.11226
113.01152,9.87415
113.02313,9.2858898
113.03474,10.133054
113.04635,8.0829879
113.05796,8.9903259
113.06957,8.1942011
113.08118,7.9665799
113.09279,7.8101367
113.1044,6.7067848
113.11601,7.7396293
113.12762,7.4494488
113.13923,7.3658764
113.15084,8.0192531
113.16245,7.1375574
113.17406,7.9108273
113.18567,7.0826958
113.19728,7.1308827
113.20889,6.6958657
113.2205,6.1380879
113.23211,5.8058105
113.24372,6.7869078
113.25533,7.9490929
113.26694,8.0296014
113.27855,6.8814697
113.29016,8.3564515
113.30177,6.9968125
113.31338,7.8254013
113.32499,7.2379153
113.3366,7.9492273
113.34821,7.0584585
113.35982,7.1559592
113.37143,12.104172
113.38304,19.252689
113.39465,18.700266
113.40626,19.467635
113.41787,18.782366
113.42948,17.647705
113.44109,15.600454
113.4527,14.888268
113.46431,15.055307
113.47592,14.084215
113.48753,13.825671
113.49914,13.983798
113.51075,12.992507
113.52236,11.984634
113.53397,12.23341
113.54558,12.423118
113.55719,11.6041
113.5688,11.499673
113.58041,11.34732
113.59202,9.9681637
113.60363,9.1366674
113.61524,9.6141326
113.62685,7.8385905
113.63846,9.2828065
113.65007,9.0808749
113.66168,7.3982163
113.67329,7.69268
113.6849,8.0142836
113.69651,7.5207054
113.70812,7.3985459
113.71973,5.9597393
113.73134,6.7777393
113.74295,11.461609
113.75456,13.817522
113.76617,13.987699
113.77778,13.100679
113.78939,13.423536
113.801,12.653481
113.81261,12.341791
113.82422,11.43345
113.83583,11.252832
113.84744,11.112488
113.85905,10.302708
113.87066,10.404449
113.88227,9.6224715
113.89388,10.609891
113.90549,19.184318
113.9171,18.397764
113.92871,19.331626
113.94032,19.624558
113.95193,18.58383
113.96354,16.559408
113.97515,16.276624
113.98676,15.052886
113.99837,14.989717
114.00998,15.447121
114.02159,14.132631
114.0332,13.56343
114.04481,13.325342
114.05642,12.084862
114.06803,12.415292
114.07964,12.535113
114.09125,11.080004
114.10286,12.103808
114.11447,11.506995
114.12608,9.8125282
114.13769,10.974895
114.1493,14.306625
114.16091,12.44321
114.17252,13.80288
114.18413,12.715623
114.19574,12.711372
114.20735,12.065263
114.21896,11.748863
114.23057,11.442948
114.24218,12.361866
114.25379,11.655725
114.2654,10.317395
114.27701,9.7053285
114.28862,9.7982567
114.30023,9.8870062
114.31184,10.446787
114.32345,9.8697603
114.33506,9.585206
114.34667,8.861807
114.35828,8.3156394
114.36989,8.1824416
114.3815,8.4078958
114.39311,7.8356794
114.40472,8.49343
114.41633,8.180995
114.42794,8.2624211
114.43955,11.022275
114.45116,11.528343
114.46277,10.646884
114.47438,9.7057898
114.48599,8.1495087
114.4976,9.3332007
114.50921,9.1327092
114.52082,8.3003362
114.53243,9.7403873
114.54404,15.300662
114.55565,11.668222
114.56726,13.274478
114.57887,11.926453
114.59048,11.36851
114.60209,12.542736
114.6137,11.839139
114.62531,9.017607
114.63692,10.384031
114.64853,11.862687
114.66014,6.6079309
114.67175,10.018055
114.68336,9.2090846
114.69497,6.3158947
114.70658,8.8881499
114.71819,6.2289065
114.7298,6.4027606
114.74141,5.3353427
114.75302,5.3842306
114.76463,5.2564265
114.77624,5.1876688
114.78785,6.2300582
114.79946,5.0806595
114.81107,5.2453525
114.82268,6.8445615
114.83429,6.1110812
114.8459,5.6804423
114.85751,5.0093936
114.86912,4.8155969
114.88073,4.4698501
114.89234,7.5600536
114.90395,8.8186098
114.91556,14.363919
114.92717,13.811003
114.93878,11.912816
114.95039,12.089657
114.962,12.671417
114.97361,12.267982
114.98522,12.273532
114.99683,11.256377
115.00844,10.682849
115.02005,10.992907
115.03166,11.932489
115.04327,12.176189
115.05488,11.785962
115.06649,11.542707
115.0781,10.503776
115.08971,10.519111
115.10132,10.815171
115.11293,11.005532
115.12454,10.453501
115.13615,9.6866698
115.14776,9.2316562
115.15937,9.0420019
115.17098,9.3934344
115.18259,8.7702673
115.1942,8.8320813
115.2058,7.8804461
115.21741,7.2113682
115.22902,7.4516094
115.24063,7.3261963
115.25224,7.883129
115.26385,7.5412625
115.27546,12.444152
115.28707,17.371183
115.29868,18.092824
115.31029,18.100143
115.3219,15.80044
115.33351,15.147416
115.34512,15.488723
115.35673,14.162503
115.36834,14.521914
115.37995,14.136616
115.39156,14.054938
115.40317,12.937823
115.41478,12.77993
115.42639,11.84027
115.438,13.382904
115.44961,13.040101
115.46122,12.865372
115.47283,12.024121
115.48444,11.023979
115.49605,10.547876
115.50766,9.9400003
115.51927,10.154581
115.53088,8.9787492
115.54249,9.07805
115.5541,8.7735267
115.56571,9.1850433
115.57732,9.6293603
115.58893,8.8150619
115.60054,9.6413627
115.61215,8.8238104
115.62376,9.098066
115.63537,8.3202752
115.64698,7.461868
115.65859,8.5698624
115.6702,6.8204183
115.68181,7.5938366
115.69342,6.5436888
115.70503,6.4848766
115.71664,6.2796087
115.72825,6.3539454
115.73986,16.151417
115.75147,16.519403
115.76308,17.616398
115.77469,14.93224
115.7863,16.536724
115.79791,14.506865
115.80952,14.078306
115.82113,14.432581
115.83274,11.253082
115.84435,14.391105
115.85596,12.582086
115.86757,12.77147
115.87918,12.520915
115.89079,10.247224
115.9024,13.223373
115.91401,11.118921
115.92562,12.432082
115.93723,11.000225
115.94884,10.329363
115.96045,11.296149
115.97206,8.106081
115.98367,9.6871134
115.99528,8.2186809
116.00689,8.9904063
116.0185,9.4009058
116.03011,7.5589209
116.04172,8.6306601
116.05333,7.7999338
116.06494,8.206267
116.07655,8.4860569
116.08816,10.263568
116.09977,11.48041
116.11138,13.643277
116.12299,13.233207
116.1346,11.497001
116.14621,9.6706287
116.15782,8.8374117
116.16943,10.53989
116.18104,10.537978
116.19265,14.312669
116.20426,12.633727
116.21587,11.492955
116.22748,11.877023
116.23909,14.222811
116.2507,11.592937
116.26231,12.076607
116.27392,10.229379
116.28553,13.256688
116.29714,11.44401
116.30875,9.5762371
116.32036,11.170951
116.33197,12.145232
116.34358,9.2145073
116.35519,8.7675387
116.3668,8.7978876
116.37841,10.572385
116.39002,10.579829
116.40163,9.4165966
116.41324,9.9935472
116.42485,10.770069
116.43646,10.364982
116.44807,7.8357324
116.45968,10.467427
116.47129,10.155553
116.4829,10.45488
116.49451,8.4856003
116.50612,9.2778732
116.51773,8.6575674
116.52934,9.0397358
116.54095,8.6163941
116.55256,7.5368516
116.56417,8.1135505
116.57578,15.44616
116.58739,19.669954
116.599,15.169047
116.61061,18.969278
116.62222,13.944457
116.63383,17.827269
116.64544,13.357508
116.65705,16.005435
116.66866,12.424429
116.68027,14.437447
116.69188,11.577942
116.70349,11.92104
116.7151,11.492764
116.72671,10.848364
116.73832,12.222327
116.74993,9.6646203
116.76154,11.464209
116.77315,9.6369502
116.78476,11.471631
116.79637,9.4008538
116.80798,10.856111
116.81959,9.1776944
116.8312,10.559396
116.84281,8.202736
116.85442,10.01255
116.86603,9.599635
116.87764,9.8596679
116.88925,9.7610935
116.90086,9.8331601
116.91247,9.099118
116.92408,7.9605023
116.93569,8.368277
116.9473,7.5672066
116.95891,7.7257228
116.97052,6.6442231
116.98213,6.1416189
116.99374,10.002767
117.00535,14.48684
117.01696,14.707787
117.02857,14.210154
117.04018,14.301864
117.05179,13.595773
117.0634,13.77682
117.07501,12.900225
117.08662,11.394804
117.09823,10.349498
117.10984,12.032704
117.12145,11.462872
117.13306,9.178918
117.14467,10.311919
117.15628,11.245914
117.16789,10.644463
117.1795,10.604763
117.19111,11.205159
117.20272,10.476421
117.21433,10.742409
117.22594,10.921904
117.23755,10.587325
117.24916,9.791609
117.26077,11.172063
117.27238,11.539657
117.28399,9.8239792
117.2956,10.045968
117.30721,9.8304602
117.31882,9.3937415
117.33043,9.338582
117.34204,9.6635177
117.35365,8.8566045
117.36526,8.9728286
117.37687,9.3669716
117.38848,7.5899094
117.40009,7.4617562
117.4117,7.6088858
117.42331,7.5949202
117.43492,6.6293651
117.44653,6.6557455
117.45814,6.6980401
117.46975,6.1777757
117.48136,6.5831141
117.49297,5.742262
117.50458,5.3737618
117.51619,6.0233419
117.5278,7.6622723
117.53941,13.159252
117.55102,15.709464
117.56263,15.165526
117.57424,15.324694
117.58585,16.233458
117.59746,13.536829
117.60907,14.768657
117.62068,13.901858
117.63229,12.854802
117.6439,13.955141
117.65551,13.217637
117.66712,13.236224
117.67873,13.452534
117.69034,11.673497
117.70195,16.582429
117.71356,19.730713
117.72517,17.278775
117.73678,18.064429
117.74839,15.698856
117.76,15.572006
117.77161,13.313231
117.78322,10.808482
117.79483,11.582168
117.80644,11.439063
117.81805,11.35352
117.82966,10.71145
117.84127,9.8591437
117.85288,9.7046889
117.86449,11.846694
117.8761,10.165119
117.88771,9.64248
117.89932,10.588075
117.91093,9.504242
117.92254,10.384097
117.93415,10.004099
117.94576,7.6191983
117.95737,9.1819974
117.96898,9.94217
117.98059,8.3836008
117.9922,9.10109
118.00381,8.8515722
118.01542,9.1549475
118.02703,10.81003
118.03864,9.3731883
118.05025,8.4286317
118.06186,9.7931125
118.07347,9.057704
118.08508,9.9205088
118.09669,9.5465754
118.1083,8.2751238
118.11991,8.4867083
118.13152,9.1709123
118.14313,8.1291644
118.15474,7.8192869
118.16635,7.8300192
118.17796,6.7154049
118.18957,6.9536607
118.20118,6.8719733
118.21279,6.3100191
118.2244,5.0173724
118.23601,5.7885991
118.24762,4.1086159
118.25923,4.4107354
118.27084,3.9170709
118.28245,3.4512831
118.29406,3.2476347
118.30567,2.9627254
118.31728,3.5171603
118.32889,3.1375247
118.3405,3.2940821
118.35211,5.8221916
118.36372,5.9796371
118.37533,6.4219706
118.38694,5.2645234
118.39855,5.3169493
118.41016,5.3120947
118.42177,5.3066386
118.43338,6.0127751
118.44499,5.509055
118.4566,5.5056867
118.46821,4.8757709
118.47982,5.2306783
118.49143,5.5677651
118.50304,5.8166215
118.51465,4.4880167
118.52626,5.1521444
118.53787,5.0427553
118.54948,5.6991888
118.56109,5.8497561
118.5727,4.1377091
118.58431,4.8845069
118.59592,5.401856
118.60753,4.7199668
118.61914,6.1179755
118.63075,7.3466539
118.64236,9.9031338
118.65397,12.666036
118.66558,12.838593
118.67719,12.270305
118.6888,12.462358
118.70041,11.124862
118.71202,9.742363
118.72363,10.814115
118.73524,10.113355
118.74685,10.229099
118.75846,9.3557697
118.77007,10.214293
118.78168,10.132156
118.79329,9.9110753
118.8049,8.4863642
118.81651,8.5953817
118.82812,8.0111042
118.83973,7.0212241
118.85134,7.4155821
118.86295,7.612234
118.87456,7.6891849
118.88617,7.2929493
118.89778,7.1418214
118.90939,6.0840794
118.921,5.9572678
118.93261,5.5891375
118.94422,5.6433373
118.95583,5.6674099
118.96744,5.888723
118.97905,5.6259466
118.99066,5.8664244
119.00227,5.9743891
119.01388,4.9883424
119.02549,4.889698
119.0371,4.7743639
119.04871,5.3950133
119.06032,5.0409059
119.07193,5.2149265
119.08354,4.4114411
119.09515,4.6704768
119.10676,4.5529673
119.11837,5.2143648
119.12998,4.2411179
119.14159,4.246833
119.1532,3.9458097
119.16481,4.050053
119.17642,4.0887309
119.18803,4.3842273
119.19964,4.1300967
119.21125,16.936194
119.22286,19.361951
119.23447,18.893518
119.24608,19.196895
119.25769,17.443161
119.2693,16.516216
119.28091,15.190436
119.29252,14.501666
119.30413,14.256202
119.31574,13.603239
119.32735,13.439117
119.33896,12.676828
119.35057,12.072277
119.36218,11.394069
119.37379,10.766475
119.3854,10.503286
119.39701,10.082216
119.40862,9.9943903
119.42023,9.1400681
119.43184,8.3152473
119.44345,8.235996
119.45506,7.4166491
119.46667,7.0982889
119.47828,7.2439935
119.48989,6.8118329
119.5015,6.1716198
119.51311,6.0432605
119.52472,5.8265795
119.53633,5.4707341
119.54794,5.6143565
119.55955,5.7283089
119.57116,7.3611661
119.58277,8.844193
119.59438,12.764874
119.60599,10.506938
119.6176,12.191882
119.62921,10.050166
119.64082,11.518693
119.65243,9.0837673
119.66404,9.8579088
119.67565,8.8991352
119.68726,9.3250503
119.69887,7.9306083
119.71048,5.9773826
119.72209,7.0032263
119.7337,9.4668645
119.74531,6.8988729
119.75692,7.005209
119.76853,6.4908883
119.78014,7.3825762
119.79175,7.0643139
119.80336,6.2222826
119.81497,5.867308
119.82658,6.9469909
119.83819,6.3259561
119.8498,6.3256512
119.86141,5.4076262
119.87302,5.1175284
119.88463,5.4608363
119.89624,5.0801961
119.90785,4.0888671
119.91946,4.2047833
119.93107,2.7758142
119.94268,3.8739791
119.95429,4.0974403
119.9659,4.7527449
119.97751,3.1269102
119.98912,3.7277454
120.00073,3.5689744
120.01234,4.4391587
120.02395,3.8747755
120.03556,3.7869793
120.04717,2.769395
120.05878,3.6827953
120.07039,3.4431845
120.082,3.1724811
120.09361,2.6645025
120.10522,2.613298
120.11683,2.2564929
120.12844,2.5390088
120.14005,2.1248252
120.15166,2.0606826
120.16327,2.0134678
120.17488,2.6519853
120.18649,2.1657976
120.1981,2.5134291
120.20971,1.9996848
120.22132,2.6162545
120.23293,1.9918707
120.24454,4.5048786
120.25615,8.0181209
120.26776,8.231527
120.27937,7.306306
120.29098,9.0359349
120.30259,7.7515138
120.3142,7.3896001
120.3258,8.3128837
120.33741,6.2200688
120.34902,6.543022
120.36063,5.7371096
120.37224,5.5718144
120.38385,5.1288662
120.39546,4.250392
120.40707,5.0785652
120.41868,7.0161365
120.43029,6.9025164
120.4419,8.8983281
120.45351,7.3586649
120.46512,7.7080925
120.47673,7.3266014
120.48834,6.6251262
120.49995,6.7808576
120.51156,6.4793277
120.52317,5.8911801
120.53478,5.8288851
120.54639,6.105699
120.558,6.1324826
120.56961,6.0251775
120.58122,5.7553921
120.59283,5.6840241
120.60444,5.5427839
120.61605,5.4338598
120.62766,5.5735226
120.63927,5.8575496
120.65088,5.6107856
120.66249,5.2591722
120.6741,4.9308882
120.68571,4.5280606
120.69732,4.6028738
120.70893,4.458566
120.72054,4.3723652
120.73215,4.3773495
120.74376,3.9485727
120.75537,3.9955809
120.76698,3.6003162
120.77859,3.5790106
120.7902,3.5930505
120.80181,3.4949504
120.81342,3.54105
120.82503,3.165041
120.83664,3.1969458
120.84825,3.2259975
120.85986,3.0171482
120.87147,3.0056274
120.88308,2.7983076
120.89469,2.5549424
120.9063,2.7776424
120.91791,2.7089198
120.92952,2.7698244
120.94113,2.6714486
120.95274,2.4997972
120.96435,2.4535579
120.97596,2.096178
120.98757,2.1708582
120.99918,2.3791277
121.01079,2.2595529
121.0224,2.3246064
121.03401,2.2562825
121.04562,2.0593855
121.05723,1.9278461
121.06884,1.8072646
121.08045,1.8784029
121.09206,1.6422859
121.10367,1.8489582
121.11528,2.1352435
121.12689,1.7635097
121.1385,2.9055811
121.15011,3.2687274
121.16172,2.6932807
121.17333,3.2203071
121.18494,3.0498364
121.19655,3.8366496
121.20816,3.1861823
121.21977,2.4623598
121.23138,2.237567
121.24299,2.1772737
121.2546,2.3495224
121.26621,2.1858474
121.27782,1.7145534
121.28943,1.5984519
121.30104,1.579696
121.31265,1.3229328
121.32426,1.3301634
121.33587,1.5218458
121.34748,1.3899277
121.35909,0.92353835
121.3707,1.3706602
121.38231,1.0037786
121.39392,1.0002036
121.40553,0.77595802
121.41714,1.3605746
121.42875,0.94715181
121.44036,3.1174646
121.45197,4.1791402
121.46358,4.9942882
121.47519,4.0647248
121.4868,3.3566941
121.49841,3.707423
121.51002,4.7492954
121.52163,4.0175573
121.53324,4.8904566
121.54485,4.6120688
121.55646,4.716755
121.56807,3.8023177
121.57968,3.9114862
121.59129,4.1279026
121.6029,3.6389319
121.61451,3.3801278
121.62612,2.5417923
121.63773,4.2951619
121.64934,2.6685784
121.66095,3.362271
121.67256,2.2916384
121.68417,3.8051068
121.69578,2.4713758
121.70739,2.7364199
121.719,2.9383663
121.73061,2.9634462
121.74222,3.3784075
121.75383,2.5837542
121.76544,3.3604584
121.77705,1.8667794
121.78866,3.3613475
121.80027,1.7223623
121.81188,2.6423342
121.82349,1.9204455
121.8351,2.2312781
121.84671,2.3699493
121.85832,1.9883981
121.86993,2.5929023
121.88154,1.7330893
121.89315,2.1824765
121.90476,1.7612298
121.91637,2.3427876
121.92798,1.848376
121.93959,2.5374731
121.9512,3.2338186
121.96281,3.8792527
121.97442,3.7974067
121.98603,3.5651951
121.99764,4.1706631
122.00925,4.0114691
122.02086,3.2222781
122.03247,4.2933958
122.04408,3.9083207
122.05569,4.2358092
122.0673,3.9604734
122.07891,3.2312695
122.09052,3.19929
122.10213,2.9271707
122.11374,2.8618204
122.12535,2.6236703
122.13696,2.4804849
122.14857,2.8586647
122.16018,2.513725
122.17179,2.41698
122.1834,2.7450453
122.19501,2.3492108
122.20662,2.608705
122.21823,2.7311786
122.22984,2.0522732
122.24145,2.5566117
122.25306,2.2180472
122.26467,2.2076898
122.27628,2.1873468
122.28789,2.0654882
122.2995,2.1060346
122.31111,2.1490445
122.32272,1.9605513
122.33433,2.1993441
122.34594,1.9710184
122.35755,2.1444796
122.36916,1.9830862
122.38077,1.8687196
122.39238,1.9196242
122.40399,1.6803232
122.4156,2.4410925
122.42721,1.9550077
122.43882,2.1259193
122.45043,2.6006339
122.46204,1.5547697
122.47365,2.6637577
122.48526,1.285782
122.49687,2.5156514
122.50848,1.3948399
122.52009,2.0693758
122.5317,1.5037403
122.54331,1.9242934
122.55492,1.3273989
122.56653,2.1061043
122.57814,1.5973763
122.58975,1.9544629
122.60136,2.0445066
122.61297,1.5550899
122.62458,2.3287135
122.63619,1.2310177
122.6478,1.9878517
122.65941,1.4540586
122.67102,1.8014778
122.68263,1.2230801
122.69424,1.644035
122.70585,1.3868682
122.71746,1.8236545
122.72907,1.6084993
122.74068,1.8145359
122.75229,1.7687451
122.7639,1.5167186
122.77551,2.0116477
122.78712,1.56661
122.79873,1.8504503
122.81034,1.1463207
122.82195,1.5254381
122.83356,2.2756554
122.84517,4.5608033
122.85678,4.7891123
122.86839,4.2736064
122.88,3.8506148
122.89161,3.2019804
122.90322,2.9643867
122.91483,3.8482701
122.92644,2.7698731
122.93805,2.0214584
122.94966,2.1840539
122.96127,2.6975546
122.97288,2.3405745
122.98449,4.5783817
122.9961,3.9193642
123.00771,3.6513972
123.01932,3.6929938
123.03093,4.4408458
123.04254,3.2734359
123.05415,3.6159254
123.06576,3.0291814
123.07737,3.1720597
123.08898,3.1786176
123.10059,2.6663537
123.1122,3.1322259
123.12381,1.9292769
123.13542,2.9538195
123.14703,2.2763358
123.15864,2.9047737
123.17025,2.6071234
123.18186,3.168804
123.19347,2.2108665
123.20508,2.9982843
123.21669,1.9321786
123.2283,2.9819552
123.23991,1.7592783
123.25152,2.900424
123.26313,2.0287997
123.27474,2.8330778
123.28635,1.9172706
123.29796,2.4091284
123.30957,2.0311844
123.32118,2.3676507
123.33279,2.062285
123.3444,2.1644274
123.35601,2.2492235
123.36762,1.9916665
123.37923,2.3704687
123.39084,1.7129012
123.40245,2.4276938
123.41406,1.6068574
123.42567,2.4622046
123.43728,1.5132609
123.44889,2.3948176
123.4605,1.7656826
123.47211,2.3822967
123.48372,1.519373
123.49533,2.2965217
123.50694,1.6994298
123.51855,2.5145738
123.53016,1.8570562
123.54177,2.2598031
123.55338,2.0817542
123.56499,1.879245
123.5766,1.814141
123.58821,1.9036217
123.59982,1.8776328
123.61143,3.4375608
123.62304,3.6076878
123.63465,6.0074902
123.64626,7.12156
123.65787,6.9445881
123.66948,6.8937101
123.68109,6.9369101
123.6927,5.9795206
123.70431,6.3658371
123.71592,5.5130514
123.72753,6.1888377
123.73914,5.9023371
123.75075,5.9699361
123.76236,5.9268042
123.77397,5.6802539
123.78558,5.9915183
123.79719,6.0261529
123.8088,5.7849996
123.82041,5.4092496
123.83202,5.4715769
123.84363,5.4714557
123.85524,5.1391859
123.86685,5.051289
123.87846,4.5815776
123.89007,4.3709318
123.90168,4.309982
123.91329,4.275346
123.9249,4.4323746
123.93651,4.1637058
123.94812,4.3148359
123.95973,4.007633
123.97134,3.9000592
123.98295,3.8838561
123.99456,3.7491341
124.00617,3.6443946
124.01778,3.4682853
124.02939,3.3384303
124.041,3.2763383
124.05261,3.0384126
124.06422,2.9934929
124.07583,2.6090857
124.08744,2.6438354
124.09905,2.4790215
124.11066,2.5511342
124.12227,2.4852125
124.13388,2.4498735
124.14549,2.2608994
124.1571,2.5292924
124.16871,2.6551071
124.18032,2.2604506
124.19193,1.9516668
124.20354,2.7482884
124.21515,2.176127
124.22676,2.3151754
124.23837,2.3680017
124.24998,1.8649794
124.26159,1.6424842
124.2732,2.2821632
124.28481,1.990232
124.29642,1.8419455
124.30803,1.7716252
124.31964,1.9038113
124.33125,1.6844641
124.34286,1.9403509
124.35447,2.0487541
124.36608,1.8779419
124.37769,1.5862536
124.3893,1.7534532
124.40091,1.8864743
124.41252,1.9481115
124.42413,1.8167848
124.43574,1.7284394
124.44735,1.7298616
124.45896,1.5276931
124.47057,1.7152252
124.48218,1.8893494
124.49379,1.8533295
124.5054,1.2105051
124.51701,1.3498147
124.52862,1.746955
124.54023,1.7614177
124.55184,1.3470976
124.56345,1.4268842
124.57506,1.4434265
124.58667,1.2913989
124.59828,1.2353508
124.60989,1.5389489
124.6215,1.3253741
124.63311,1.0589392
124.64472,1.1423481
124.65633,1.4283787
124.66794,1.3946128
124.67955,1.0067279
124.69116,3.1225055
124.70277,5.2834873
124.71438,4.3042713
124.72599,4.6357784
124.7376,4.6286798
124.74921,4.9233639
124.76082,4.8700018
124.77243,4.9221222
124.78404,4.4870341
124.79565,4.289872
124.80726,4.1270211
124.81887,3.9636141
124.83048,3.90817
124.84209,3.6367226
124.8537,3.7970338
124.86531,3.7380912
124.87692,3.2900904
124.88853,3.2629542
124.90014,3.0862719
124.91175,3.1751056
124.92336,3.1274095
124.93497,5.8953846
124.94658,4.9748436
124.95819,8.7949864
124.9698,10.10055
124.98141,8.3515411
124.99302,7.99239
125.00463,7.5440009
125.01624,8.8750068
125.02785,8.5390417
125.03946,7.7824091
125.05107,7.0376607
125.06268,7.6836056
125.07429,8.2278974
125.0859,8.1884437
125.09751,7.9211057
125.10912,7.119167
125.12073,7.0313185
125.13234,7.0493219
125.14395,8.8968485
125.15556,8.9817697
125.16717,7.280804
125.17878,5.4467724
125.19039,4.6352839
125.202,5.2886897
125.21361,6.024359
125.22522,4.667624
125.23683,4.039842
125.24844,3.8577235
125.26005,4.84353
125.27166,3.854719
125.28327,3.9634834
125.29488,3.3386316
125.30649,3.4773114
125.3181,3.6762626
125.32971,3.4352309
125.34132,4.3084342
125.35293,5.277622
125.36454,10.058144
125.37615,10.008375
125.38776,9.1330947
125.39937,7.6581462
125.41098,8.5702231
125.42259,8.7027258
125.4342,9.242952
125.4458,7.2981856
125.45741,6.8122973
125.46902,7.5973356
125.48063,8.5115185
125.49224,8.0332903
125.50385,6.8066267
125.51546,6.6712413
125.52707,7.043988
125.53868,7.1972543
125.55029,6.6719275
125.5619,6.9814947
125.57351,6.3660915
125.58512,6.1952851
125.59673,5.8708102
125.60834,5.8027784
125.61995,5.2688736
125.63156,5.4911986
125.64317,4.9375262
125.65478,5.3909747
125.66639,4.9280553
125.678,5.4311045
125.68961,4.4582229
125.70122,4.8184449
125.71283,4.1598203
125.72444,4.465494
125.73605,3.7530271
125.74766,4.0701089
125.75927,3.4422948
125.77088,3.8895776
125.78249,4.2908354
125.7941,4.4662518
125.80571,4.6365506
125.81732,4.3385344
125.82893,3.5474589
125.84054,2.8632485
125.85215,2.4957075
125.86376,2.5840803
125.87537,4.831192
125.88698,3.9380056
125.89859,7.7831399
125.9102,7.4435113
125.92181,7.0507431
125.93342,6.3988225
125.94503,6.9844972
125.95664,6.8969581
125.96825,7.2965806
125.97986,5.3450007
125.99147,5.6169824
126.00308,6.3931828
126.01469,6.9446982
126.0263,6.2389903
126.03791,5.8482139
126.04952,5.458131
126.06113,5.653214
126.07274,5.5595839
126.08435,5.6168208
126.09596,5.4026094
126.10757,5.1513923
126.11918,4.8142197
126.13079,5.1002023
126.1424,4.3491773
126.15401,4.4787256
126.16562,3.9575406
126.17723,3.9823907
126.18884,3.9847956
126.20045,4.0818365
126.21206,4.1064066
126.22367,3.9552605
126.23528,3.5629381
126.24689,3.585046
126.2585,3.3767129
126.27011,3.385011
126.28172,3.0336225
126.29333,3.0058927
126.30494,2.9912219
126.31655,2.7660381
126.32816,3.0806831
126.33977,2.6937739
126.35138,3.3207447
126.36299,3.6136939
126.3746,2.521998
126.38621,3.6403985
126.39782,2.7523501
126.40943,2.5959375
126.42104,2.9755908
126.43265,2.0126228
126.44426,2.9611041
126.45587,2.4264378
126.46748,2.255895
126.47909,2.8162364
126.4907,2.2732317
126.50231,2.8410927
126.51392,2.4177753
126.52553,2.3820721
126.53714,2.6363631
126.54875,1.8557802
126.56036,2.5757168
126.57197,2.0207465
126.58358,2.0795173
126.59519,2.4513861
126.6068,1.7583129
126.61841,1.9286646
126.63002,1.9151695
126.64163,1.7920317
126.65324,2.4236377
126.66485,2.3365078
126.67646,1.7109733
126.68807,1.8162481
126.69968,2.3261464
126.71129,2.2793579
126.7229,2.3148749
126.73451,2.5299984
126.74612,2.0522805
126.75773,1.9791563
126.76934,2.5538379
126.78095,3.5641821
126.79256,4.2279304
126.80417,4.3052236
126.81578,4.8583329
126.82739,5.2268635
126.839,4.6252518
126.85061,4.8587274
126.86222,4.9715163
126.87383,4.4870543
126.88544,4.8516805
126.89705,4.2771451
126.90866,4.4715414
126.92027,5.5115659
126.93188,4.6190321
126.94349,4.0914417
126.9551,6.169892
126.96671,3.6986957
126.97832,3.8869566
126.98993,5.089604
127.00154,4.4703001
127.01315,4.8516605
127.02476,3.7274863
127.03637,3.7988665
127.04798,4.3370104
127.05959,3.2261356
127.0712,4.30348
127.08281,3.7438749
127.09442,3.4483768
127.10603,4.3619094
127.11764,3.537276
127.12925,4.2762131
127.14086,3.6814628
127.15247,3.6250648
127.16408,4.0130765
127.17569,3.4246683
127.1873,3.4410869
127.19891,3.1241603
127.21052,3.1247026
127.22213,3.4268167
127.23374,2.7934968
127.24535,2.6029157
127.25696,3.0048373
127.26857,3.0660064
127.28018,3.0318226
127.29179,2.9136614
127.3034,3.1116188
127.31501,3.0408491
127.32662,2.6757179
127.33823,3.2006021
127.34984,3.314168
127.36145,2.7615988
127.37306,2.6281183
127.38467,2.9802997
127.39628,2.8368818
127.40789,2.4330816
127.4195,2.541613
127.43111,2.5499283
127.44272,2.1995957
127.45433,2.6921684
127.46594,2.8575195
127.47755,2.5064866
127.48916,2.4235039
127.50077,2.8959291
127.51238,3.1351857
127.52399,3.4859519
127.5356,2.2903474
127.54721,3.1506891
127.55882,2.5115151
127.57043,1.9253078
127.58204,2.8856435
127.59365,2.8133416
127.60526,2.4237765
127.61687,2.2727681
127.62848,2.3369608
127.64009,2.8933109
127.6517,2.3386991
127.66331,2.5732264
127.67492,2.1036049
127.68653,1.9138886
127.69814,2.9374151
127.70975,3.1567589
127.72136,2.792543
127.73297,2.3991919
127.74458,3.2037467
127.75619,3.5776088
127.7678,3.590821
127.77941,3.705921
127.79102,3.4160893
127.80263,3.4443274
127.81424,3.5011612
127.82585,3.3647599
127.83746,3.3849443
127.84907,2.7481549
127.86068,2.9341267
127.87229,2.9021702
127.8839,2.4253769
127.89551,2.6668547
127.90712,2.6123065
127.91873,2.8436246
127.93034,2.8423465
127.94195,2.9924857
127.95356,2.8686304
127.96517,2.7409427
127.97678,2.6630254
127.98839,2.7188466
128,2.3658617
128.01161,2.6013459
128.02322,2.4858697
128.03483,2.1296061
128.04644,2.2815499
128.05805,2.0548753
128.06966,1.9538424
128.08127,2.0742782
128.09288,2.0222514
128.10449,2.2194774
128.1161,1.9074893
128.12771,2.3175866
128.13932,1.8231538
128.15093,2.0048101
128.16254,1.8679469
128.17415,2.6069239
128.18576,3.0901495
128.19737,2.6651846
128.20898,2.6346367
128.22059,2.873824
128.2322,3.5159536
128.24381,3.6201409
128.25542,3.3948702
128.26703,3.2403708
128.27864,3.330244
128.29025,3.1624683
128.30186,3.3322987
128.31347,3.0155889
128.32508,3.0724771
128.33669,2.9847137
128.3483,2.8111152
128.35991,2.7371828
128.37152,2.3202239
128.38313,2.2380329
128.39474,2.3291002
128.40635,2.4554981
128.41796,2.58894
128.42957,2.5065033
128.44118,2.2753448
128.45279,2.4562872
128.4644,2.2663676
128.47601,2.309428
128.48762,2.4453443
128.49923,2.3760761
128.51084,2.306952
128.52245,1.9596672
128.53406,1.9642414
128.54567,2.2297454
128.55728,2.1664313
128.56889,2.038889
128.5805,1.6630056
128.59211,1.6037041
128.60372,1.9527208
128.61533,1.4715675
128.62694,2.0055228
128.63855,1.9498955
128.65016,1.3040001
128.66177,1.1713533
128.67338,1.5240274
128.68499,1.7258596
128.6966,2.4886241
128.70821,2.48104
128.71982,2.2997781
128.73143,2.2502591
128.74304,2.7769572
128.75465,2.6093016
128.76626,2.645836
128.77787,2.4444694
128.78948,2.4131833
128.80109,2.3155745
128.8127,2.2380886
128.82431,2.1237037
128.83592,2.1911671
128.84753,1.8638933
128.85914,1.9986075
128.87075,2.1305803
128.88236,2.1843775
128.89397,2.0276259
128.90558,1.8535294
128.91719,1.8937489
128.9288,1.894631
128.94041,1.8374034
128.95202,1.7162903
128.96363,1.8061728
128.97524,1.7841914
128.98685,1.5295493
128.99846,1.6706791
129.01007,1.9502657
129.02168,1.8861331
129.03329,1.794847
129.0449,1.6997411
129.05651,1.6949062
129.06812,1.752317
129.07973,1.5453196
129.09134,1.5068559
129.10295,1.5404633
129.11456,1.3884483
129.12617,1.3705199
129.13778,1.3489462
129.14939,1.4336323
129.161,1.4011265
129.17261,1.3529138
129.18422,1.4936795
129.19583,1.3958785
129.20744,1.3151866
129.21905,1.3452863
129.23066,1.3224313
129.24227,1.2845207
129.25388,1.2028161
129.26549,1.2234422
129.2771,1.2157693
129.28871,1.1018505
129.30032,1.6590404
129.31193,1.7819674
129.32354,1.8727021
129.33515,2.0089688
129.34676,1.3813618
129.35837,1.437697
129.36998,1.2853863
129.38159,1.413987
129.3932,1.5484416
129.40481,1.3016077
129.41642,1.4933608
129.42803,1.7116193
129.43964,1.542774
129.45125,1.4076747
129.46286,1.1906155
129.47447,1.2492266
129.48608,1.4226159
129.49769,1.5168922
129.5093,1.2960672
129.52091,1.1208038
129.53252,1.1143911
129.54413,1.5765776
129.55574,1.3086733
129.56735,1.292923
129.57896,1.192882
129.59057,1.2519696
129.60218,1.4757827
129.61379,1.0143521
129.6254,1.052988
129.63701,1.1010923
129.64862,1.0395139
129.66023,1.1352538
129.67184,0.87943893
129.68345,0.99696589
129.69506,1.1678085
129.70667,0.9528254
129.71828,1.0925183
129.72989,0.90767657
129.7415,1.0072261
129.75311,1.1483477
129.76472,0.95104959
129.77633,0.98254404
129.78794,0.86444784
129.79955,0.86481799
129.81116,0.97851375
129.82277,0.95727465
129.83438,0.96081515
129.84599,1.5518922
129.8576,1.8693093
129.86921,2.987165
129.88082,2.8922634
129.89243,2.3121705
129.90404,2.3390729
129.91565,3.2792412
129.92726,2.2440574
129.93887,1.7343581
129.95048,1.9271105
129.96209,2.4200787
129.9737,1.4772587
129.98531,2.0708502
129.99692,1.8607136
130.00853,1.6464403
130.02014,1.9831897
130.03175,2.7923223
130.04336,1.8507194
130.05497,1.7552967
130.06658,2.3967657
130.07819,2.4227042
130.0898,1.6005095
130.10141,1.7172409
130.11302,1.7022215
130.12463,1.5232476
130.13624,1.7650227
130.14785,1.8224055
130.15946,1.1098387
130.17107,1.5234105
130.18268,2.0406367
130.19429,1.8518813
130.2059,1.5004188
130.21751,1.8158611
130.22912,1.981125
130.24073,1.6850552
130.25234,1.7010191
130.26395,1.6389157
130.27556,1.37692
130.28717,1.6082262
130.29878,1.7589558
130.31039,0.87505515
130.322,0.89630604
130.33361,1.5849392
130.34522,1.442148
130.35683,1.2138831
130.36844,1.2230246
130.38005,1.3234915
130.39166,1.0822551
130.40327,1.6262008
130.41488,1.259461
130.42649,0.68533009
130.4381,0.73809219
130.44971,1.5183428
130.46132,0.88543647
130.47293,0.93903842
130.48454,0.502808
130.49615,1.1512424
130.50776,0.78550204
130.51937,1.3181661
130.53098,0.71572876
130.54259,0.62240734
130.5542,0.91111617
130.5658,1.2877571
130.57741,0.82501896
130.58902,1.1783791
130.60063,1.8581368
130.61224,2.4236938
130.62385,1.9588183
130.63546,2.5035215
130.64707,1.7719271
130.65868,2.2829544
130.67029,2.2632413
130.6819,1.8004296
130.69351,2.3479774
130.70512,2.3843219
130.71673,1.8225729
130.72834,2.5455596
130.73995,2.049245
130.75156,1.6783888
130.76317,2.521386
130.77478,1.1830629
130.78639,2.2627159
130.798,1.8516629
130.80961,1.0269281
130.82122,1.6558451
130.83283,2.2110487
130.84444,2.2346927
130.85605,2.6980875
130.86766,2.5797253
130.87927,2.4641881
130.89088,3.0526365
130.90249,2.150228
130.9141,2.8523891
130.92571,2.5730827
130.93732,2.0620009
130.94893,2.3760918
130.96054,2.6015401
130.97215,2.0298845
130.98376,1.755806
130.99537,2.2477925
131.00698,1.9049486
131.01859,0.99998012
131.0302,1.921603
131.04181,1.1407317
131.05342,0.70026087
131.06503,1.7352946
131.07664,0.9591848
131.08825,0.94680054
131.09986,1.1030442
131.11147,0.91845063
131.12308,0.93081939
131.13469,0.90420407
131.1463,0.94069679
131.15791,0.99645414
131.16952,0.79027605
131.18113,1.1322177
131.19274,1.0816668
131.20435,0.97219784
131.21596,1.0251588
131.22757,1.1637226
131.23918,1.2921265
131.25079,2.4842714
131.2624,2.0438998
131.27401,2.1975725
131.28562,1.8637834
131.29723,2.4023262
131.30884,2.3273342
131.32045,1.8901636
131.33206,1.9124831
131.34367,2.9378941
131.35528,2.9509918
131.36689,2.1709601
131.3785,2.6594252
131.39011,2.6070691
131.40172,3.2860641
131.41333,2.9730845
131.42494,1.7968798
131.43655,2.9209211
131.44816,2.660081
131.45977,1.9721388
131.47138,2.3015022
131.48299,2.6613632
131.4946,2.0930958
131.50621,2.52299
131.51782,2.5651232
131.52943,1.9340544
131.54104,1.8389749
131.55265,2.4648181
131.56426,1.8169861
131.57587,2.0658813
131.58748,2.5476361
131.59909,1.2889714
131.6107,1.7039629
131.62231,2.1337488
131.63392,1.083113
131.64553,1.8154015
131.65714,1.7541537
131.66875,1.6908242
131.68036,1.9398185
131.69197,1.4189173
131.70358,1.2991497
131.71519,1.4118753
131.7268,1.5023063
131.73841,1.3002853
131.75002,1.1818694
131.76163,1.6572355
131.77324,1.2616995
131.78485,1.3043198
131.79646,1.8413649
131.80807,0.99383102
131.81968,1.2853583
131.83129,2.119272
131.8429,1.697581
131.85451,1.4444618
131.86612,1.6546369
131.87773,1.9945592
131.88934,2.3989505
131.90095,1.9164123
131.91256,1.6779623
131.92417,1.9290103
131.93578,1.0848193
131.94739,1.6043979
131.959,1.7332264
131.97061,2.9385562
131.98222,2.0564993
131.99383,1.9361468
132.00544,2.7365165
132.01705,2.3734711
132.02866,1.9174419
132.04027,2.3061745
132.05188,2.1439114
132.06349,1.7185263
132.0751,2.0435848
132.08671,2.1783656
132.09832,1.3818917
132.10993,2.1860934
132.12154,2.0550919
132.13315,0.94781456
132.14476,2.1265313
132.15637,1.9293087
132.16798,1.3349885
132.17959,2.1333028
132.1912,1.5461878
132.20281,1.2053684
132.21442,1.8091634
132.22603,1.3682963
132.23764,1.5016341
132.24925,1.2462809
132.26086,1.2088155
132.27247,1.4686242
132.28408,1.0105228
132.29569,1.637446
132.3073,0.91377845
132.31891,0.8893879
132.33052,1.4853096
132.34213,0.73444482
132.35374,1.1937594
132.36535,1.1543406
132.37696,0.71225915
132.38857,1.4342915
132.40018,0.73443379
132.41179,1.210706
132.4234,1.1331472
132.43501,0.84076308
132.44662,1.3513984
132.45823,0.65481533
132.46984,1.0797546
132.48145,1.1306767
132.49306,0.59973422
132.50467,1.4252118
132.51628,0.72736527
132.52789,0.84248026
132.5395,1.5023709
132.55111,1.1732526
132.56272,1.4881587
132.57433,1.0502962
132.58594,1.1158512
132.59755,1.4826945
132.60916,0.86241233
132.62077,1.1334881
132.63238,0.94391335
132.64399,0.98452727
132.6556,1.4057849
132.66721,0.98752022
132.67882,1.2203108
132.69043,1.3154156
132.70204,1.0495104
132.71365,1.4279554
132.72526,1.5829872
132.73687,1.15858
132.74848,2.089566
132.76009,1.5102839
132.7717,1.52035
132.78331,2.1273285
132.79492,1.6113096
132.80653,1.8803927
132.81814,1.7223749
132.82975,1.4249331
132.84136,1.8281421
132.85297,1.7817556
132.86458,1.4489122
132.87619,1.6652947
132.8878,1.3395542
132.89941,1.1941365
132.91102,1.7732948
132.92263,1.1813033
132.93424,1.4027655
132.94585,1.6447627
132.95746,0.77330189
132.96907,1.7207976
132.98068,1.0869082
132.99229,1.0708764
133.0039,1.3398912
133.01551,0.85325957
133.02712,1.4184495
133.03873,1.4151126
133.05034,0.9523499
133.06195,1.3977211
133.07356,0.74618933
133.08517,1.2068254
133.09678,1.2155885
133.10839,1.1771689
133.12,1.0911114
133.13161,0.92694858
133.14322,1.0587272
133.15483,0.85616251
133.16644,1.0622288
133.17805,0.71982109
133.18966,0.91806024
133.20127,0.94691996
133.21288,0.60025412
133.22449,1.0033786
133.2361,1.4631696
133.24771,1.6940723
133.25932,1.4518771
133.27093,1.5506332
133.28254,1.4871933
133.29415,1.7043636
133.30576,1.7711718
133.31737,1.5611681
133.32898,1.5503251
133.34059,1.8669587
133.3522,2.1640227
133.36381,2.1467508
133.37542,1.5592489
133.38703,1.593933
133.39864,2.1542011
133.41025,2.0482122
133.42186,1.7546539
133.43347,1.2450898
133.44508,1.4158121
133.45669,1.5629108
133.4683,1.6162867
133.47991,2.6646653
133.49152,2.2275044
133.50313,3.4641564
133.51474,3.012432
133.52635,1.8360978
133.53796,3.5451022
133.54957,1.7289756
133.56118,3.0484471
133.57279,2.6954347
133.5844,1.8957786
133.59601,3.0883425
133.60762,1.7108159
133.61923,2.1800922
133.63084,2.4517648
133.64245,1.399404
133.65406,2.738567
133.66567,2.002079
133.67728,1.8030814
133.68889,2.4494408
133.7005,1.6801373
133.71211,2.3891208
133.72372,2.1470557
133.73533,1.0776737
133.74694,2.2345501
133.75855,1.9380512
133.77016,1.9111724
133.78177,1.7206027
133.79338,1.7344801
133.80499,1.9237371
133.8166,2.2350739
133.82821,2.7329063
133.83982,2.0458604
133.85143,2.1284883
133.86304,2.7006928
133.87465,2.2214745
133.88626,2.7956607
133.89787,1.8012762
133.90948,2.1618458
133.92109,2.4038097
133.9327,2.8203647
133.94431,2.0782055
133.95592,2.9063359
133.96753,2.7714775
133.97914,2.6721561
133.99075,2.3183383
134.00236,2.6899154
134.01397,3.1111759
134.02558,4.3073875
134.03719,3.2447929
134.0488,3.8660125
134.06041,3.7343755
134.07202,3.7812532
134.08363,3.6578963
134.09524,2.271804
134.10685,1.9260649
134.11846,1.9152702
134.13007,1.7332261
134.14168,2.136282
134.15329,1.7280023
134.1649,1.6522738
134.17651,2.1556208
134.18812,1.6764392
134.19973,1.5672072
134.21134,1.7675225
134.22295,1.8925733
134.23456,1.5586481
134.24617,2.5412261
134.25778,1.9935463
134.26939,1.5786071
134.281,2.0395315
134.29261,2.0693613
134.30422,1.8183522
134.31583,1.5598791
134.32744,1.692672
134.33905,2.3572261
134.35066,2.7237359
134.36227,1.8368022
134.37388,1.259043
134.38549,1.5559608
134.3971,1.5649762
134.40871,3.4979216
134.42032,3.2415562
134.43193,3.3000206
134.44354,3.2997407
134.45515,2.6840588
134.46676,3.1383544
134.47837,2.9341543
134.48998,3.4455749
134.50159,3.3063987
134.5132,3.6694317
134.52481,3.4525747
134.53642,3.4374173
134.54803,2.7009888
134.55964,2.8398694
134.57125,2.3678155
134.58286,2.1247491
134.59447,1.870826
134.60608,1.8739928
134.61769,2.342886
134.6293,2.7011394
134.64091,4.0833552
134.65252,5.8265786
134.66413,5.8295845
134.67574,5.6063748
134.68735,5.0082599
134.69896,3.8174705
134.71057,6.2714541
134.72218,3.7355421
134.73379,6.3610593
134.7454,8.4925906
134.75701,9.5002252
134.76862,8.6583167
134.78023,8.1256436
134.79184,7.5599309
134.80345,6.1195524
134.81506,6.8454844
134.82667,5.84919
134.83828,4.7715398
134.84989,4.170999
134.8615,4.1886887
134.87311,3.4955529
134.88472,3.1716863
134.89633,2.462685
134.90794,2.7271314
134.91955,2.3975237
134.93116,2.7509823
134.94277,3.0346828
134.95438,2.6256301
134.96599,2.3042152
134.9776,1.9340486
134.98921,1.7677588
135.00082,1.5832385
135.01243,2.3277519
135.02404,2.4145393
135.03565,2.8579357
135.04726,2.7302896
135.05887,3.2389596
135.07048,2.5092683
135.08209,2.7823753
135.0937,2.7752999
135.10531,5.4795464
135.11692,5.6442302
135.12853,5.4598375
135.14014,4.9935773
135.15175,5.6731334
135.16336,5.0230521
135.17497,4.5598024
135.18658,4.1965352
135.19819,4.5824651
135.2098,5.2333293
135.22141,5.5923651
135.23302,4.8284476
135.24463,4.5066671
135.25624,4.8967579
135.26785,4.8645621
135.27946,5.1037539
135.29107,4.7637416
135.30268,4.600468
135.31429,4.6424549
135.3259,4.4555623
135.33751,4.2598077
135.34912,4.014884
135.36073,3.7296276
135.37234,3.9493492
135.38395,4.0175804
135.39556,3.7379788
135.40717,3.3635003
135.41878,3.3605033
135.43039,3.361252
135.442,2.6987601
135.45361,2.4714607
135.46522,2.7201891
135.47683,1.9885497
135.48844,1.823339
135.50005,2.4121919
135.51166,2.0306395
135.52327,1.7529477
135.53488,1.4215742
135.54649,2.2308164
135.5581,2.4958562
135.56971,2.6458845
135.58132,3.0813057
135.59293,2.1753911
135.60454,2.798459
135.61615,2.0706861
135.62776,2.893823
135.63937,2.347382
135.65098,2.2438056
135.66259,2.7900061
135.6742,2.4001999
135.6858,3.0486958
135.69741,1.6824433
135.70902,2.6630978
135.72063,1.4018144
135.73224,2.6192734
135.74385,1.7325757
135.75546,1.9779997
135.76707,1.5009092
135.77868,2.083353
135.79029,1.935653
135.8019,1.7603497
135.81351,1.9598955
135.82512,1.6468197
135.83673,2.1414273
135.84834,2.4707808
135.85995,2.2761111
135.87156,1.9009898
135.88317,2.2056898
135.89478,2.11615
135.90639,2.4171851
135.918,2.5732431
135.92961,2.6063008
135.94122,2.9607352
135.95283,2.0429448
135.96444,2.5245622
135.97605,2.4520868
135.98766,3.680136
135.99927,3.8942666
136.01088,2.5180023
136.02249,2.062681
136.0341,2.639913
136.04571,3.9387357
136.05732,3.4067177
136.06893,2.3548687
136.08054,1.8202176
136.09215,2.2580888
136.10376,3.3853196
136.11537,2.8949061
136.12698,2.5672602
136.13859,2.350741
136.1502,2.2573989
136.16181,2.8308298
136.17342,2.8936703
136.18503,2.1051952
136.19664,1.8727567
136.20825,2.5683952
136.21986,2.4721884
136.23147,2.7156818
136.24308,2.1270284
136.25469,3.0951349
136.2663,4.4013016
136.27791,4.2727339
136.28952,3.895555
136.30113,4.4276037
136.31274,2.8509775
136.32435,3.8713175
136.33596,3.5839749
136.34757,2.9421342
136.35918,4.0558257
136.37079,5.9155358
136.3824,3.8362393
136.39401,5.2605283
136.40562,5.2811797
136.41723,4.4113614
136.42884,3.3718461
136.44045,5.1564711
136.45206,4.2591025
136.46367,4.4534148
136.47528,7.00384
136.48689,6.1714981
136.4985,4.4245379
136.51011,4.2901433
136.52172,4.3849259
136.53333,3.915402
136.54494,4.1235069
136.55655,4.8870237
136.56816,3.8947181
136.57977,4.5088529
136.59138,4.9551665
136.60299,3.8835289
136.6146,3.3968274
136.62621,3.393596
136.63782,4.4665998
136.64943,4.0789517
136.66104,3.0180594
136.67265,4.4098377
136.68426,4.5018899
136.69587,4.9341753
136.70748,6.01399
136.71909,4.9319059
136.7307,4.6759055
136.74231,4.5826683
136.75392,5.2934173
136.76553,5.2642705
136.77714,6.6998812
136.78875,6.7986687
136.80036,5.2395295
136.81197,5.5889243
136.82358,5.042567
136.83519,5.4717599
136.8468,4.7838493
136.85841,4.3616541
136.87002,4.9018834
136.88163,5.1539624
136.89324,5.276977
136.90485,3.5466802
136.91646,3.8711201
136.92807,3.9599458
136.93968,4.057269
136.95129,2.8860496
136.9629,3.3913638
136.97451,3.729857
136.98612,4.7080588
136.99773,3.0379205
137.00934,3.6683514
137.02095,4.5274283
137.03256,6.113621
137.04417,7.8180014
137.05578,8.2478965
137.06739,4.5018286
137.079,5.2466961
137.09061,4.5111253
137.10222,6.6934408
137.11383,9.2833168
137.12544,9.8837232
137.13705,10.134311
137.14866,10.526388
137.16027,10.034621
137.17188,7.7438995
137.18349,8.289606
137.1951,5.9981266
137.20671,8.2100996
137.21832,8.9830544
137.22993,8.734861
137.24154,7.0454523
137.25315,6.4421875
137.26476,7.3409932
137.27637,7.6568047
137.28798,8.5350362
137.29959,7.5620117
137.3112,6.49598
137.32281,6.2703541
137.33442,6.833022
137.34603,7.4108043
137.35764,7.2972029
137.36925,7.1702318
137.38086,6.7070923
137.39247,8.1263973
137.40408,7.9249394
137.41569,7.8480899
137.4273,6.1475845
137.43891,5.2433178
137.45052,9.0091877
137.46213,10.422902
137.47374,11.021417
137.48535,9.9069116
137.49696,11.088462
137.50857,10.758837
137.52018,8.580261
137.53179,6.817531
137.5434,7.1016903
137.55501,9.2450192
137.56662,10.062793
137.57823,8.6533272
137.58984,6.3166074
137.60145,5.6444152
137.61306,6.6349557
137.62467,7.5417634
137.63628,8.0188093
137.64789,6.6821041
137.6595,6.0491502
137.67111,5.8422152
137.68272,5.5315033
137.69433,6.7402716
137.70594,6.1013987
137.71755,4.9649774
137.72916,4.6073963
137.74077,4.4263028
137.75238,5.7724111
137.76399,7.1543024
137.7756,6.6668595
137.78721,5.2090974
137.79882,4.5767952
137.81043,5.5368352
137.82204,6.0325468
137.83365,8.319356
137.84526,5.0016162
137.85687,7.0205352
137.86848,6.4158503
137.88009,6.5423367
137.8917,7.5116046
137.90331,5.610778
137.91492,7.3930961
137.92653,5.1843212
137.93814,7.9662801
137.94975,6.3464849
137.96136,7.0872717
137.97297,5.5793012
137.98458,5.9940052
137.99619,5.8281071
138.0078,4.9341935
138.01941,5.5711403
138.03102,3.9030261
138.04263,5.3444317
138.05424,4.4808077
138.06585,5.6607771
138.07746,4.4782117
138.08907,4.6755541
138.10068,4.2090902
138.11229,4.7285459
138.1239,4.1037355
138.13551,4.5303728
138.14712,6.3260911
138.15873,4.3939567
138.17034,5.6006979
138.18195,5.2584746
138.19356,4.2384691
138.20517,3.808245
138.21678,3.808653
138.22839,8.8545078
138.24,7.6829781
138.25161,7.2133525
138.26322,8.3248399
138.27483,7.4296937
138.28644,7.8327967
138.29805,7.8371159
138.30966,5.9737607
138.32127,6.7257545
138.33288,6.6415924
138.34449,5.6676589
138.3561,6.1638475
138.36771,5.5789965
138.37932,5.3418578
138.39093,7.2036361
138.40254,5.4005283
138.41415,6.0768516
138.42576,5.7086763
138.43737,4.8866756
138.44898,6.8814591
138.46059,5.552405
138.4722,5.5437905
138.48381,5.5896881
138.49542,5.0398667
138.50703,6.1073676
138.51864,5.1507591
138.53025,4.4426958
138.54186,5.8686823
138.55347,4.4697666
138.56508,5.2999596
138.57669,4.6274767
138.5883,4.678505
138.59991,5.7860665
138.61152,4.0097932
138.62313,7.2483861
138.63474,8.5280708
138.64635,8.0063809
138.65796,7.4855686
138.66957,7.6116209
138.68118,6.1848263
138.69279,6.7457181
138.7044,10.391112
138.71601,5.5497086
138.72762,8.7997794
138.73923,6.7115678
138.75084,7.261498
138.76245,7.5838505
138.77406,6.745341
138.78567,8.1436059
138.79728,5.5389341
138.80889,6.5332901
138.8205,6.246943
138.83211,4.3443602
138.84372,6.4080476
138.85533,4.5371979
138.86694,4.9710479
138.87855,5.5441402
138.89016,4.3559745
138.90177,5.6218881
138.91338,4.0596997
138.92499,4.253964
138.9366,4.6944029
138.94821,3.9085943
138.95982,5.4240854
138.97143,4.9088361
138.98304,11.73444
138.99465,10.767917
139.00626,10.882662
139.01787,13.095454
139.02948,12.051344
139.04109,8.039681
139.0527,9.2034852
139.06431,9.6155557
139.07592,9.290752
139.08753,6.9375127
139.09914,9.7109418
139.11075,9.1487197
139.12236,7.2928481
139.13397,8.4017471
139.14558,9.0733882
139.15719,7.6553584
139.1688,6.77386
139.18041,7.8925578
139.19202,8.3580794
139.20363,7.4459403
139.21524,5.9945107
139.22685,7.4445849
139.23846,9.2963533
139.25007,7.2965993
139.26168,9.1428877
139.27329,6.0145748
139.2849,8.4310147
139.29651,5.5619616
139.30812,5.8879571
139.31973,7.3160211
139.33134,5.4437286
139.34295,6.7938667
139.35456,3.9390191
139.36617,6.2558623
139.37778,7.9462326
139.38939,7.3549395
139.401,8.826315
139.41261,5.7910976
139.42422,5.3053192
139.43583,6.0758082
139.44744,4.9059971
139.45905,6.248834
139.47066,10.081948
139.48227,11.087665
139.49388,10.150069
139.50549,9.4761418
139.5171,8.2695988
139.52871,7.2678992
139.54032,6.470727
139.55193,6.8905128
139.56354,5.179932
139.57515,6.9863195
139.58676,5.8323518
139.59837,5.0387282
139.60998,5.647117
139.62159,5.2765292
139.6332,4.1024247
139.64481,5.1828203
139.65642,4.2008984
139.66803,4.183767
139.67964,4.5847267
139.69125,3.5051298
139.70286,4.2597551
139.71447,4.8121361
139.72608,4.7368183
139.73769,4.6256413
139.7493,3.9085145
139.76091,6.7001974
139.77252,7.9905029
139.78413,6.4925629
139.79574,7.2385628
139.80735,6.8625556
139.81896,5.4907389
139.83057,6.452228
139.84218,10.5672
139.85379,12.056122
139.8654,10.061744
139.87701,9.4270163
139.88862,7.6373994
139.90023,11.297908
139.91184,8.696414
139.92345,7.0034759
139.93506,7.6600425
139.94667,8.824324
139.95828,8.5168997
139.96989,9.167215
139.9815,6.3714562
139.99311,7.2659839
140.00472,8.1014597
140.01633,7.9860722
140.02794,8.9033996
140.03955,6.523892
140.05116,8.0130085
140.06277,6.3990478
140.07438,7.7900273
140.08599,9.0358024
140.0976,7.7239481
140.10921,8.0511068
140.12082,6.2076329
140.13243,7.8071677
140.14404,5.9294404
140.15565,8.1818221
140.16726,5.7437735
140.17887,6.8053172
140.19048,5.9670365
140.20209,6.7693866
140.2137,6.826063
140.22531,6.7342737
140.23692,6.9787982
140.24853,7.6290718
140.26014,9.8783882
140.27175,9.3365776
140.28336,8.6506094
140.29497,8.8772389
140.30658,7.9282152
140.31819,8.1824043
140.3298,7.4940793
140.34141,7.1191907
140.35302,7.1346251
140.36463,5.8946066
140.37624,4.889886
140.38785,5.4639777
140.39946,4.8310711
140.41107,4.4514314
140.42268,5.2469405
140.43429,4.6230129
140.4459,4.5910078
140.45751,3.9906364
140.46912,4.4929231
140.48073,4.8877755
140.49234,3.6026446
140.50395,3.8213119
140.51556,4.0820202
140.52717,4.597855
140.53878,3.5852039
140.55039,3.6436099
140.562,3.5626044
140.57361,3.275826
140.58522,3.8357895
140.59683,3.799645
140.60844,4.0046655
140.62005,3.9080228
140.63166,3.1932304
140.64327,3.6184967
140.65488,3.3528645
140.66649,3.7095743
140.6781,8.3003112
140.68971,7.532584
140.70132,7.3986505
140.71293,8.0804921
140.72454,6.3044753
140.73615,6.40674
140.74776,7.1636847
140.75937,6.2555974
140.77098,6.2926747
140.78259,5.6546219
140.7942,5.4568383
140.8058,6.0777492
140.81741,5.6754642
140.82902,5.7323651
140.84063,5.5471071
140.85224,5.5996527
140.86385,5.444458
140.87546,5.2451211
140.88707,5.1806385
140.89868,5.7055161
140.91029,5.2597112
140.9219,4.835217
140.93351,4.6284967
140.94512,4.1922578
140.95673,4.660883
140.96834,4.5569879
140.97995,3.5795934
140.99156,4.1987837
141.00317,4.5490551
141.01478,4.0080754
141.02639,4.1982249
141.038,2.9241609
141.04961,3.9920575
141.06122,4.0600882
141.07283,3.4297235
141.08444,3.3927847
141.09605,4.6133834
141.10766,3.2290492
141.11927,5.1632248
141.13088,4.1204163
141.14249,4.1252531
141.1541,6.3478142
141.16571,4.4568824
141.17732,4.9964421
141.18893,5.0118879
141.20054,4.0853861
141.21215,4.1289661
141.22376,2.8318267
141.23537,3.1258107
141.24698,2.8259822
141.25859,3.7610388
141.2702,2.4810412
141.28181,3.4719225
141.29342,2.8464703
141.30503,2.7642567
141.31664,2.964789
141.32825,2.4722481
141.33986,2.6032587
141.35147,1.922328
141.36308,2.2517707
141.37469,1.5309873
141.3863,2.2544651
141.39791,2.0313563
141.40952,2.2152367
141.42113,2.220621
141.43274,1.6186914
141.44435,2.1406313
141.45596,1.7109068
141.46757,1.7081137
141.47918,1.5824283
141.49079,2.0769876
141.5024,2.0981378
141.51401,1.4515613
141.52562,1.8472781
141.53723,2.9796875
141.54884,4.6836877
141.56045,4.0093566
141.57206,5.542561
141.58367,4.7080115
141.59528,3.1399396
141.60689,4.0903742
141.6185,4.410949
141.63011,3.2252187
141.64172,3.2179227
141.65333,4.3206297
141.66494,3.6789032
141.67655,3.2426222
141.68816,4.0056938
141.69977,4.0745034
141.71138,2.8367548
141.72299,2.6775592
141.7346,3.7279419
141.74621,3.2097261
141.75782,2.2972896
141.76943,2.8387192
141.78104,2.9838651
141.79265,2.6489015
141.80426,2.0929104
141.81587,2.3991281
141.82748,2.4849028
141.83909,2.3598695
141.8507,1.5912546
141.86231,2.0040495
141.87392,2.3135079
141.88553,1.5526709
141.89714,1.6959297
141.90875,1.9655654
141.92036,1.7694561
141.93197,1.3225568
141.94358,1.790221
141.95519,2.5167263
141.9668,2.864228
141.97841,2.67046
141.99002,2.3399671
142.00163,2.5752602
142.01324,2.3863802
142.02485,2.6371972
142.03646,2.4543478
142.04807,2.4569412
142.05968,2.3137137
142.07129,2.233907
142.0829,2.0535129
142.09451,1.7721169
142.10612,1.905373
142.11773,1.5009203
142.12934,1.4733719
142.14095,1.2470186
142.15256,1.2843521
142.16417,1.3759887
142.17578,1.3837374
142.18739,1.143763
142.199,2.1876937
142.21061,2.5340703
142.22222,2.938201
142.23383,2.8319182
142.24544,2.6708703
142.25705,2.4678437
142.26866,2.6400746
142.28027,2.1911506
142.29188,2.149902
142.30349,2.3034387
142.3151,1.992184
142.32671,2.4524977
142.33832,2.1112501
142.34993,2.2892136
142.36154,2.1388725
142.37315,1.929099
142.38476,2.1539931
142.39637,1.7005509
142.40798,2.1136632
142.41959,3.0916055
142.4312,2.3159176
142.44281,1.3230527
142.45442,2.4264789
142.46603,1.9692717
142.47764,2.2686004
142.48925,2.4635395
142.50086,1.1965005
142.51247,1.9847957
142.52408,1.715567
142.53569,2.3326497
142.5473,1.2551748
142.55891,1.7844249
142.57052,1.5220779
142.58213,1.8490022
142.59374,1.9092172
142.60535,1.2465153
142.61696,1.7486302
142.62857,1.0682469
142.64018,3.5273334
142.65179,3.8029441
142.6634,3.2019614
142.67501,3.4912565
142.68662,3.2235112
142.69823,3.3938605
142.70984,2.9881128
142.72145,3.0971878
142.73306,3.2045945
142.74467,3.3788655
142.75628,2.8269293
142.76789,2.8026769
142.7795,2.5159444
142.79111,2.9729166
142.80272,2.9724569
142.81433,2.7745665
142.82594,2.46329
142.83755,2.3976725
142.84916,2.5639881
142.86077,2.777839
142.87238,2.6878413
142.88399,2.2677681
142.8956,1.7862381
142.90721,1.8612823
142.91882,1.9328492
142.93043,2.3385111
142.94204,2.5796507
142.95365,2.4444282
142.96526,2.2617977
142.97687,2.049756
142.98848,2.2727955
143.00009,2.7251102
143.0117,2.0539323
143.02331,1.5941875
143.03492,2.1598203
143.04653,1.7965817
143.05814,2.0145678
143.06975,1.7646569
143.08136,1.5346334
143.09297,1.6848154
143.10458,1.5605234
143.11619,1.4665563
143.1278,1.6827586
143.13941,1.4122015
143.15102,1.5429326
143.16263,1.6025341
143.17424,1.5800749
143.18585,1.5745303
143.19746,1.609275
143.20907,1.3503458
143.22068,1.4921077
143.23229,1.5493772
143.2439,1.3451673
143.25551,1.474656
143.26712,1.5402532
143.27873,1.3917698
143.29034,1.5343436
143.30195,1.5686399
143.31356,1.3020673
143.32517,1.5244034
143.33678,1.4527004
143.34839,1.3337481
143.36,1.4882731
143.37161,1.4721033
143.38322,1.358231
143.39483,1.3748267
143.40644,1.3659087
143.41805,1.2268921
143.42966,1.2937194
143.44127,1.2822068
143.45288,1.1528581
143.46449,1.2391484
143.4761,1.2047397
143.48771,1.0615837
143.49932,1.2110083
143.51093,1.1710082
143.52254,1.0571013
143.53415,1.103223
143.54576,0.98853155
143.55737,0.99024162
143.56898,0.99811288
143.58059,1.0041772
143.5922,0.99299064
143.60381,0.9845002
143.61542,0.95530499
143.62703,0.87271763
143.63864,0.85331345
143.65025,0.91456498
143.66186,0.82284568
143.67347,0.87281641
143.68508,0.8643124
143.69669,0.73349692
143.7083,0.84708974
143.71991,1.2104264
143.73152,2.0682123
143.74313,2.3249581
143.75474,2.7400322
143.76635,2.3255776
143.77796,1.8283395
143.78957,1.6795018
143.80118,2.7111305
143.81279,3.1119808
143.8244,2.9743808
143.83601,2.1449632
143.84762,1.8008292
143.85923,2.5483114
143.87084,2.9954809
143.88245,2.9317393
143.89406,1.7932346
143.90567,1.8558209
143.91728,2.6713307
143.92889,2.9415405
143.9405,2.6609304
143.95211,2.9831794
143.96372,2.050485
143.97533,2.1666076
143.98694,2.0056496
143.99855,2.4569379
144.01016,2.3701898
144.02177,2.3240465
144.03338,2.1409889
144.04499,2.397398
144.0566,2.3919907
144.06821,3.0623658
144.07982,1.8559392
144.09143,3.086723
144.10304,3.379742
144.11465,4.0515648
144.12626,4.0950502
144.13787,4.2372972
144.14948,3.6642741
144.16109,3.8204161
144.1727,4.1516444
144.18431,4.3956244
144.19592,3.0564562
144.20753,3.7259115
144.21914,4.0429295
144.23075,3.9362806
144.24236,3.3454232
144.25397,3.8449598
144.26558,3.0545212
144.27719,3.3863661
144.2888,3.4278906
144.30041,2.7792545
144.31202,2.5227564
144.32363,2.2179203
144.33524,3.1504277
144.34685,2.534415
144.35846,2.5921898
144.37007,2.6292392
144.38168,2.8090643
144.39329,2.1988187
144.4049,2.6099527
144.41651,3.5932033
144.42812,2.7294993
144.43973,2.6374995
144.45134,3.5073942
144.46295,3.1537775
144.47456,3.1585008
144.48617,4.0601092
144.49778,4.6778294
144.50939,4.4854835
144.521,4.1053222
144.53261,4.1220375
144.54422,4.961109
144.55583,4.7426546
144.56744,4.728854
144.57905,4.9183399
144.59066,4.9788531
144.60227,4.4230929
144.61388,4.0249798
144.62549,3.7843626
144.6371,2.6114288
144.64871,2.7931373
144.66032,2.4412311
144.67193,2.1142747
144.68354,2.1841839
144.69515,2.2488696
144.70676,1.5898729
144.71837,1.5431601
144.72998,2.1055001
144.74159,1.7917789
144.7532,1.9297138
144.76481,2.3435313
144.77642,2.4319529
144.78803,1.8903741
144.79964,2.8248017
144.81125,2.2029122
144.82286,1.329258
144.83447,1.7496901
144.84608,1.8987439
144.85769,1.69878
144.8693,1.6701857
144.88091,1.8919866
144.89252,2.417681
144.90413,2.1282467
144.91574,2.121455
144.92735,2.4839682
144.93896,3.426751
144.95057,3.0869576
144.96218,2.9329814
144.97379,2.9420934
144.9854,2.5823405
144.99701,2.8335839
145.00862,2.5540413
145.02023,3.3477823
145.03184,3.0105723
145.04345,3.3849927
145.05506,3.078084
145.06667,2.9377056
145.07828,2.6534912
145.08989,2.6410181
145.1015,2.6151214
145.11311,2.4009292
145.12472,2.3262547
145.13633,1.9799674
145.14794,3.1763279
145.15955,4.4665285
145.17116,5.8534008
145.18277,6.4696736
145.19438,3.2879245
145.20599,6.6847202
145.2176,5.5447404
145.22921,5.6638233
145.24082,5.0412272
145.25243,4.6080497
145.26404,6.3985291
145.27565,4.0139972
145.28726,5.0442998
145.29887,2.4811051
145.31048,4.1751757
145.32209,3.2968385
145.3337,2.9134943
145.34531,1.6840254
145.35692,2.6399998
145.36853,2.9273495
145.38014,3.2341912
145.39175,1.4991158
145.40336,1.9012971
145.41497,1.4403817
145.42658,1.7944662
145.43819,1.3335202
145.4498,1.5323085
145.46141,1.22956
145.47302,1.1443798
145.48463,1.1414678
145.49624,1.2579766
145.50785,1.1631693
145.51946,1.3606343
145.53107,1.6671529
145.54268,3.0129635
145.55429,3.7768298
145.5659,3.6109403
145.57751,3.2693144
145.58912,4.0127073
145.60073,3.553914
145.61234,7.4050437
145.62395,6.8319486
145.63556,6.0084398
145.64717,5.5984175
145.65878,5.5943179
145.67039,5.7911641
145.682,5.982671
145.69361,5.2077708
145.70522,5.3810875
145.71683,5.4957362
145.72844,5.0792817
145.74005,4.5307506
145.75166,4.5805722
145.76327,4.6562355
145.77488,4.0777384
145.78649,2.6999479
145.7981,2.0228794
145.80971,3.3512379
145.82132,3.4192422
145.83293,2.9548702
145.84454,1.707149
145.85615,1.6585654
145.86776,2.0282129
145.87937,2.0438453
145.89098,2.4140703
145.90259,1.4710561
145.9142,1.5200285
145.9258,2.1565091
145.93741,2.0285159
145.94902,2.2388291
145.96063,1.6049708
145.97224,2.6509954
145.98385,2.6845523
145.99546,2.3018154
146.00707,2.1913164
146.01868,2.6696078
146.03029,2.5407858
146.0419,2.176071
146.05351,1.7098124
146.06512,2.0060775
146.07673,2.4378884
146.08834,3.1105648
146.09995,3.5064553
146.11156,2.4352297
146.12317,3.8076808
146.13478,2.9778837
146.14639,2.9128105
146.158,2.5147371
146.16961,3.7657128
146.18122,3.3876434
146.19283,2.7875107
146.20444,3.3547815
146.21605,2.7264343
146.22766,3.0689948
146.23927,2.0808475
146.25088,2.7900332
146.26249,2.6838702
146.2741,3.0812762
146.28571,1.930302
146.29732,2.5833337
146.30893,2.4801713
146.32054,2.8685099
146.33215,2.7637755
146.34376,1.8298945
146.35537,2.7587982
146.36698,2.2822131
146.37859,2.7476481
146.3902,2.101691
146.40181,2.1883671
146.41342,1.8333637
146.42503,2.2608313
146.43664,2.5830447
146.44825,2.9081813
146.45986,3.6042431
146.47147,4.9013673
146.48308,4.8119524
146.49469,4.3170762
146.5063,6.1402342
146.51791,5.5405166
146.52952,5.3474927
146.54113,5.0788479
146.55274,5.5444999
146.56435,6.3482369
146.57596,5.707999
146.58757,5.0492977
146.59918,5.0096238
146.61079,5.1212151
146.6224,5.5260267
146.63401,5.1311178
146.64562,4.3406228
146.65723,4.9686147
146.66884,4.8119377
146.68045,4.3175986
146.69206,5.3169033
146.70367,5.772185
146.71528,5.0567466
146.72689,3.9612867
146.7385,5.3725411
146.75011,4.5986149
146.76172,4.8529381
146.77333,4.5804631
146.78494,5.4380044
146.79655,4.4154827
146.80816,6.1767098
146.81977,6.0305788
146.83138,3.3568157
146.84299,5.6064101
146.8546,5.3677083
146.86621,4.4464487
146.87782,6.5422392
146.88943,6.1804782
146.90104,5.5108656
146.91265,6.0775694
146.92426,6.9574994
146.93587,5.660961
146.94748,5.2712931
146.95909,5.9788364
146.9707,4.4636786
146.98231,4.5413384
146.99392,5.0064214
147.00553,4.4710297
147.01714,4.2323335
147.02875,4.1548269
147.04036,5.74804
147.05197,5.1564647
147.06358,4.3636988
147.07519,5.188194
147.0868,4.4806165
147.09841,3.7923605
147.11002,4.6834173
147.12163,6.5114653
147.13324,8.4390365
147.14485,7.5325736
147.15646,6.9248073
147.16807,6.6001832
147.17968,6.5342405
147.19129,7.3369771
147.2029,7.4466198
147.21451,6.9552185
147.22612,7.9429772
147.23773,7.6900864
147.24934,7.9162283
147.26095,6.8843118
147.27256,6.424835
147.28417,5.7887155
147.29578,7.2668166
147.30739,5.9136906
147.319,6.963561
147.33061,5.1458422
147.34222,6.0609581
147.35383,5.5951819
147.36544,5.6827372
147.37705,5.2990717
147.38866,5.0103068
147.40027,5.2649759
147.41188,6.2687653
147.42349,5.7396258
147.4351,8.7574884
147.44671,7.0416168
147.45832,10.490156
147.46993,5.6167513
147.48154,8.6504732
147.49315,10.719931
147.50476,4.9484744
147.51637,10.56771
147.52798,8.6359905
147.53959,12.852477
147.5512,10.511974
147.56281,12.23794
147.57442,9.1787759
147.58603,10.932344
147.59764,7.9438799
147.60925,10.058008
147.62086,9.6986201
147.63247,6.5074283
147.64408,8.2861537
147.65569,5.5972869
147.6673,7.7323244
147.67891,8.5552545
147.69052,8.5548542
147.70213,6.6793083
147.71374,6.2112616
147.72535,6.4014683
147.73696,7.6686135
147.74857,8.516993
147.76018,6.4971005
147.77179,6.3626482
147.7834,5.4232626
147.79501,5.8935254
147.80662,7.0026935
147.81823,7.0689325
147.82984,9.82332
147.84145,6.8818874
147.85306,6.7362458
147.86467,7.1498493
147.87628,7.8591366
147.88789,7.945518
147.8995,6.9919404
147.91111,11.63976
147.92272,11.535258
147.93433,10.941659
147.94594,11.193165
147.95755,10.434067
147.96916,10.168862
147.98077,11.576064
147.99238,7.5585136
148.00399,8.473215
148.0156,9.5370804
148.02721,11.131393
148.03882,11.938415
148.05043,7.3594282
148.06204,9.3889412
148.07365,6.8585306
148.08526,10.522478
148.09687,9.7480527
148.10848,9.1555422
148.12009,8.1074435
148.1317,8.3052991
148.14331,8.7655255
148.15492,7.9180977
148.16653,8.7501709
148.17814,7.5599422
148.18975,7.6456654
148.20136,5.7998361
148.21297,6.393091
148.22458,8.2619802
148.23619,5.9686637
148.2478,7.4191867
148.25941,6.3917046
148.27102,6.7553417
148.28263,9.3892521
148.29424,8.9701113
148.30585,8.3583081
148.31746,8.4174432
148.32907,8.0957254
148.34068,8.0886341
148.35229,7.7038892
148.3639,9.120093
148.37551,8.8797849
148.38712,9.626926
148.39873,8.7273793
148.41034,9.4344668
148.42195,7.7953454
148.43356,9.0186361
148.44517,7.6065887
148.45678,7.2684951
148.46839,7.4167923
148.48,6.3771437
148.49161,7.3143094
148.50322,6.4636364
148.51483,7.0316015
148.52644,4.9842962
148.53805,6.2239158
148.54966,4.6433545
148.56127,7.1143179
148.57288,5.0317276
148.58449,5.7978582
148.5961,6.8798603
148.60771,6.743812
148.61932,5.8964821
148.63093,5.8726942
148.64254,5.6208886
148.65415,5.8899651
148.66576,5.7860643
148.67737,8.5310301
148.68898,13.160804
148.70059,10.729362
148.7122,13.151612
148.72381,8.9992153
148.73542,12.447239
148.74703,10.287585
148.75864,10.238618
148.77025,12.030827
148.78186,9.2144026
148.79347,8.2346704
148.80508,9.4425237
148.81669,9.3877593
148.8283,9.08998
148.83991,9.3160733
148.85152,7.6354312
148.86313,8.2292599
148.87474,9.8533006
148.88635,7.8950538
148.89796,8.7804296
148.90957,8.5684103
148.92118,7.8304155
148.93279,8.4342246
148.9444,7.5106359
148.95601,5.8919783
148.96762,7.4637843
148.97923,6.5278613
148.99084,6.9168325
149.00245,7.5222406
149.01406,5.3708115
149.02567,6.5218128
149.03728,7.1518063
149.04889,6.3182889
149.0605,8.1281998
149.07211,10.293779
149.08372,9.2947323
149.09533,9.1804321
149.10694,8.893774
149.11855,7.881811
149.13016,7.2608436
149.14177,13.326969
149.15338,13.251183
149.16499,9.0207181
149.1766,11.749036
149.18821,7.7359394
149.19982,7.8518714
149.21143,8.1013834
149.22304,7.6703798
149.23465,8.2701512
149.24626,7.1127283
149.25787,8.63741
149.26948,7.0951759
149.28109,6.7654452
149.2927,7.4808549
149.30431,7.0185384
149.31592,6.4806602
149.32753,6.6659475
149.33914,5.5806376
149.35075,5.4196292
149.36236,6.3022579
149.37397,5.8811713
149.38558,6.4455555
149.39719,6.5513793
149.4088,6.0925331
149.42041,5.980263
149.43202,12.76491
149.44363,12.547773
149.45524,12.499199
149.46685,13.320925
149.47846,13.838609
149.49007,14.793999
149.50168,11.381883
149.51329,10.851706
149.5249,11.348006
149.53651,10.634885
149.54812,10.195853
149.55973,11.110248
149.57134,11.447147
149.58295,8.9349925
149.59456,7.9221583
149.60617,10.943855
149.61778,9.5409383
149.62939,7.0811456
149.641,8.0304591
149.65261,10.38985
149.66422,7.9739527
149.67583,6.9716084
149.68744,7.4983262
149.69905,9.7826
149.71066,8.1280695
149.72227,11.863628
149.73388,7.6547823
149.74549,10.115453
149.7571,7.5828532
149.76871,8.8920972
149.78032,8.7956004
149.79193,8.6890897
149.80354,9.4343528
149.81515,9.0754644
149.82676,8.3003817
149.83837,11.115458
149.84998,11.961594
149.86159,10.3017
149.8732,9.1198152
149.88481,11.405784
149.89642,9.2153529
149.90803,9.434837
149.91964,7.4435091
149.93125,7.1684642
149.94286,8.2624141
149.95447,11.744305
149.96608,11.709367
149.97769,11.128254
149.9893,10.671254
150.00091,9.9162308
150.01252,10.644679
150.02413,8.5832037
150.03574,9.428835
150.04735,8.5744563
150.05896,7.5081654
150.07057,8.2446171
150.08218,6.6919653
150.09379,6.8466567
150.1054,5.8733916
150.11701,6.692118
150.12862,6.4474226
150.14023,5.4692168
150.15184,6.3786895
150.16345,6.2706206
150.17506,5.4092733
150.18667,5.9972057
150.19828,7.4904463
150.20989,7.3267795
150.2215,5.2132188
150.23311,9.5364752
150.24472,7.4511055
150.25633,8.4701723
150.26794,8.7231246
150.27955,7.8986415
150.29116,9.3091852
150.30277,11.904317
150.31438,12.173224
150.32599,12.1887
150.3376,13.054553
150.34921,12.148675
150.36082,12.658701
150.37243,7.6783089
150.38404,10.709279
150.39565,8.9001199
150.40726,10.177715
150.41887,8.9766369
150.43048,8.3198726
150.44209,8.5970173
150.4537,9.0009395
150.46531,9.6176286
150.47692,7.7624074
150.48853,7.7278752
150.50014,6.174404
150.51175,8.0483669
150.52336,7.3815923
150.53497,8.6941369
150.54658,8.2638069
150.55819,6.4977974
150.5698,7.3431844
150.58141,7.2783602
150.59302,9.2820221
150.60463,9.0317091
150.61624,9.1257136
150.62785,9.1810587
150.63946,9.6599248
150.65107,8.3616354
150.66268,8.8178835
150.67429,7.6499633
150.6859,6.5212979
150.69751,7.6368182
150.70912,7.6534999
150.72073,9.8347892
150.73234,10.676615
150.74395,10.445155
150.75556,9.6620085
150.76717,9.0884143
150.77878,8.1335261
150.79039,8.5716919
150.802,8.3778034
150.81361,7.7041193
150.82522,7.3971097
150.83683,6.9753187
150.84844,6.7144145
150.86005,6.7535589
150.87166,6.5102491
150.88327,6.521081
150.89488,6.3371491
150.90649,6.2386695
150.9181,6.4399219
150.92971,7.1972168
150.94132,6.2159079
150.95293,6.6500297
150.96454,6.5674091
150.97615,5.916143
150.98776,6.7536598
150.99937,5.7993964
151.01098,6.2528697
151.02259,5.7366686
151.0342,6.4711046
151.0458,5.8987465
151.05741,6.1874724
151.06902,6.120815
151.08063,6.6638213
151.09224,5.7274756
151.10385,5.3416712
151.11546,7.7435016
151.12707,10.098042
151.13868,9.9042337
151.15029,8.3704195
151.1619,11.377196
151.17351,11.092623
151.18512,9.6890007
151.19673,8.6016472
151.20834,7.0759427
151.21995,8.4697377
151.23156,9.1015489
151.24317,8.7863084
151.25478,8.1465763
151.26639,7.6478941
151.278,8.8532709
151.28961,8.0850277
151.30122,8.6798884
151.31283,8.192405
151.32444,7.3812146
151.33605,7.992455
151.34766,7.5466635
151.35927,8.4387246
151.37088,6.8351775
151.38249,6.7990536
151.3941,6.0785674
151.40571,6.9064429
151.41732,10.793015
151.42893,12.418526
151.44054,12.753225
151.45215,9.9485845
151.46376,10.628561
151.47537,9.3465841
151.48698,8.944778
151.49859,8.7821205
151.5102,6.960954
151.52181,8.5924164
151.53342,6.3268374
151.54503,7.9655461
151.55664,6.7778807
151.56825,6.2404274
151.57986,6.6153152
151.59147,6.1070756
151.60308,5.9023445
151.61469,5.1603641
151.6263,5.2646755
151.63791,5.0191629
151.64952,11.418599
151.66113,10.719145
151.67274,9.8628546
151.68435,9.0752086
151.69596,9.4228315
151.70757,6.9132819
151.71918,8.0634843
151.73079,7.9872677
151.7424,6.5775436
151.75401,8.9401272
151.76562,7.3889577
151.77723,6.5578468
151.78884,8.134069
151.80045,5.8288956
151.81206,7.5022233
151.82367,7.0977807
151.83528,13.76981
151.84689,13.763623
151.8585,14.516734
151.87011,13.762599
151.88172,12.15645
151.89333,12.795099
151.90494,13.463403
151.91655,10.862392
151.92816,9.7325332
151.93977,10.416971
151.95138,11.010649
151.96299,9.9957695
151.9746,10.439818
151.98621,10.822246
151.99782,8.7724557
152.00943,8.3378734
152.02104,8.8213294
152.03265,8.3220257
152.04426,7.9831386
152.05587,9.3477103
152.06748,12.730072
152.07909,15.166129
152.0907,13.940299
152.10231,12.082813
152.11392,12.427836
152.12553,12.826344
152.13714,12.966936
152.14875,12.190052
152.16036,12.293325
152.17197,12.486066
152.18358,12.327346
152.19519,12.02244
152.2068,11.619589
152.21841,11.724197
152.23002,10.969436
152.24163,10.669365
152.25324,10.068872
152.26485,10.033865
152.27646,9.5659041
152.28807,9.255031
152.29968,9.1879889
152.31129,8.8946879
152.3229,8.5839123
152.33451,8.2992399
152.34612,7.7516038
152.35773,7.0527538
152.36934,6.9077334
152.38095,5.9687982
152.39256,5.4837272
152.40417,7.0999411
152.41578,8.7578057
152.42739,7.6907344
152.439,6.2795531
152.45061,6.7872166
152.46222,6.7274918
152.47383,6.8222852
152.48544,5.320903
152.49705,7.2602436
152.50866,6.9599395
152.52027,7.385629
152.53188,7.9636615
152.54349,6.3958087
152.5551,7.8271031
152.56671,7.1483466
152.57832,6.6261941
152.58993,6.9654641
152.60154,5.4471856
152.61315,6.0992409
152.62476,5.5420612
152.63637,4.5720427
152.64798,4.6942569
152.65959,4.570982
152.6712,4.3480395
152.68281,4.2446677
152.69442,4.2038118
152.70603,4.1041682
152.71764,4.9668681
152.72925,4.3257346
152.74086,5.6804967
152.75247,7.2282668
152.76408,7.215674
152.77569,6.2533279
152.7873,6.2692832
152.79891,6.6455553
152.81052,4.3019624
152.82213,5.9736752
152.83374,5.7759521
152.84535,5.0729922
152.85696,6.5810009
152.86857,4.7019252
152.88018,4.8829234
152.89179,5.2138289
152.9034,7.3144479
152.91501,7.0631071
152.92662,7.6371573
152.93823,6.3228088
152.94984,5.7257787
152.96145,5.1339842
152.97306,6.4227967
152.98467,7.0139613
152.99628,6.590582
153.00789,5.5230548
153.0195,5.8584562
153.03111,5.3774895
153.04272,5.0227339
153.05433,5.4888062
153.06594,5.3943608
153.07755,5.9211764
153.08916,5.5879724
153.10077,4.8804424
153.11238,5.6256902
153.12399,6.4926655
153.1356,6.0336463
153.14721,6.019769
153.15882,5.7110055
153.17043,4.9081616
153.18204,5.4342161
153.19365,4.970422
153.20526,3.442629
153.21687,4.7662109
153.22848,5.2838002
153.24009,5.0046627
153.2517,3.8108171
153.26331,4.5549946
153.27492,4.9497626
153.28653,4.3140706
153.29814,5.2081398
153.30975,6.3795468
153.32136,4.2895681
153.33297,6.249281
153.34458,4.556141
153.35619,4.6521934
153.3678,5.3687658
153.37941,4.9171409
153.39102,4.6190263
153.40263,4.8422739
153.41424,6.5826521
153.42585,8.4459082
153.43746,7.7103359
153.44907,6.2440835
153.46068,6.3432798
153.47229,6.8262692
153.4839,6.1786356
153.49551,6.5310338
153.50712,5.6019978
153.51873,6.0394969
153.53034,5.2768784
153.54195,5.9719372
153.55356,5.4781369
153.56517,5.8404922
153.57678,5.6140618
153.58839,5.3857595
153.6,5.6309929
153.61161,5.5230587
153.62322,5.2172961
153.63483,4.838205
153.64644,4.3085653
153.65805,4.5930043
153.66966,4.0956744
153.68127,4.3250015
153.69288,4.3520082
153.70449,4.4453549
153.7161,4.7487511
153.72771,4.4504145
153.73932,4.4840197
153.75093,4.1546802
153.76254,4.2501406
153.77415,4.0702478
153.78576,3.7349041
153.79737,3.2285268
153.80898,3.3067955
153.82059,3.4453408
153.8322,3.5828575
153.84381,3.2320007
153.85542,2.8666854
153.86703,2.3484147
153.87864,2.7401269
153.89025,2.1937515
153.90186,2.6973183
153.91347,2.2791577
153.92508,2.2295414
153.93669,2.2045442
153.9483,2.1156258
153.95991,2.3305796
153.97152,1.8647016
153.98313,3.1000067
153.99474,3.8066462
154.00635,4.4250348
154.01796,4.2415997
154.02957,4.1437355
154.04118,3.8007644
154.05279,3.7658956
154.0644,3.5622308
154.07601,3.4115939
154.08762,3.7760064
154.09923,3.5175537
154.11084,3.3317555
154.12245,3.1490203
154.13406,3.0616042
154.14567,3.1778938
154.15728,3.0416049
154.16889,2.789205
154.1805,2.4737914
154.19211,2.1680906
154.20372,2.2623256
154.21533,2.0720466
154.22694,2.0174312
154.23855,1.9583109
154.25016,1.9951672
154.26177,2.0712193
154.27338,1.8455754
154.28499,1.7295657
154.2966,1.7668226
154.30821,1.5585642
154.31982,1.655674
154.33143,1.6798113
154.34304,1.5172173
154.35465,1.5232609
154.36626,1.3705225
154.37787,1.4115065
154.38948,1.7912964
154.40109,3.377661
154.4127,3.446178
154.42431,2.9559865
154.43592,3.1473611
154.44753,2.8163241
154.45914,2.9463533
154.47075,2.7345012
154.48236,2.5747786
154.49397,2.2825462
154.50558,1.4771255
154.51719,1.6243984
154.5288,1.8855531
154.54041,1.8054329
154.55202,1.6630094
154.56363,1.8722274
154.57524,1.7243014
154.58685,1.6915978
154.59846,1.5288817
154.61007,1.2614947
154.62168,1.1024827
154.63329,1.026968
154.6449,1.0382716
154.65651,1.0745514
154.66812,1.0057787
154.67973,0.79949189
154.69134,0.77118277
154.70295,0.66322469
154.71456,0.68918837
154.72617,0.92916835
154.73778,0.96306335
154.74939,1.0623068
154.761,1.1670827
154.77261,1.0799409
154.78422,1.0269026
154.79583,0.99700006
154.80744,0.87245087
154.81905,0.81533535
154.83066,0.80826497
154.84227,0.75063224
154.85388,0.72795489
154.86549,0.68535499
154.8771,0.49865908
154.88871,0.444381
154.90032,0.56913556
154.91193,0.558345
154.92354,0.49469908
154.93515,0.58195377
154.94676,0.40992477
154.95837,2.1638067
154.96998,3.3905148
154.98159,3.4496377
154.9932,3.2463884
155.00481,2.9665124
155.01642,3.098439
155.02803,2.8344372
155.03964,4.9912968
155.05125,5.1484968
155.06286,4.5440905
155.07447,4.4681187
155.08608,5.6425353
155.09769,4.9379941
155.1093,4.8471617
155.12091,3.9388721
155.13252,4.2489032
155.14413,4.3252782
155.15574,3.3350636
155.16735,4.39536
155.17896,3.5736306
155.19057,2.8756127
155.20218,3.6502051
155.21379,2.8621132
155.2254,3.2438944
155.23701,3.2080984
155.24862,2.7575155
155.26023,3.3279063
155.27184,2.2029271
155.28345,2.5584852
155.29506,3.0656217
155.30667,2.06812
155.31828,2.2043101
155.32989,2.4253704
155.3415,1.6221761
155.35311,1.7998946
155.36472,1.9909553
155.37633,2.0293858
155.38794,2.0419477
155.39955,2.0099424
155.41116,2.3147583
155.42277,2.018016
155.43438,1.8583997
155.44599,2.5481842
155.4576,2.2187708
155.46921,2.0309426
155.48082,2.2199083
155.49243,1.8970808
155.50404,2.2081891
155.51565,1.768358
155.52726,1.6171594
155.53887,2.203051
155.55048,1.4659272
155.56209,4.3670354
155.5737,5.1468352
155.58531,3.9374816
155.59692,3.9166296
155.60853,3.701457
155.62014,3.6169215
155.63175,3.2793601
155.64336,3.7662821
155.65497,4.2374773
155.66658,4.1212276
155.67819,4.2805295
155.6898,3.8718099
155.70141,3.5607034
155.71302,3.2029437
155.72463,2.880565
155.73624,3.7842999
155.74785,6.5167764
155.75946,9.4400814
155.77107,8.2314042
155.78268,9.2774601
155.79429,7.9684998
155.8059,6.4423783
155.81751,10.712302
155.82912,4.0200375
155.84073,7.4032439
155.85234,10.174421
155.86395,7.7383631
155.87556,9.6784421
155.88717,7.7444475
155.89878,6.0694006
155.91039,3.9899302
155.922,4.4052833
155.93361,3.5194393
155.94522,2.9028613
155.95683,3.5353333
155.96844,2.0232991
155.98005,2.7605124
155.99166,1.911709
156.00327,2.4924534
156.01488,1.6733956
156.02649,2.6423801
156.0381,2.9364057
156.04971,2.6111169
156.06132,1.9248013
156.07293,1.6782996
156.08454,2.1062858
156.09615,1.7695409
156.10776,2.0275891
156.11937,1.2933065
156.13098,1.4553088
156.14259,1.6346846
156.1542,2.1711633
156.1658,1.793553
156.17741,3.2760423
156.18902,3.6134139
156.20063,3.0910691
156.21224,3.9621814
156.22385,3.3187771
156.23546,7.9162888
156.24707,8.5509869
156.25868,8.4127274
156.27029,7.9748881
156.2819,7.2047614
156.29351,6.9418976
156.30512,7.8286839
156.31673,8.5129748
156.32834,7.2111043
156.33995,5.2494195
156.35156,5.3085816
156.36317,5.7575819
156.37478,5.8592398
156.38639,5.7024257
156.398,5.1650019
156.40961,5.064193
156.42122,5.2524876
156.43283,5.2433018
156.44444,5.3374975
156.45605,4.8397956
156.46766,4.9884836
156.47927,4.7364291
156.49088,3.9983119
156.50249,3.6155687
156.5141,3.8303283
156.52571,4.5288028
156.53732,4.7689194
156.54893,4.1388324
156.56054,3.481233
156.57215,3.283792
156.58376,3.6523128
156.59537,3.7732463
156.60698,3.3509031
156.61859,3.4875426
156.6302,2.8520188
156.64181,2.7058962
156.65342,2.809578
156.66503,3.200649
156.67664,3.9585826
156.68825,3.2670486
156.69986,4.6615141
156.71147,2.4529983
156.72308,4.4861655
156.73469,3.4424015
156.7463,3.4660106
156.75791,4.2164618
156.76952,6.8914918
156.78113,6.2848662
156.79274,6.2797544
156.80435,6.7206547
156.81596,5.9211432
156.82757,6.1927619
156.83918,4.9724238
156.85079,6.6871698
156.8624,6.3335574
156.87401,6.6611918
156.88562,6.4621595
156.89723,6.0125464
156.90884,5.7142917
156.92045,5.2955272
156.93206,5.0647658
156.94367,4.2621577
156.95528,4.6315161
156.96689,4.195994
156.9785,4.5743447
156.99011,4.5502319
157.00172,4.8117746
157.01333,4.9158186
157.02494,4.313363
157.03655,4.1357824
157.04816,3.7688476
157.05977,4.0582438
157.07138,3.9727114
157.08299,3.9697469
157.0946,4.8117165
157.10621,4.4942987
157.11782,4.8516839
157.12943,4.1097031
157.14104,3.3869865
157.15265,2.7034444
157.16426,3.3739655
157.17587,3.4842504
157.18748,2.7250023
157.19909,2.6831003
157.2107,2.8500414
157.22231,3.7158922
157.23392,5.1966585
157.24553,5.1789633
157.25714,4.3571002
157.26875,4.1808007
157.28036,4.7510739
157.29197,4.7958748
157.30358,5.305494
157.31519,5.1896736
157.3268,4.1723919
157.33841,4.3713138
157.35002,4.5588386
157.36163,4.8057877
157.37324,4.7501808
157.38485,4.503357
157.39646,3.9130133
157.40807,4.4339263
157.41968,7.0775942
157.43129,6.1807684
157.4429,6.5023518
157.45451,6.4468601
157.46612,5.4009402
157.47773,5.3210313
157.48934,4.5866195
157.50095,4.5989351
157.51256,5.1239113
157.52417,3.9121304
157.53578,4.4217396
157.54739,8.3539643
157.559,8.2519414
157.57061,7.2097511
157.58222,6.5784736
157.59383,7.0589868
157.60544,5.284274
157.61705,6.5899353
157.62866,5.8246655
157.64027,6.1514747
157.65188,6.4892382
157.66349,7.030934
157.6751,6.6981463
157.68671,7.042414
157.69832,6.439477
157.70993,6.0475934
157.72154,5.916534
157.73315,5.5390448
157.74476,5.1365765
157.75637,5.0686826
157.76798,4.4235673
157.77959,4.5858369
157.7912,4.6643754
157.80281,4.311913
157.81442,3.9709969
157.82603,4.2629871
157.83764,3.3206821
157.84925,3.4736616
157.86086,2.8846046
157.87247,2.9661544
157.88408,3.5097618
157.89569,2.8468793
157.9073,3.2411273
157.91891,3.5813826
157.93052,2.9339572
157.94213,3.1221389
157.95374,3.2377764
157.96535,2.8698282
157.97696,3.4791819
157.98857,3.2162474
158.00018,2.6038433
158.01179,3.046782
158.0234,2.6818585
158.03501,2.8493962
158.04662,3.2562752
158.05823,3.2735541
158.06984,2.2994805
158.08145,2.7540087
158.09306,3.2860058
158.10467,3.1824037
158.11628,3.4886985
158.12789,3.2640736
158.1395,2.4238953
158.15111,2.9724107
158.16272,2.820551
158.17433,3.1124044
158.18594,3.3179682
158.19755,2.7887156
158.20916,1.9762612
158.22077,3.1133679
158.23238,6.7307362
158.24399,5.3894698
158.2556,5.5865155
158.26721,4.8827352
158.27882,4.6659013
158.29043,4.7833193
158.30204,5.5577594
158.31365,5.8108925
158.32526,4.8848994
158.33687,5.0387038
158.34848,5.2423507
158.36009,4.7675014
158.3717,5.9363164
158.38331,6.7445902
158.39492,10.201099
158.40653,9.7837906
158.41814,6.9916755
158.42975,9.746564
158.44136,9.3319849
158.45297,7.3353455
158.46458,8.6578356
158.47619,4.7304433
158.4878,9.8942618
158.49941,13.752769
158.51102,14.225569
158.52263,11.275634
158.53424,11.254339
158.54585,7.9384968
158.55746,8.0185695
158.56907,9.2399986
158.58068,6.7587854
158.59229,6.7458097
158.6039,6.2424246
158.61551,5.1497167
158.62712,3.9116375
158.63873,3.469973
158.65034,2.2922182
158.66195,3.4175783
158.67356,3.1746233
158.68517,3.643797
158.69678,4.2903443
158.70839,3.6489377
158.72,4.3995809
158.73161,4.0812536
158.74322,2.5015419
158.75483,2.3296869
158.76644,2.1714777
158.77805,3.0506102
158.78966,3.6298685
158.80127,2.7353968
158.81288,3.6437769
158.82449,5.4179897
158.8361,7.2093075
158.84771,5.1235414
158.85932,5.0075286
158.87093,4.9297764
158.88254,4.9231141
158.89415,4.8128219
158.90576,5.4764014
158.91737,7.373746
158.92898,9.9975228
158.94059,11.188413
158.9522,10.106445
158.96381,8.6337708
158.97542,7.6758772
158.98703,7.5021062
158.99864,9.4794897
159.01025,9.3903071
159.02186,8.1822565
159.03347,8.0087559
159.04508,7.1588744
159.05669,8.0003263
159.0683,9.1407442
159.07991,7.0948826
159.09152,6.5419806
159.10313,7.9533869
159.11474,7.1928878
159.12635,7.3556932
159.13796,7.2701306
159.14957,6.3226442
159.16118,7.3636615
159.17279,7.3157036
159.1844,5.6076398
159.19601,5.2483899
159.20762,5.6594088
159.21923,6.3842337
159.23084,7.0986945
159.24245,6.2338916
159.25406,4.6781818
159.26567,4.5334274
159.27728,5.3786523
159.28889,6.1395824
159.3005,5.8053257
159.31211,4.9506361
159.32372,4.0716428
159.33533,3.9684884
159.34694,4.8961666
159.35855,6.4668233
159.37016,5.4779101
159.38177,3.2227816
159.39338,5.7420022
159.40499,4.3528528
159.4166,4.6812121
159.42821,4.8583781
159.43982,6.5595478
159.45143,5.1294724
159.46304,7.3680027
159.47465,7.4900226
159.48626,5.6221965
159.49787,5.1389766
159.50948,6.0832889
159.52109,6.6666262
159.5327,5.5779618
159.54431,5.7665123
159.55592,6.0363371
159.56753,5.8305724
159.57914,5.0591794
159.59075,5.1596819
159.60236,4.8174448
159.61397,4.3958225
159.62558,4.4139973
159.63719,4.311466
159.6488,4.1887658
159.66041,4.5826656
159.67202,4.9935602
159.68363,4.9376063
159.69524,4.4497081
159.70685,4.2736221
159.71846,4.6221994
159.73007,4.9798956
159.74168,4.1519279
159.75329,4.1886913
159.7649,4.8504812
159.77651,4.9981776
159.78812,4.3537897
159.79973,3.8868601
159.81134,4.2906
159.82295,4.5212079
159.83456,4.0098331
159.84617,3.090037
159.85778,4.1122496
159.86939,4.1760913
159.881,3.9668784
159.89261,3.4417514
159.90422,3.9847899
159.91583,4.6286356
159.92744,3.301641
159.93905,3.0363456
159.95066,3.1914111
159.96227,3.8580408
159.97388,3.298998
159.98549,2.7256953
159.9971,3.0912929
160.00871,3.8336376
160.02032,4.3285961
160.03193,3.0041803
160.04354,3.0010166
160.05515,3.4676697
160.06676,3.3949655
160.07837,3.7120559
160.08998,3.5590052
160.10159,2.6262389
160.1132,2.721405
160.12481,2.7585374
160.13642,3.2875458
160.14803,3.4197596
160.15964,2.9894247
160.17125,2.5493924
160.18286,2.9460236
160.19447,3.2526624
160.20608,3.4046457
160.21769,3.650473
160.2293,3.4449931
160.24091,3.1403493
160.25252,2.7889756
160.26413,2.8280497
160.27574,3.403113
160.28735,3.5031773
160.29896,3.9073582
160.31057,2.960214
160.32218,2.6767536
160.33379,2.8111811
160.3454,3.1681874
160.35701,3.1510181
160.36862,2.9479073
160.38023,2.8061956
160.39184,2.5199902
160.40345,2.6390914
160.41506,2.9476039
160.42667,2.9968458
160.43828,2.8539799
160.44989,3.3482719
160.4615,3.0156588
160.47311,2.8621451
160.48472,3.1323306
160.49633,3.0240788
160.50794,2.5522836
160.51955,2.8365439
160.53116,2.7226487
160.54277,2.7184464
160.55438,2.7843234
160.56599,3.1886208
160.5776,2.826918
160.58921,2.6169628
160.60082,3.1149172
160.61243,2.7994702
160.62404,2.7559599
160.63565,2.7547685
160.64726,2.4730896
160.65887,2.6896313
160.67048,2.4374882
160.68209,2.2956902
160.6937,2.30029
160.70531,2.6330352
160.71692,2.3073444
160.72853,2.1431687
160.74014,2.6881611
160.75175,2.0955216
160.76336,2.2030358
160.77497,2.9535732
160.78658,2.0187025
160.79819,1.7424031
160.8098,2.4384215
160.82141,1.7862173
160.83302,1.8467879
160.84463,2.1153163
160.85624,1.9100592
160.86785,1.6130896
160.87946,2.0169274
160.89107,2.0440579
160.90268,1.9017541
160.91429,2.0725429
160.9259,1.9833375
160.93751,1.8121051
160.94912,1.6770722
160.96073,1.8096186
160.97234,1.3123883
160.98395,1.595618
160.99556,1.7664042
161.00717,1.4442858
161.01878,1.7180207
161.03039,1.6410726
161.042,1.3535908
161.05361,1.9425981
161.06522,1.6317958
161.07683,1.3709637
161.08844,1.9389927
161.10005,1.292187
161.11166,1.2219618
161.12327,1.7879988
161.13488,1.5508771
161.14649,1.4458154
161.1581,1.4774625
161.16971,1.7925726
161.18132,1.2685966
161.19293,1.4242419
161.20454,1.4909444
161.21615,0.99564804
161.22776,1.1918992
161.23937,0.94419909
161.25098,0.93403626
161.26259,0.82147944
161.2742,1.5770333
161.2858,3.5707675
161.29741,3.3222976
161.30902,3.4658865
161.32063,3.1635173
161.33224,2.9917973
161.34385,2.8294108
161.35546,2.7391995
161.36707,3.1403201
161.37868,3.1262978
161.39029,3.1047857
161.4019,3.1315113
161.41351,2.8052571
161.42512,2.5742229
161.43673,2.3446792
161.44834,2.5196658
161.45995,2.8539527
161.47156,4.4051147
161.48317,4.4486712
161.49478,4.8343038
161.50639,3.9368385
161.518,3.7869895
161.52961,5.0725788
161.54122,2.472284
161.55283,6.7191455
161.56444,7.3187112
161.57605,6.1668628
161.58766,6.4959745
161.59927,4.3106825
161.61088,4.4262023
161.62249,3.4271281
161.6341,2.9428187
161.64571,2.7906041
161.65732,2.4737804
161.66893,1.8513111
161.68054,2.1651333
161.69215,1.5774473
161.70376,2.01166
161.71537,1.8174359
161.72698,1.7287712
161.73859,1.9244896
161.7502,2.036833
161.76181,2.0801585
161.77342,1.4991887
161.78503,1.4472849
161.79664,1.4397845
161.80825,1.4280272
161.81986,1.2430261
161.83147,1.1586129
161.84308,1.0806293
161.85469,1.1094859
161.8663,1.3748623
161.87791,1.2165971
161.88952,1.2533817
161.90113,1.6638735
161.91274,2.7336713
161.92435,1.335585
161.93596,1.4312718
161.94757,1.5958144
161.95918,1.7561578
161.97079,2.0997747
161.9824,3.0725519
161.99401,4.6324669
162.00562,5.4882634
162.01723,5.2891577
162.02884,5.2973468
162.04045,5.3853553
162.05206,5.198242
162.06367,4.7477628
162.07528,4.7814661
162.08689,4.6826644
162.0985,4.4446494
162.11011,4.3074899
162.12172,4.2221248
162.13333,3.7872024
162.14494,3.719031
162.15655,3.2966858
162.16816,2.8265865
162.17977,2.9837882
162.19138,3.3883734
162.20299,3.7503395
162.2146,3.2531246
162.22621,2.5890367
162.23782,2.252855
162.24943,2.3523532
162.26104,2.7388344
162.27265,2.7462894
162.28426,2.4727704
162.29587,2.0087533
162.30748,1.956238
162.31909,2.1911307
162.3307,2.4584611
162.34231,2.2567171
162.35392,2.0306789
162.36553,1.601267
162.37714,1.5805637
162.38875,1.9748469
162.40036,2.1756373
162.41197,1.8192956
162.42358,1.4613524
162.43519,1.2191748
162.4468,1.5685814
162.45841,1.6059461
162.47002,1.4973943
162.48163,1.5642582
162.49324,2.5213563
162.50485,2.5894545
162.51646,2.2266556
162.52807,3.0802744
162.53968,1.5705947
162.55129,2.8079723
162.5629,2.368474
162.57451,1.8554493
162.58612,2.6073199
162.59773,1.4936443
162.60934,2.1029851
162.62095,2.8463979
162.63256,3.1682553
162.64417,2.7070604
162.65578,3.0235306
162.66739,2.5894886
162.679,2.7267969
162.69061,2.609162
162.70222,2.8705942
162.71383,3.1347161
162.72544,3.1114348
162.73705,3.0709836
162.74866,2.9348259
162.76027,2.7095633
162.77188,2.5063613
162.78349,2.4155763
162.7951,2.2294668
162.80671,2.0096758
162.81832,2.0961972
162.82993,2.0378433
162.84154,2.1565216
162.85315,2.1118552
162.86476,2.0197713
162.87637,1.8929711
162.88798,1.7516425
162.89959,1.8279043
162.9112,1.7415731
162.92281,1.6613102
162.93442,1.5601124
162.94603,1.6320945
162.95764,1.6660197
162.96925,1.449274
162.98086,1.3557338
162.99247,1.2801963
163.00408,1.3522162
163.01569,1.2124304
163.0273,1.07786
163.03891,1.1935879
163.05052,1.1162171
163.06213,1.2197968
163.07374,1.0539855
163.08535,1.1176415
163.09696,1.0394599
163.10857,1.0540988
163.12018,1.0207163
163.13179,1.1410688
163.1434,1.1811307
163.15501,1.1191224
163.16662,1.030353
163.17823,1.1598008
163.18984,1.0997652
163.20145,1.0779669
163.21306,0.87450863
163.22467,1.0283117
163.23628,1.1144756
163.24789,0.97781494
163.2595,1.0173312
163.27111,0.94237795
163.28272,1.2119882
163.29433,1.091118
163.30594,1.2711989
163.31755,1.4295528
163.32916,1.9120923
163.34077,1.1066126
163.35238,1.9605748
163.36399,0.67378474
163.3756,1.3446842
163.38721,1.0937171
163.39882,1.5124005
163.41043,1.2168817
163.42204,1.5821427
163.43365,1.7715834
163.44526,1.9549469
163.45687,2.4754243
163.46848,2.1566658
163.48009,2.0168515
163.4917,2.0748492
163.50331,1.9053496
163.51492,1.8954271
163.52653,2.0367957
163.53814,2.1519201
163.54975,2.1404107
163.56136,2.1037362
163.57297,1.7118924
163.58458,1.9066088
163.59619,1.7920902
163.6078,1.9210055
163.61941,2.1531919
163.63102,2.0500563
163.64263,1.6812633
163.65424,2.0839542
163.66585,2.3071624
163.67746,2.1995201
163.68907,2.2691239
163.70068,1.9757615
163.71229,1.7122275
163.7239,1.9338818
163.73551,2.0643277
163.74712,2.0498091
163.75873,2.0238224
163.77034,2.0304186
163.78195,1.9570968
163.79356,2.1663505
163.80517,1.851749
163.81678,1.9361991
163.82839,1.9910724
163.84,3.976797
163.85161,3.6182154
163.86322,3.3063227
163.87483,2.771727
163.88644,2.3563827
163.89805,2.353841
163.90966,2.6994685
163.92127,3.002998
163.93288,2.3664963
163.94449,1.9530411
163.9561,2.3839577
163.96771,1.9545927
163.97932,1.7185449
163.99093,2.0574614
164.00254,1.9775989
164.01415,1.6106979
164.02576,1.7116003
164.03737,1.7316545
164.04898,1.6958085
164.06059,1.4347709
164.0722,1.3838922
164.08381,1.6016797
164.09542,1.9685837
164.10703,2.9056963
164.11864,2.1116361
164.13025,1.8262064
164.14186,2.065139
164.15347,1.9667708
164.16508,1.9039481
164.17669,2.2909694
164.1883,1.8233923
164.19991,2.2805073
164.21152,2.663153
164.22313,2.4845225
164.23474,2.3369272
164.24635,2.1453799
164.25796,2.0608479
164.26957,2.170263
164.28118,2.0006376
164.29279,1.6644066
164.3044,1.9797775
164.31601,1.669622
164.32762,1.4508855
164.33923,1.8674256
164.35084,1.5906403
164.36245,1.9260503
164.37406,1.6108418
164.38567,1.457022
164.39728,1.4357415
164.40889,1.2945957
164.4205,1.2149827
164.43211,1.5143596
164.44372,1.2673637
164.45533,1.5678812
164.46694,1.8228764
164.47855,2.0496806
164.49016,1.8062163
164.50177,1.7758208
164.51338,1.609161
164.52499,1.3690542
164.5366,1.5499527
164.54821,1.2935057
164.55982,1.2106559
164.57143,1.1264016
164.58304,1.3584603
164.59465,3.2726477
164.60626,2.9724416
164.61787,3.8633847
164.62948,3.6377559
164.64109,3.1672364
164.6527,2.9669858
164.66431,2.9451678
164.67592,2.7095448
164.68753,2.7176305
164.69914,2.4159649
164.71075,2.2937998
164.72236,2.1225564
164.73397,3.0044616
164.74558,3.6421188
164.75719,2.4952713
164.7688,2.3726556
164.78041,2.1943929
164.79202,2.2757682
164.80363,2.2707263
164.81524,2.498874
164.82685,2.4944753
164.83846,2.4309145
164.85007,2.7416068
164.86168,2.3876908
164.87329,2.2151741
164.8849,2.3718447
164.89651,2.1316371
164.90812,2.0841519
164.91973,1.9873039
164.93134,2.0024143
164.94295,2.8915231
164.95456,2.8056653
164.96617,2.5974348
164.97778,2.4036092
164.98939,2.3113331
165.001,2.4588036
165.01261,2.8755689
165.02422,2.8789055
165.03583,2.5621154
165.04744,2.4746709
165.05905,2.2505726
165.07066,2.4378586
165.08227,2.539841
165.09388,2.4767679
165.10549,2.3869292
165.1171,2.2967485
165.12871,2.2459997
165.14032,2.4235779
165.15193,2.7174042
165.16354,2.5774985
165.17515,2.4937427
165.18676,2.2371893
165.19837,2.1405157
165.20998,2.3421078
165.22159,2.5314952
165.2332,2.4554986
165.24481,2.3310895
165.25642,2.2782255
165.26803,2.1214502
165.27964,2.5018873
165.29125,2.7308634
165.30286,2.3262754
165.31447,2.213371
165.32608,2.2162518
165.33769,2.2812922
165.3493,2.3750797
165.36091,2.261546
165.37252,2.2776219
165.38413,2.3476248
165.39574,2.2714798
165.40735,2.1845615
165.41896,2.2846381
165.43057,2.1657294
165.44218,1.8757472
165.45379,1.8838106
165.4654,1.9656696
165.47701,1.9360289
165.48862,1.8984198
165.50023,1.9479751
165.51184,1.9490642
165.52345,1.6824275
165.53506,1.5397814
165.54667,1.6635595
165.55828,1.6400527
165.56989,1.5778671
165.5815,1.5281222
165.59311,1.3942559
165.60472,1.2728385
165.61633,1.3422036
165.62794,1.5670078
165.63955,1.6352879
165.65116,1.3331884
165.66277,1.073211
165.67438,1.3159722
165.68599,1.1420094
165.6976,1.0811509
165.70921,1.0961385
165.72082,0.90301236
165.73243,0.85469101
165.74404,1.1705312
165.75565,1.2114906
165.76726,0.9060624
165.77887,0.74815016
165.79048,0.78702263
165.80209,0.89437456
165.8137,0.90178258
165.82531,0.8856866
165.83692,0.69009826
165.84853,0.83900595
165.86014,0.97297283
165.87175,1.1562614
165.88336,1.0336847
165.89497,0.78100783
165.90658,0.92911536
165.91819,0.84689529
165.9298,0.81831885
165.94141,0.97501656
165.95302,0.96116878
165.96463,0.88115268
165.97624,1.0754882
165.98785,0.76492934
165.99946,1.0444904
166.01107,0.98226967
166.02268,1.0292683
166.03429,0.90494443
166.0459,0.99661635
166.05751,0.93967268
166.06912,0.97444103
166.08073,1.2634041
166.09234,1.0669852
166.10395,1.0362242
166.11556,0.93538974
166.12717,1.0364407
166.13878,1.0143051
166.15039,1.1362087
166.162,1.0076209
166.17361,1.1091203
166.18522,1.0301205
166.19683,1.1757744
166.20844,1.3560038
166.22005,1.0974243
166.23166,1.0436751
166.24327,1.1011338
166.25488,1.1007041
166.26649,1.0744794
166.2781,1.1320529
166.28971,1.0429701
166.30132,1.0216339
166.31293,1.0272534
166.32454,1.1501254
166.33615,1.2383249
166.34776,0.99340185
166.35937,1.06419
166.37098,0.98860085
166.38259,1.0359153
166.3942,1.0073544
166.4058,1.1072199
166.41741,0.96630064
166.42902,1.0312059
166.44063,1.1182095
166.45224,1.1308445
166.46385,1.174764
166.47546,0.88037181
166.48707,1.0327503
166.49868,0.95225829
166.51029,1.1220627
166.5219,0.93027924
166.53351,1.0276269
166.54512,0.99842542
166.55673,0.97726088
166.56834,1.0588114
166.57995,0.88728391
166.59156,1.0560538
166.60317,0.88023201
166.61478,0.98809432
166.62639,0.82257277
166.638,0.88229937
166.64961,0.81234608
166.66122,1.0393529
166.67283,1.0676417
166.68444,0.93134852
166.69605,1.0067754
166.70766,0.84053084
166.71927,0.79797964
166.73088,1.1252334
166.74249,0.83420421
166.7541,0.58705574
166.76571,1.9331313
166.77732,6.0455247
166.78893,5.9295032
166.80054,6.179343
166.81215,5.5192819
166.82376,5.6346664
166.83537,5.7221666
166.84698,5.0022779
166.85859,5.4504461
166.8702,6.1112016
166.88181,6.090611
166.89342,6.1258684
166.90503,5.2946512
166.91664,4.9956515
166.92825,5.0466349
166.93986,4.6986565
166.95147,4.0520343
166.96308,3.400194
166.97469,4.7100097
166.9863,4.5122394
166.99791,6.9126873
167.00952,7.9693367
167.02113,7.9175851
167.03274,9.8145312
167.04435,10.116641
167.05596,4.2177217
167.06757,8.9940127
167.07918,5.691821
167.09079,8.5872645
167.1024,8.7967267
167.11401,10.17135
167.12562,11.612566
167.13723,9.7084901
167.14884,10.294755
167.16045,8.563483
167.17206,8.6082414
167.18367,6.1460236
167.19528,7.0804233
167.20689,4.9591789
167.2185,6.2579985
167.23011,5.0112504
167.24172,4.440018
167.25333,2.7476198
167.26494,3.1669505
167.27655,2.5840188
167.28816,3.9303533
167.29977,2.9897688
167.31138,3.6941943
167.32299,2.538046
167.3346,2.9419267
167.34621,2.00955
167.35782,1.821571
167.36943,1.6785414
167.38104,2.0958436
167.39265,2.0477917
167.40426,1.3895061
167.41587,2.6751091
167.42748,4.9040063
167.43909,3.1245425
167.4507,3.1526027
167.46231,3.1713274
167.47392,3.5280042
167.48553,3.9977198
167.49714,4.9035681
167.50875,7.9446128
167.52036,9.5936871
167.53197,9.7651093
167.54358,8.5722524
167.55519,8.2601704
167.5668,7.4099945
167.57841,7.290748
167.59002,6.7953546
167.60163,6.7183505
167.61324,7.9190203
167.62485,7.7893313
167.63646,6.8230998
167.64807,6.1175424
167.65968,5.8750207
167.67129,6.5005527
167.6829,7.709602
167.69451,7.2873499
167.70612,6.4166262
167.71773,5.8790117
167.72934,5.6377248
167.74095,6.4505467
167.75256,6.6315151
167.76417,5.8395293
167.77578,4.8142643
167.78739,4.4443651
167.799,5.0541222
167.81061,5.8391197
167.82222,6.0354865
167.83383,6.9828641
167.84544,5.8208394
167.85705,3.7689062
167.86866,6.8967298
167.88027,4.1770867
167.89188,5.4835436
167.90349,4.1606962
167.9151,4.6739688
167.92671,5.6908246
167.93832,4.230862
167.94993,6.069315
167.96154,4.2734833
167.97315,5.0784783
167.98476,3.879682
167.99637,4.0172619
168.00798,3.5981423
168.01959,3.4227023
168.0312,3.7270066
168.04281,5.8588519
168.05442,7.0826531
168.06603,7.4162356
168.07764,5.9936024
168.08925,7.7522102
168.10086,3.5819669
168.11247,7.9053304
168.12408,5.7088346
168.13569,7.8248128
168.1473,7.3016117
168.15891,9.8311966
168.17052,12.523733
168.18213,9.878312
168.19374,10.374212
168.20535,8.9484069
168.21696,6.9430382
168.22857,6.86544
168.24018,5.4334348
168.25179,5.1575004
168.2634,3.3359569
168.27501,4.32986
168.28662,3.7758969
168.29823,6.7273096
168.30984,4.592651
168.32145,3.6611548
168.33306,3.5589338
168.34467,4.6777618
168.35628,4.7925247
168.36789,3.2369125
168.3795,3.8047778
168.39111,4.3914974
168.40272,2.3448239
168.41433,3.6236855
168.42594,2.5364136
168.43755,2.86648
168.44916,7.1832922
168.46077,8.3017134
168.47238,8.0572261
168.48399,8.7237626
168.4956,8.8282764
168.50721,6.7917861
168.51882,5.1530823
168.53043,4.7592128
168.54204,4.1627204
168.55365,5.9228265
168.56526,5.9507255
168.57687,5.3058773
168.58848,4.5483029
168.60009,4.4214923
168.6117,4.3727425
168.62331,4.5824373
168.63492,4.6257432
168.64653,4.8969222
168.65814,4.9572645
168.66975,4.2287682
168.68136,3.7312792
168.69297,3.6387726
168.70458,3.7404706
168.71619,4.2293794
168.7278,5.0815586
168.73941,4.4356684
168.75102,5.5179432
168.76263,4.7517611
168.77424,4.8390713
168.78585,4.5971666
168.79746,4.4509793
168.80907,5.0228395
168.82068,3.7723875
168.83229,5.3297967
168.8439,3.8961374
168.85551,5.9223082
168.86712,4.543609
168.87873,7.3432751
168.89034,7.4202169
168.90195,6.5102846
168.91356,7.8956438
168.92517,5.9073948
168.93678,6.9369328
168.94839,5.6206249
168.96,2.9174117
168.97161,5.2712832
168.98322,4.9633494
168.99483,6.9430104
169.00644,6.0083703
169.01805,6.551325
169.02966,6.5490426
169.04127,8.40289
169.05288,8.1022623
169.06449,7.0081848
169.0761,5.5190989
169.08771,4.5810894
169.09932,5.3256621
169.11093,4.7654459
169.12254,5.5076942
169.13415,5.2785571
169.14576,4.5041451
169.15737,3.527042
169.16898,2.9057758
169.18059,3.2281512
169.1922,4.1146037
169.20381,2.8786807
169.21542,3.0482365
169.22703,3.3832145
169.23864,4.8602346
169.25025,4.0567392
169.26186,7.4545615
169.27347,9.4954033
169.28508,8.729105
169.29669,8.516029
169.3083,8.9696693
169.31991,8.8167922
169.33152,8.461911
169.34313,6.7880432
169.35474,6.5238798
169.36635,7.3994989
169.37796,8.8336304
169.38957,9.0469841
169.40118,7.7247448
169.41279,7.3189364
169.4244,7.1043708
169.43601,7.5142355
169.44762,7.8572381
169.45923,8.2818914
169.47084,7.6985954
169.48245,7.185697
169.49406,5.4348356
169.50567,10.103296
169.51728,7.6894781
169.52889,6.491368
169.5405,7.8683396
169.55211,4.1181659
169.56372,7.3977368
169.57533,5.1430574
169.58694,7.7419995
169.59855,5.7542676
169.61016,6.3665369
169.62177,11.082543
169.63338,8.8312225
169.64499,11.132563
169.6566,8.842889
169.66821,9.9936445
169.67982,8.4330583
169.69143,7.7487816
169.70304,9.8890059
169.71465,8.4234766
169.72626,7.6857924
169.73787,11.808676
169.74948,10.860434
169.76109,12.522623
169.7727,12.942327
169.78431,11.494579
169.79592,11.724581
169.80753,10.144275
169.81914,10.857815
169.83075,10.288425
169.84236,11.641712
169.85397,11.730652
169.86558,13.153663
169.87719,8.0540296
169.8888,8.1311643
169.90041,8.7844004
169.91202,9.5064395
169.92363,8.0156864
169.93524,6.6895061
169.94685,6.9803027
169.95846,7.1909427
169.97007,6.882186
169.98168,4.9819692
169.99329,7.343143
170.0049,6.8602442
170.01651,12.288416
170.02812,12.471845
170.03973,13.424449
170.05134,12.480302
170.06295,12.243903
170.07456,12.410994
170.08617,12.367221
170.09778,9.5837572
170.10939,9.3047085
170.121,10.119881
170.13261,12.299923
170.14422,12.681653
170.15583,10.523978
170.16744,8.8992901
170.17905,8.5230426
170.19066,10.539397
170.20227,12.083992
170.21388,11.180117
170.22549,9.551865
170.2371,8.9062134
170.24871,9.2816039
170.26032,7.6573272
170.27193,8.8790979
170.28354,8.1543684
170.29515,6.3970086
170.30676,7.3858851
170.31837,4.9497244
170.32998,7.0403528
170.34159,5.1161599
170.3532,6.9523696
170.36481,4.7187373
170.37642,4.9045793
170.38803,4.1679417
170.39964,3.7233543
170.41125,5.4859002
170.42286,6.834607
170.43447,6.0957624
170.44608,7.3290614
170.45769,6.7569038
170.4693,7.3155783
170.48091,4.9410971
170.49252,6.9611679
170.50413,6.7690329
170.51574,4.1003165
170.52735,6.6975222
170.53896,4.0087969
170.55057,6.8509938
170.56218,6.7100266
170.57379,6.2727498
170.5854,6.4003992
170.59701,6.689396
170.60862,6.9672237
170.62023,5.1166627
170.63184,5.7492273
170.64345,4.4859112
170.65506,5.34939
170.66667,4.8881428
170.67828,5.3211403
170.68989,3.945369
170.7015,4.6297526
170.71311,3.7878913
170.72472,4.4255318
170.73633,3.7885977
170.74794,3.8912969
170.75955,2.7100534
170.77116,4.1771055
170.78277,4.3077277
170.79438,4.0255829
170.80599,3.6814137
170.8176,3.2277403
170.82921,3.6749926
170.84082,3.4358924
170.85243,2.6549354
170.86404,2.4011721
170.87565,1.7602611
170.88726,1.4884138
170.89887,2.1262364
170.91048,1.6101089
170.92209,2.0591393
170.9337,1.6313271
170.94531,1.5583256
170.95692,1.4495341
170.96853,1.7698876
170.98014,1.964304
170.99175,1.7795444
171.00336,1.8141483
171.01497,4.1828977
171.02658,3.2745184
171.03819,5.3808407
171.0498,6.4838128
171.06141,5.102838
171.07302,4.2100856
171.08463,4.8187161
171.09624,4.0584653
171.10785,4.5551106
171.11946,4.4902149
171.13107,4.6082423
171.14268,4.258157
171.15429,3.9054489
171.1659,3.5251315
171.17751,4.007963
171.18912,4.0118948
171.20073,3.9231532
171.21234,3.8983096
171.22395,3.3199034
171.23556,2.9513964
171.24717,3.2563293
171.25878,3.668628
171.27039,3.5039422
171.282,3.1535452
171.29361,2.8940962
171.30522,2.7528
171.31683,2.3310089
171.32844,3.0499894
171.34005,3.4467512
171.35166,2.8632771
171.36327,2.0907707
171.37488,2.1507827
171.38649,2.9919111
171.3981,2.9739927
171.40971,2.7155255
171.42132,2.5846588
171.43293,2.1730292
171.44454,2.0080421
171.45615,2.3546817
171.46776,2.817353
171.47937,2.3909641
171.49098,1.8941499
171.50259,2.0995613
171.5142,2.3628267
171.5258,2.0233946
171.53741,1.9151417
171.54902,2.3313678
171.56063,2.7677009
171.57224,2.4732006
171.58385,2.2981941
171.59546,2.5214251
171.60707,2.4856695
171.61868,2.0558284
171.63029,2.3845745
171.6419,2.6292503
171.65351,2.3188045
171.66512,2.519203
171.67673,2.430965
171.68834,2.6480729
171.69995,2.2666434
171.71156,2.3945943
171.72317,1.8254489
171.73478,1.8303401
171.74639,1.9175718
171.758,1.6618719
171.76961,2.0476259
171.78122,1.8549344
171.79283,2.043692
171.80444,1.8697613
171.81605,1.9629152
171.82766,1.7161917
171.83927,1.7324479
171.85088,1.9981668
171.86249,1.7561348
171.8741,1.7927069
171.88571,1.8083355
171.89732,1.3403692
171.90893,1.5925473
171.92054,1.4826588
171.93215,1.3389046
171.94376,1.4300295
171.95537,1.4364185
171.96698,1.1947773
171.97859,1.1935578
171.9902,1.2091833
172.00181,1.0793151
172.01342,1.2722868
172.02503,1.2454488
172.03664,1.1704433
172.04825,1.2830624
172.05986,1.3091204
172.07147,1.0941655
172.08308,1.3163613
172.09469,1.2466078
172.1063,1.0635773
172.11791,1.2057595
172.12952,3.0673258
172.14113,5.0505929
172.15274,7.8196799
172.16435,7.5419076
172.17596,7.0341324
172.18757,7.0130083
172.19918,6.5062409
172.21079,6.5402082
172.2224,7.1016085
172.23401,6.6947304
172.24562,5.4834969
172.25723,4.2031307
172.26884,3.8725746
172.28045,5.1257763
172.29206,5.2676075
172.30367,4.5921641
172.31528,4.1161254
172.32689,3.9716445
172.3385,4.4657899
172.35011,4.6652668
172.36172,4.0294995
172.37333,3.6245643
172.38494,3.4765466
172.39655,2.8806392
172.40816,2.9516745
172.41977,2.5606291
172.43138,3.0970066
172.44299,3.9161973
172.4546,4.4675596
172.46621,3.0594997
172.47782,3.7846339
172.48943,3.1969591
172.50104,3.1920242
172.51265,3.0745556
172.52426,2.9552625
172.53587,3.0174994
172.54748,3.2328812
172.55909,2.0268163
172.5707,2.2189318
172.58231,3.4412107
172.59392,2.5548598
172.60553,2.3707457
172.61714,2.689448
172.62875,1.8816423
172.64036,3.2288376
172.65197,3.0397384
172.66358,2.2529536
172.67519,3.0913993
172.6868,2.1754812
172.69841,2.8797654
172.71002,3.2117204
172.72163,2.39242
172.73324,2.8768165
172.74485,2.0177692
172.75646,4.4608249
172.76807,3.6412297
172.77968,3.811412
172.79129,3.9691623
172.8029,2.5753017
172.81451,4.5230055
172.82612,3.7140626
172.83773,3.3679311
172.84934,3.8054571
172.86095,2.8547853
172.87256,3.9242539
172.88417,1.7141715
172.89578,3.591223
172.90739,2.3279845
172.919,3.0999895
172.93061,2.7167928
172.94222,2.1860896
172.95383,3.1840318
172.96544,3.6253688
172.97705,4.6439633
172.98866,4.9893975
173.00027,4.4642395
173.01188,3.1608796
173.02349,6.0259815
173.0351,6.7518181
173.04671,3.4799143
173.05832,7.2592467
173.06993,5.7239529
173.08154,3.7560544
173.09315,5.1982684
173.10476,3.7604606
173.11637,3.6521317
173.12798,4.4026687
173.13959,3.6947868
173.1512,4.7044424
173.16281,5.1410095
173.17442,3.3961705
173.18603,4.368831
173.19764,4.1729431
173.20925,2.9612953
173.22086,3.9001831
173.23247,2.8816202
173.24408,3.1308256
173.25569,4.0293928
173.2673,4.2654698
173.27891,4.5840487
173.29052,5.1335628
173.30213,5.0154759
173.31374,5.0658325
173.32535,5.8935385
173.33696,4.5910328
173.34857,4.8573942
173.36018,4.9332837
173.37179,3.2829206
173.3834,3.3907215
173.39501,4.0534484
173.40662,3.5175661
173.41823,3.5864212
173.42984,3.73123
173.44145,3.2058195
173.45306,3.3235103
173.46467,3.1925908
173.47628,2.4218824
173.48789,2.3030404
173.4995,2.0053095
173.51111,2.8540009
173.52272,2.9509649
173.53433,2.8539393
173.54594,3.082748
173.55755,3.0336134
173.56916,3.1119823
173.58077,2.962007
173.59238,3.533201
173.60399,4.0549792
173.6156,2.4745943
173.62721,3.7163449
173.63882,2.5939999
173.65043,2.9278463
173.66204,3.1420365
173.67365,2.3579319
173.68526,2.9898456
173.69687,2.7419383
173.70848,3.3679362
173.72009,3.2486086
173.7317,2.1417508
173.74331,2.7260141
173.75492,2.6034713
173.76653,3.3574332
173.77814,4.6446198
173.78975,3.2613627
173.80136,2.4932876
173.81297,3.7712656
173.82458,3.6451288
173.83619,3.5633986
173.8478,3.3037782
173.85941,2.8237035
173.87102,2.9473206
173.88263,3.3324782
173.89424,3.9775362
173.90585,3.6340507
173.91746,2.9561093
173.92907,3.0547441
173.94068,3.698416
173.95229,3.7358746
173.9639,3.4392182
173.97551,3.6182075
173.98712,2.6956087
173.99873,2.4135572
174.01034,3.4942404
174.02195,2.2505168
174.03356,2.4089772
174.04517,2.9265527
174.05678,3.4400668
174.06839,3.0283133
174.08,3.1452807
174.09161,3.2143416
174.10322,2.8956532
174.11483,3.4945557
174.12644,3.6207684
174.13805,4.2654986
174.14966,3.7339645
174.16127,4.0466021
174.17288,4.737837
174.18449,4.1362423
174.1961,3.5500756
174.20771,3.8909488
174.21932,3.9835381
174.23093,2.8818808
174.24254,2.721696
174.25415,3.2223567
174.26576,3.0503887
174.27737,2.0392762
174.28898,1.9082106
174.30059,2.3338269
174.3122,1.4335434
174.32381,1.6633352
174.33542,2.0866398
174.34703,2.487704
174.35864,2.1709122
174.37025,2.685241
174.38186,3.4850969
174.39347,2.0518271
174.40508,2.2524543
174.41669,3.2814619
174.4283,2.9859121
174.43991,2.1605057
174.45152,1.7717103
174.46313,2.5064567
174.47474,2.5224471
174.48635,2.3840734
174.49796,2.4942055
174.50957,2.6587583
174.52118,2.5787394
174.53279,1.6324476
174.5444,2.1121242
174.55601,3.090919
174.56762,3.1372161
174.57923,2.2968505
174.59084,2.0399203
174.60245,3.6125514
174.61406,3.6124029
174.62567,3.1227265
174.63728,3.0756501
174.64889,3.3101321
174.6605,2.6080992
174.67211,2.3719856
174.68372,2.4481451
174.69533,2.5926704
174.70694,2.9227673
174.71855,2.1564757
174.73016,2.8211541
174.74177,4.4220125
174.75338,3.1789777
174.76499,3.0472952
174.7766,3.86841
174.78821,3.7937976
174.79982,2.1332478
174.81143,3.0801628
174.82304,3.2322107
174.83465,2.2788674
174.84626,2.2499554
174.85787,2.8461467
174.86948,2.1203806
174.88109,2.2433646
174.8927,2.5096179
174.90431,2.2335657
174.91592,1.8592916
174.92753,1.883059
174.93914,1.9445412
174.95075,1.775438
174.96236,1.928039
174.97397,2.1225291
174.98558,1.6774075
174.99719,1.5159909
175.0088,1.6023873
175.02041,1.9272749
175.03202,1.636561
175.04363,1.4216392
175.05524,1.5449966
175.06685,2.1494057
175.07846,1.8932287
175.09007,1.8886391
175.10168,3.1002201
175.11329,2.5533009
175.1249,2.2644279
175.13651,3.666934
175.14812,3.0439141
175.15973,2.2426722
175.17134,2.5428628
175.18295,3.5265619
175.19456,2.4838311
175.20617,2.2242416
175.21778,2.3147166
175.22939,2.8078299
175.241,2.6714553
175.25261,3.1518688
175.26422,2.3304053
175.27583,2.1173436
175.28744,1.8408381
175.29905,2.3402957
175.31066,2.1637771
175.32227,2.0607301
175.33388,2.4432114
175.34549,2.57636
175.3571,2.141937
175.36871,1.7894346
175.38032,1.8260265
175.39193,1.9765238
175.40354,2.4145426
175.41515,2.5321397
175.42676,2.2522071
175.43837,2.3940173
175.44998,2.0307484
175.46159,1.7287104
175.4732,1.8472498
175.48481,2.2745494
175.49642,2.0507869
175.50803,2.4465244
175.51964,2.1694913
175.53125,1.5408878
175.54286,1.9290595
175.55447,2.0940801
175.56608,2.0050079
175.57769,1.9766521
175.5893,2.3176366
175.60091,2.2668639
175.61252,1.5335044
175.62413,1.7686817
175.63574,1.6248363
175.64735,1.9602428
175.65896,1.7888105
175.67057,2.0200727
175.68218,2.1807979
175.69379,1.7659
175.7054,1.3673995
175.71701,1.7148469
175.72862,1.8894224
175.74023,1.7156573
175.75184,2.3694405
175.76345,3.0244965
175.77506,2.4688408
175.78667,1.8236682
175.79828,1.5370247
175.80989,1.8999383
175.8215,2.3736212
175.83311,1.8999386
175.84472,1.4635836
175.85633,2.3243084
175.86794,2.5175766
175.87955,1.9154194
175.89116,1.8317236
175.90277,3.0184392
175.91438,2.2470401
175.92599,1.5208908
175.9376,3.378014
175.94921,3.4214805
175.96082,1.6799103
175.97243,2.6830683
175.98404,3.3459866
175.99565,2.0994823
176.00726,2.6935304
176.01887,2.8793996
176.03048,2.5392685
176.04209,2.1982809
176.0537,3.1990864
176.06531,2.5526642
176.07692,1.9500974
176.08853,2.9677539
176.10014,2.6994621
176.11175,1.2334888
176.12336,2.1841688
176.13497,2.73655
176.14658,1.7172618
176.15819,1.8673911
176.1698,2.4186828
176.18141,1.9092776
176.19302,2.043235
176.20463,2.1716313
176.21624,1.9577254
176.22785,1.6421178
176.23946,2.440012
176.25107,1.7262861
176.26268,1.4267119
176.27429,2.1040446
176.2859,2.4132231
176.29751,1.4597382
176.30912,1.5056515
176.32073,2.3557233
176.33234,1.684688
176.34395,1.56791
176.35556,1.707584
176.36717,2.1096791
176.37878,1.4622001
176.39039,2.0725084
176.402,1.7652115
176.41361,1.2376521
176.42522,1.8331523
176.43683,1.8286206
176.44844,1.5664791
176.46005,1.4681706
176.47166,1.9987126
176.48327,1.8429107
176.49488,2.6239864
176.50649,3.8003245
176.5181,4.0173347
176.52971,2.5164136
176.54132,3.7163994
176.55293,3.3823853
176.56454,2.8978042
176.57615,2.6613833
176.58776,4.731443
176.59937,3.2078143
176.61098,3.1106386
176.62259,3.6499602
176.6342,5.0907071
176.6458,3.406452
176.65741,3.0127601
176.66902,3.796567
176.68063,3.7203924
176.69224,3.0625065
176.70385,3.4903857
176.71546,2.8894472
176.72707,3.4165454
176.73868,3.2335132
176.75029,3.344096
176.7619,3.2246885
176.77351,2.471802
176.78512,2.299955
176.79673,2.1977273
176.80834,2.2125132
176.81995,2.0418298
176.83156,2.0978777
176.84317,2.6889515
176.85478,2.6982756
176.86639,2.9473488
176.878,2.9664471
176.88961,2.5362601
176.90122,3.3271052
176.91283,3.8236679
176.92444,3.4225507
176.93605,2.6752697
176.94766,2.4972213
176.95927,3.441693
176.97088,3.2488215
176.98249,2.9931138
176.9941,2.999169
177.00571,4.0924421
177.01732,3.3012158
177.02893,3.4370225
177.04054,3.6789939
177.05215,2.8618844
177.06376,3.5892184
177.07537,3.9060438
177.08698,3.4268763
177.09859,2.6214063
177.1102,3.5604803
177.12181,2.1246702
177.13342,2.6847973
177.14503,2.6454331
177.15664,1.7466753
177.16825,2.4069342
177.17986,1.9403616
177.19147,1.5968448
177.20308,1.2415307
177.21469,2.3927733
177.2263,1.9352696
177.23791,1.6103143
177.24952,2.482073
177.26113,1.6482492
177.27274,1.8277112
177.28435,1.8745404
177.29596,1.3142615
177.30757,0.87743263
177.31918,1.7053772
177.33079,1.7467823
177.3424,1.5625197
177.35401,1.7099429
177.36562,1.5942969
177.37723,1.5816263
177.38884,3.418564
177.40045,4.681473
177.41206,4.808606
177.42367,4.1839999
177.43528,4.7316111
177.44689,4.4342441
177.4585,4.5188865
177.47011,4.3170656
177.48172,4.3257033
177.49333,4.5456477
177.50494,4.1871732
177.51655,4.2948008
177.52816,3.0423671
177.53977,3.4651469
177.55138,3.9289619
177.56299,3.9609955
177.5746,3.6971404
177.58621,3.8698028
177.59782,3.5847258
177.60943,3.7875249
177.62104,3.5635017
177.63265,3.256018
177.64426,2.769488
177.65587,3.935415
177.66748,5.7717343
177.67909,6.0913736
177.6907,4.8837492
177.70231,3.9511923
177.71392,4.7480885
177.72553,4.7226853
177.73714,4.4242117
177.74875,3.8153621
177.76036,3.3253491
177.77197,4.0141646
177.78358,4.0383861
177.79519,3.5213909
177.8068,3.2947171
177.81841,3.726137
177.83002,4.1144042
177.84163,3.7422343
177.85324,3.2510324
177.86485,3.5678992
177.87646,4.6932317
177.88807,2.4684641
177.89968,3.6607276
177.91129,2.9040771
177.9229,2.3316155
177.93451,3.010291
177.94612,4.2234523
177.95773,2.4013426
177.96934,2.5317112
177.98095,2.6669849
177.99256,3.4090434
178.00417,2.1325036
178.01578,2.3915362
178.02739,1.6733522
178.039,2.6434708
178.05061,2.1696652
178.06222,2.6883515
178.07383,1.9021334
178.08544,2.0956125
178.09705,1.6773027
178.10866,2.0324451
178.12027,1.7176101
178.13188,1.3455755
178.14349,1.84077
178.1551,1.9188809
178.16671,1.4570516
178.17832,1.6697532
178.18993,2.371375
178.20154,1.6481548
178.21315,3.2792339
178.22476,3.3594061
178.23637,3.4429761
178.24798,2.361786
178.25959,2.8831934
178.2712,3.4629368
178.28281,3.0143239
178.29442,2.5013865
178.30603,2.6321632
178.31764,2.1779086
178.32925,3.2846677
178.34086,4.3330732
178.35247,3.9104541
178.36408,3.7473593
178.37569,3.8512252
178.3873,4.2540735
178.39891,4.2352295
178.41052,3.1731307
178.42213,2.648097
178.43374,2.9959648
178.44535,3.2663321
178.45696,2.9623449
178.46857,2.5406884
178.48018,3.1499923
178.49179,3.2270769
178.5034,3.4807698
178.51501,2.9456195
178.52662,3.3417101
178.53823,2.9011034
178.54984,2.9839691
178.56145,3.0902864
178.57306,2.7085415
178.58467,2.5544685
178.59628,2.6685295
178.60789,2.6103255
178.6195,2.3244016
178.63111,2.4438645
178.64272,2.5564501
178.65433,2.2345989
178.66594,2.1683232
178.67755,2.3186898
178.68916,2.0361184
178.70077,2.0395271
178.71238,1.8662222
178.72399,1.939909
178.7356,1.8838234
178.74721,1.7990439
178.75882,1.8045681
178.77043,1.9647851
178.78204,1.8589513
178.79365,1.7847398
178.80526,1.8022144
178.81687,1.8646848
178.82848,1.7250855
178.84009,1.6365039
178.8517,2.1503929
178.86331,1.9198769
178.87492,1.8090261
178.88653,1.4628718
178.89814,1.3311058
178.90975,0.95844552
178.92136,1.0516699
178.93297,1.6193285
178.94458,2.5142958
178.95619,1.955674
178.9678,1.764947
178.97941,1.8913468
178.99102,1.9717759
179.00263,1.7069425
179.01424,1.5854039
179.02585,1.6459873
179.03746,1.752514
179.04907,1.4673607
179.06068,1.4225893
179.07229,1.6400926
179.0839,1.7123452
179.09551,1.889883
179.10712,1.6736705
179.11873,1.503514
179.13034,1.2722007
179.14195,1.261694
179.15356,1.1445215
179.16517,1.136336
179.17678,1.3160547
179.18839,1.4650944
179.2,1.4299658
179.21161,1.6729747
179.22322,1.5916338
179.23483,1.5497614
179.24644,1.256556
179.25805,1.2089308
179.26966,1.1299071
179.28127,1.1580833
179.29288,1.1068258
179.30449,1.0948097
179.3161,1.101096
179.32771,1.1336851
179.33932,1.222392
179.35093,1.3157082
179.36254,1.2628003
179.37415,1.7416749
179.38576,2.5050848
179.39737,2.2442063
179.40898,2.4519759
179.42059,2.2544019
179.4322,2.7667304
179.44381,2.7608985
179.45542,2.1800225
179.46703,2.4414195
179.47864,2.1974311
179.49025,2.4967289
179.50186,2.0562944
179.51347,2.8144934
179.52508,1.7506914
179.53669,1.9984084
179.5483,1.8687808
179.55991,2.0830826
179.57152,1.8973625
179.58313,1.8170815
179.59474,1.764244
179.60635,1.7180331
179.61796,1.5080819
179.62957,1.5822739
179.64118,1.319953
179.65279,1.4010856
179.6644,1.6889831
179.67601,1.8057803
179.68762,1.4615559
179.69923,1.5704553
179.71084,2.6553941
179.72245,2.6420164
179.73406,2.0592707
179.74567,2.6999237
179.75728,3.1226263
179.76889,2.9510428
179.7805,2.5575305
179.79211,1.8643642
179.80372,2.1278887
179.81533,2.3078893
179.82694,2.5637758
179.83855,2.968895
179.85016,2.7860788
179.86177,2.6910695
179.87338,2.2434696
179.88499,2.6481954
179.8966,2.7743081
179.90821,2.3602038
179.91982,2.246161
179.93143,2.438923
179.94304,1.3098149
179.95465,1.3788001
179.96626,1.7833774
179.97787,1.3821248
179.98948,1.6109693
180.00109,1.4437843
180.0127,1.2783048
180.02431,1.0563916
180.03592,1.5639895
180.04753,1.4070709
180.05914,0.94540117
180.07075,1.426171
180.08236,1.3361295
180.09397,1.1002677
180.10558,1.283595
180.11719,1.1644706
180.1288,0.80290351
180.14041,1.0716805
180.15202,1.2334779
180.16363,1.0747126
180.17524,0.97447638
180.18685,0.77229548
180.19846,1.1442188
180.21007,2.0629678
180.22168,3.3735599
180.23329,2.8704892
180.2449,2.9133666
180.25651,3.1192288
180.26812,3.3157765
180.27973,2.8106241
180.29134,2.2523077
180.30295,2.4163222
180.31456,2.7014686
180.32617,2.6648078
180.33778,2.4461624
180.34939,2.6543534
180.361,2.3496445
180.37261,2.6457289
180.38422,2.2220325
180.39583,2.0145041
180.40744,1.9965699
180.41905,2.7573125
180.43066,2.6359388
180.44227,2.4326151
180.45388,2.0448386
180.46549,2.1899789
180.4771,1.7523783
180.48871,2.626164
180.50032,2.3614114
180.51193,2.6099104
180.52354,3.456466
180.53515,3.9519928
180.54676,3.5173225
180.55837,2.7672131
180.56998,2.5363489
180.58159,3.1960699
180.5932,3.3781873
180.60481,2.7206274
180.61642,1.6214179
180.62803,2.3394106
180.63964,3.0064878
180.65125,2.8315525
180.66286,1.9656888
180.67447,2.0562312
180.68608,2.8354639
180.69769,2.9185816
180.7093,2.510815
180.72091,1.5435179
180.73252,1.6695156
180.74413,2.406879
180.75574,2.4019673
180.76735,2.5486445
180.77896,2.6585686
180.79057,2.727035
180.80218,2.1469671
180.81379,2.969153
180.8254,2.6423012
180.83701,2.6739129
180.84862,2.6132286
180.86023,3.0167267
180.87184,1.7659216
180.88345,2.1862723
180.89506,2.2957523
180.90667,2.6292651
180.91828,1.6404136
180.92989,1.6450513
180.9415,1.54567
180.95311,2.3952673
180.96472,1.9534265
180.97633,2.1342386
180.98794,1.7857116
180.99955,1.84566
181.01116,1.7139075
181.02277,1.825883
181.03438,1.8483194
181.04599,1.2214744
181.0576,1.7175835
181.06921,1.86102
181.08082,1.979184
181.09243,1.5261838
181.10404,1.5852126
181.11565,0.85585223
181.12726,1.7657919
181.13887,1.6120426
181.15048,1.7969068
181.16209,1.1084626
181.1737,2.0684059
181.18531,2.9766597
181.19692,3.1110006
181.20853,2.5128702
181.22014,2.0653745
181.23175,2.0578266
181.24336,3.3238221
181.25497,2.6345429
181.26658,2.4056475
181.27819,2.3127356
181.2898,2.2177571
181.30141,2.1104272
181.31302,2.5560324
181.32463,2.1201489
181.33624,2.1283015
181.34785,3.0173792
181.35946,2.7712587
181.37107,2.8136557
181.38268,2.8512238
181.39429,2.9957336
181.4059,2.8504304
181.41751,2.5992557
181.42912,2.6053263
181.44073,3.2545584
181.45234,2.7462102
181.46395,2.5997199
181.47556,2.9412852
181.48717,3.0470485
181.49878,2.7797867
181.51039,2.5092925
181.522,2.6054969
181.53361,2.59839
181.54522,2.494905
181.55683,2.3821388
181.56844,2.5599534
181.58005,2.6195393
181.59166,2.180128
181.60327,2.3007507
181.61488,2.5631184
181.62649,2.3061511
181.6381,1.8883875
181.64971,2.306945
181.66132,2.1687149
181.67293,1.9595644
181.68454,1.9318152
181.69615,2.0701009
181.70776,1.7285397
181.71937,1.6827027
181.73098,1.762814
181.74259,1.726082
181.7542,1.5046069
181.7658,1.6921644
181.77741,1.6486541
181.78902,1.57932
181.80063,1.529739
181.81224,1.4824276
181.82385,1.6043775
181.83546,1.470075
181.84707,1.3346919
181.85868,1.4285025
181.87029,1.4594324
181.8819,1.4557578
181.89351,1.3307393
181.90512,1.484619
181.91673,1.3961102
181.92834,1.3684589
181.93995,1.341634
181.95156,1.3019972
181.96317,1.2178519
181.97478,1.1822067
181.98639,1.275163
181.998,1.062089
182.00961,1.1229735
182.02122,1.171501
182.03283,1.2128759
182.04444,1.0786158
182.05605,1.1652454
182.06766,1.1146883
182.07927,1.116633
182.09088,1.0267493
182.10249,0.96074395
182.1141,0.89076288
182.12571,1.001389
182.13732,0.93466154
182.14893,0.97361624
182.16054,0.83058212
182.17215,0.9315647
182.18376,0.79361743
182.19537,0.76372998
182.20698,0.75309922
182.21859,0.76124277
182.2302,0.68155002
182.24181,0.6855557
182.25342,0.68768414
182.26503,0.78261163
182.27664,0.69081448
182.28825,0.58894701
182.29986,0.61813929
182.31147,0.67126015
182.32308,0.62347514
182.33469,0.52545191
182.3463,0.25915163
182.35791,0.3348823
182.36952,0.54428974
182.38113,0.29119246
182.39274,0.24817801
182.40435,0.27447749
182.41596,0.26529067
182.42757,0.28215119
182.43918,0.37538137
182.45079,1.6390688
182.4624,1.7886661
182.47401,3.9756815
182.48562,4.144685
182.49723,3.6918217
182.50884,3.5972856
182.52045,3.5732829
182.53206,3.2731291
182.54367,3.3734472
182.55528,3.0746961
182.56689,3.0309268
182.5785,3.2047791
182.59011,3.2627476
182.60172,3.2228173
182.61333,3.0465084
182.62494,3.1263468
182.63655,3.048659
182.64816,2.9727099
182.65977,2.9504925
182.67138,2.9678744
182.68299,2.8838719
182.6946,2.7803118
182.70621,2.5681995
182.71782,2.4128243
182.72943,2.3172819
182.74104,2.3765015
182.75265,2.2934749
182.76426,2.2851633
182.77587,2.2553175
182.78748,2.2226808
182.79909,2.1623103
182.8107,2.0641151
182.82231,2.0048335
182.83392,1.8668641
182.84553,1.7609564
182.85714,1.7301169
182.86875,1.7086056
182.88036,1.6393519
182.89197,1.6172516
182.90358,1.5832466
182.91519,1.4802888
182.9268,1.4582847
182.93841,1.5087211
182.95002,1.4883449
182.96163,1.4397634
182.97324,1.4074607
182.98485,1.3820668
182.99646,1.3969753
183.00807,1.4290722
183.01968,1.3395344
183.03129,1.3963421
183.0429,1.3558667
183.05451,1.4171998
183.06612,1.3791381
183.07773,1.3245841
183.08934,1.3981156
183.10095,1.3354809
183.11256,1.328347
183.12417,1.3459228
183.13578,1.310244
183.14739,1.3116042
183.159,1.3022317
183.17061,1.3307575
183.18222,1.3067093
183.19383,1.2974309
183.20544,1.2990386
183.21705,1.2412483
183.22866,1.351383
183.24027,1.9161354
183.25188,1.5046477
183.26349,0.96432085
183.2751,0.99532186
183.28671,1.3619624
183.29832,1.5637024
183.30993,1.4605464
183.32154,0.87735854
183.33315,1.0797451
183.34476,1.1482519
183.35637,1.0588838
183.36798,0.97399283
183.37959,0.82246111
183.3912,0.95140512
183.40281,1.148985
183.41442,1.2497487
183.42603,1.232104
183.43764,1.3154481
183.44925,1.4296123
183.46086,1.1336675
183.47247,1.2069037
183.48408,1.2538786
183.49569,1.0250301
183.5073,1.4568861
183.51891,1.4626178
183.53052,0.9509878
183.54213,1.2563687
183.55374,1.3461568
183.56535,1.0440394
183.57696,1.2722959
183.58857,1.0952508
183.60018,1.1120731
183.61179,1.2697246
183.6234,1.0955989
183.63501,1.0222097
183.64662,1.1492616
183.65823,1.0696267
183.66984,1.3347304
183.68145,2.0564234
183.69306,1.7381211
183.70467,1.349329
183.71628,0.86747789
183.72789,1.2946307
183.7395,1.6966739
183.75111,1.5726244
183.76272,1.3662766
183.77433,1.2158814
183.78594,1.2767665
183.79755,1.4432174
183.80916,1.4898449
183.82077,1.3802468
183.83238,1.287557
183.84399,1.0994498
183.8556,1.0787988
183.86721,1.3736598
183.87882,1.3675997
183.89043,1.1923745
183.90204,1.0683048
183.91365,0.9569309
183.92526,0.89397227
183.93687,0.99622023
183.94848,1.0760611
183.96009,1.1001506
183.9717,1.0371615
183.98331,1.0186492
183.99492,0.91019617
184.00653,1.0173219
184.01814,1.0839157
184.02975,1.0928516
184.04136,0.98605789
184.05297,0.95081372
184.06458,1.7319495
184.07619,2.0543833
184.0878,3.1084745
184.09941,3.3790482
184.11102,3.1541072
184.12263,3.1712997
184.13424,3.1528608
184.14585,2.8817499
184.15746,2.8862323
184.16907,2.8525643
184.18068,2.6069655
184.19229,2.5505085
184.2039,2.5906018
184.21551,2.5277239
184.22712,2.4463388
184.23873,2.4587093
184.25034,2.4671118
184.26195,2.6084766
184.27356,2.4943041
184.28517,2.3119269
184.29678,2.3294986
184.30839,2.2944868
184.32,2.064033
184.33161,2.0549518
184.34322,2.2304665
184.35483,2.1645392
184.36644,1.924667
184.37805,2.0123475
184.38966,2.0544812
184.40127,1.915053
184.41288,1.7983159
184.42449,1.8571435
184.4361,1.8189125
184.44771,1.7178278
184.45932,1.6811057
184.47093,1.6984364
184.48254,1.5764533
184.49415,1.8081366
184.50576,3.0055641
184.51737,2.5622139
184.52898,2.7758339
184.54059,2.7952604
184.5522,2.2131424
184.56381,2.486201
184.57542,2.145679
184.58703,2.1828073
184.59864,2.2921213
184.61025,1.8068845
184.62186,2.184278
184.63347,1.8180916
184.64508,1.9629616
184.65669,2.1499622
184.6683,1.9868223
184.67991,2.1984957
184.69152,1.9403267
184.70313,1.8594971
184.71474,1.7929881
184.72635,1.6080278
184.73796,1.7748829
184.74957,1.7193492
184.76118,1.096842
184.77279,1.3697789
184.7844,1.5311408
184.79601,1.7416354
184.80762,1.5898295
184.81923,1.9202339
184.83084,1.8657919
184.84245,1.4543634
184.85406,1.6840831
184.86567,1.7167233
184.87728,1.3617602
184.88889,1.7239859
184.9005,1.7945768
184.91211,1.3663445
184.92372,1.7580648
184.93533,1.6240677
184.94694,1.0688936
184.95855,1.5850326
184.97016,1.2476253
184.98177,1.1298287
184.99338,1.5361125
185.00499,1.0471517
185.0166,1.1966847
185.02821,1.5684871
185.03982,1.288032
185.05143,1.578587
185.06304,1.3135204
185.07465,1.4020367
185.08626,1.3902647
185.09787,1.2298802
185.10948,1.0886145
185.12109,1.2478444
185.1327,1.1461448
185.14431,1.1802062
185.15592,1.0155225
185.16753,1.0036153
185.17914,1.1732087
185.19075,0.9591913
185.20236,1.0462045
185.21397,1.0803701
185.22558,1.0279821
185.23719,1.11316
185.2488,1.0783014
185.26041,0.76087589
185.27202,0.94319502
185.28363,0.96656062
185.29524,0.87785389
185.30685,0.89910342
185.31846,1.0515819
185.33007,0.85206935
185.34168,0.85954752
185.35329,1.0158688
185.3649,0.91963929
185.37651,0.92092533
185.38812,0.90803284
185.39973,0.8366253
185.41134,0.92640575
185.42295,0.9322182
185.43456,0.98055199
185.44617,0.76511748
185.45778,0.80749038
185.46939,0.92871272
185.481,0.79676049
185.49261,0.82885952
185.50422,0.80937162
185.51583,0.73486241
185.52744,0.83865188
185.53905,0.86149342
185.55066,0.75095013
185.56227,0.67266368
185.57388,0.98054704
185.58549,0.8303273
185.5971,0.87224562
185.60871,0.8775986
185.62032,0.61783688
185.63193,0.83937057
185.64354,0.82274744
185.65515,0.7580688
185.66676,0.56111381
185.67837,0.58595526
185.68998,0.75495241
185.70159,0.73677978
185.7132,0.99683237
185.72481,0.61437302
185.73642,0.6586311
185.74803,0.84657219
185.75964,0.56625446
185.77125,0.77217263
185.78286,0.71360211
185.79447,0.58054849
185.80608,0.69992625
185.81769,0.63133354
185.8293,0.6394954
185.84091,0.5879755
185.85252,0.5215872
185.86413,0.8962394
185.87574,1.1211566
185.88735,1.4094748
185.89896,1.0151387
185.91057,1.4708887
185.92218,1.2524401
185.93379,1.3551385
185.9454,1.4596519
185.95701,1.2464487
185.96862,1.4071825
185.98023,1.3834719
185.99184,1.3129161
186.00345,1.5590285
186.01506,1.434254
186.02667,1.3259627
186.03828,1.6344553
186.04989,1.3539239
186.0615,1.4856186
186.07311,1.4502278
186.08472,1.2716397
186.09633,1.5240477
186.10794,1.3238068
186.11955,1.3156863
186.13116,1.3598684
186.14277,1.1863563
186.15438,1.1880206
186.16599,1.1420362
186.1776,1.2268698
186.18921,1.344372
186.20082,1.2507473
186.21243,1.2011093
186.22404,1.4680957
186.23565,1.1432082
186.24726,1.3101447
186.25887,1.1653021
186.27048,1.0489341
186.28209,1.1904628
186.2937,1.1546986
186.30531,1.044385
186.31692,1.1869473
186.32853,1.1433
186.34014,1.2923126
186.35175,1.2074293
186.36336,1.0252194
186.37497,1.1144105
186.38658,1.1079726
186.39819,1.06156
186.4098,0.96750849
186.42141,0.96166244
186.43302,1.0093024
186.44463,0.99754279
186.45624,0.89129983
186.46785,0.95399565
186.47946,0.86561034
186.49107,0.78312255
186.50268,0.98295091
186.51429,0.77599857
186.5259,0.79164724
186.53751,0.80986051
186.54912,0.79447575
186.56073,0.89096443
186.57234,0.74058459
186.58395,0.80520879
186.59556,0.74523747
186.60717,0.74284641
186.61878,0.84896581
186.63039,0.79573034
186.642,0.7209197
186.65361,0.83816431
186.66522,0.69072979
186.67683,0.8403279
186.68844,0.73604737
186.70005,0.80673797
186.71166,0.75091377
186.72327,0.82069945
186.73488,1.0029763
186.74649,1.2850296
186.7581,1.7231
186.76971,1.7382493
186.78132,2.0689694
186.79293,1.9637461
186.80454,1.6557462
186.81615,2.0034868
186.82776,1.7564756
186.83937,1.9744043
186.85098,1.6052463
186.86259,1.4433452
186.8742,1.8215139
186.8858,1.8222638
186.89741,2.007385
186.90902,1.3854829
186.92063,1.247395
186.93224,1.5319375
186.94385,1.8857747
186.95546,1.886851
186.96707,1.4766786
186.97868,1.3922427
186.99029,1.4711195
187.0019,1.8473867
187.01351,1.6077545
187.02512,1.3549321
187.03673,1.1646028
187.04834,1.2463499
187.05995,2.0758294
187.07156,1.5500668
187.08317,1.5547976
187.09478,1.4648091
187.10639,1.4069318
187.118,1.8992341
187.12961,1.2549191
187.14122,1.3932301
187.15283,1.3392297
187.16444,1.1231418
187.17605,1.5498718
187.18766,1.129662
187.19927,1.3971856
187.21088,1.3277276
187.22249,1.2007011
187.2341,1.3673893
187.24571,1.1672949
187.25732,1.2556211
187.26893,1.4450345
187.28054,1.0505904
187.29215,1.1680106
187.30376,1.0294185
187.31537,1.1562551
187.32698,1.3999171
187.33859,1.0643385
187.3502,0.94204357
187.36181,1.0119517
187.37342,1.2788781
187.38503,1.4176953
187.39664,1.0025032
187.40825,1.0188239
187.41986,0.9912781
187.43147,0.96703555
187.44308,1.1234946
187.45469,1.0217399
187.4663,0.85400827
187.47791,0.74089279
187.48952,0.99865388
187.50113,1.2042433
187.51274,1.1179101
187.52435,0.99961884
187.53596,0.91343165
187.54757,1.0544857
187.55918,1.0097638
187.57079,1.0815851
187.5824,0.94750533
187.59401,0.72084924
187.60562,0.98450615
187.61723,1.0025944
187.62884,1.0723607
187.64045,1.0013929
187.65206,0.70879214
187.66367,0.82658471
187.67528,0.97117522
187.68689,1.1214813
187.6985,0.98103947
187.71011,0.79273647
187.72172,0.76004002
187.73333,0.8484603
187.74494,0.82817672
187.75655,0.9603298
187.76816,0.64226183
187.77977,0.62199483
187.79138,0.8666383
187.80299,1.0422785
187.8146,1.0946818
187.82621,0.90161586
187.83782,0.49995715
187.84943,0.68088077
187.86104,0.89529512
187.87265,0.92327875
187.88426,0.74794075
187.89587,0.77389684
187.90748,0.7644337
187.91909,0.68736939
187.9307,0.73828781
187.94231,0.78607879
187.95392,0.43589949
187.96553,0.61500933
187.97714,0.76624321
187.98875,0.94901037
188.00036,0.69254915
188.01197,0.77917207
188.02358,0.59909266
188.03519,0.42069985
188.0468,0.61697632
188.05841,0.58738261
188.07002,0.66032959
188.08163,0.57802029
188.09324,0.67728701
188.10485,0.84462417
188.11646,0.57634639
188.12807,0.74245888
188.13968,0.5658699
188.15129,0.3978974
188.1629,0.59102919
188.17451,0.63518474
188.18612,0.81771561
188.19773,0.61845276
188.20934,0.60750521
188.22095,0.7309264
188.23256,0.65052423
188.24417,0.49958838
188.25578,0.61476103
188.26739,0.61621823
188.279,0.60669971
188.29061,0.65228328
188.30222,0.81602915
188.31383,0.8132427
188.32544,0.58155073
188.33705,0.54220188
188.34866,0.55382396
188.36027,0.83297151
188.37188,0.79291167
188.38349,0.67459967
188.3951,0.72250138
188.40671,0.54480632
188.41832,0.76893448
188.42993,0.64849967
188.44154,0.54029484
188.45315,0.53834079
188.46476,0.66899526
188.47637,0.85433059
188.48798,0.7278726
188.49959,0.78102398
188.5112,0.65581407
188.52281,0.67906294
188.53442,0.59630803
188.54603,0.59901759
188.55764,0.58561864
188.56925,0.52266582
188.58086,0.66168473
188.59247,0.66218525
188.60408,0.75272728
188.61569,0.65757022
188.6273,0.55448119
188.63891,0.74333493
188.65052,0.75737947
188.66213,0.89790271
188.67374,0.83937107
188.68535,0.61493518
188.69696,0.69402464
188.70857,0.68414254
188.72018,0.80320734
188.73179,0.89215303
188.7434,0.48391834
188.75501,0.61911267
188.76662,0.8757723
188.77823,0.99626675
188.78984,0.9419961
188.80145,0.79155372
188.81306,0.69832684
188.82467,0.84672071
188.83628,0.84061825
188.84789,0.89710528
188.8595,0.65853909
188.87111,0.59119659
188.88272,0.66030453
188.89433,0.9335823
188.90594,1.0198382
188.91755,0.84769452
188.92916,0.66597464
188.94077,0.81856791
188.95238,0.95279447
188.96399,1.0885544
188.9756,0.85098271
188.98721,0.6205002
188.99882,0.72896506
189.01043,0.87335393
189.02204,1.0246036
189.03365,0.8634896
189.04526,0.60037545
189.05687,0.78979221
189.06848,0.95487074
189.08009,1.0174623
189.0917,1.0364029
189.10331,0.76815857
189.11492,0.77018572
189.12653,0.99676161
189.13814,1.0045454
189.14975,0.95870776
189.16136,0.68406568
189.17297,0.63233876
189.18458,0.96491538
189.19619,0.99361992
189.2078,1.0034335
189.21941,0.90016675
189.23102,0.6675842
189.24263,0.90438354
189.25424,1.0092397
189.26585,1.1506128
189.27746,0.90232495
189.28907,0.66676636
189.30068,0.87919768
189.31229,0.95970406
189.3239,1.0981392
189.33551,0.99362825
189.34712,0.61500398
189.35873,0.79772379
189.37034,0.98226924
189.38195,1.0778297
189.39356,1.0104021
189.40517,0.76718759
189.41678,0.78751088
189.42839,0.98705025
189.44,1.1006088
189.45161,0.96602732
189.46322,0.75258357
189.47483,0.61991397
189.48644,0.89945543
189.49805,1.1096734
189.50966,1.1144814
189.52127,0.91287009
189.53288,0.52041036
189.54449,0.86594536
189.5561,1.018588
189.56771,1.1591768
189.57932,0.91246015
189.59093,0.64163466
189.60254,0.77350113
189.61415,1.0204399
189.62576,1.0347716
189.63737,0.94900769
189.64898,0.62023611
189.66059,0.8040956
189.6722,1.0162931
189.68381,1.1149968
189.69542,1.0826057
189.70703,0.75063254
189.71864,0.80789703
189.73025,0.9599456
189.74186,1.0645306
189.75347,1.0063483
189.76508,0.73760943
189.77669,0.57448587
189.7883,0.85342423
189.79991,0.96140059
189.81152,0.97751927
189.82313,0.74326688
189.83474,0.64385498
189.84635,0.82568637
189.85796,0.9838147
189.86957,1.0549451
189.88118,0.90889546
189.89279,0.60193897
189.9044,0.71401708
189.91601,0.95255175
189.92762,0.98539583
189.93923,0.77114781
189.95084,0.56489496
189.96245,0.57164238
189.97406,0.82302554
189.98567,0.92323659
189.99728,0.89302964
190.00889,0.57693512
190.0205,0.57370171
190.03211,0.80673418
190.04372,0.85574451
190.05533,0.8308226
190.06694,0.57582497
190.07855,0.70365411
190.09016,0.67517315
190.10177,0.74784094
190.11338,0.73685773
190.12499,0.58150117
190.1366,0.43445996
190.14821,0.40563969
190.15982,0.4808806
190.17143,0.8126915
190.18304,0.69973093
190.19465,0.45592401
190.20626,0.37494051
190.21787,0.50208697
190.22948,0.85130243
190.24109,0.8076595
190.2527,0.38899414
190.26431,0.45574218
190.27592,0.53295097
190.28753,0.87079524
190.29914,0.7894001
190.31075,0.57174762
190.32236,0.34277738
190.33397,0.4621977
190.34558,0.47881834
190.35719,0.72604121
190.3688,0.57797575
190.38041,0.35510354
190.39202,0.39284492
190.40363,0.47509953
190.41524,0.74919974
190.42685,0.63501585
190.43846,0.46596766
190.45007,0.38299906
190.46168,0.57952738
190.47329,0.55167864
190.4849,0.65824117
190.49651,0.54773549
190.50812,0.25596987
190.51973,0.3445905
190.53134,0.62595376
190.54295,0.73258395
190.55456,0.48653298
190.56617,0.47407749
190.57778,0.37991374
190.58939,0.58863276
190.601,0.83102794
190.61261,0.66854553
190.62422,0.3153818
190.63583,0.40927698
190.64744,0.4967964
190.65905,0.72193172
190.67066,0.68080798
190.68227,0.50830143
190.69388,0.47030883
190.70549,0.418885
190.7171,0.75144697
190.72871,0.69241005
190.74032,0.5419935
190.75193,0.32733272
190.76354,0.44228517
190.77515,0.65809425
190.78676,0.86377296
190.79837,0.46597445
190.80998,0.6168089
190.82159,0.47444779
190.8332,0.68415586
190.84481,0.81759804
190.85642,0.55334517
190.86803,0.44851541
190.87964,0.39507277
190.89125,0.60951892
190.90286,0.74641005
190.91447,0.56394221
190.92608,0.62363139
190.93769,0.42581389
190.9493,0.40309379
190.96091,0.44531761
190.97252,0.50331196
190.98413,0.39007034
190.99574,0.42730179
191.00735,0.32752177
191.01896,0.39751126
191.03057,0.40677242
191.04218,0.2476438
191.05379,0.49277791
191.0654,0.44523973
191.07701,0.35711867
191.08862,0.37711851
191.10023,0.29941386
191.11184,0.16951157
191.12345,0.2330002
191.13506,0.24079121
191.14667,0.18226059
191.15828,0.25581204
191.16989,0.29317416
191.1815,0.34747161
191.19311,0.29148034
191.20472,0.21671951
191.21633,0.20622498
191.22794,0.30645621
191.23955,0.40852762
191.25116,0.30987325
191.26277,0.23526042
191.27438,0.33054494
191.28599,0.27238306
191.2976,0.25041925
191.30921,0.23210345
191.32082,0.18889541
191.33243,0.2225825
191.34404,0.20513049
191.35565,0.22235593
191.36726,0.35402649
191.37887,0.45551597
191.39048,0.19699713
191.40209,0.44841371
191.4137,0.45651363
191.42531,0.38976856
191.43692,0.38445192
191.44853,0.60796886
191.46014,0.44598547
191.47175,0.53167157
191.48336,0.49968325
191.49497,0.2845899
191.50658,0.43906839
191.51819,0.33273653
191.5298,0.37982416
191.54141,0.33783891
191.55302,0.38492823
191.56463,0.34024621
191.57624,0.29504562
191.58785,0.34411493
191.59946,0.24580352
191.61107,0.4028199
191.62268,0.33973795
191.63429,0.41916592
191.6459,0.31127587
191.65751,0.2033515
191.66912,0.24508696
191.68073,0.29043044
191.69234,0.20985698
191.70395,0.23609332
191.71556,0.18580373
191.72717,0.29347661
