0.011609977,0
0.023219955,0
0.034829932,0
0.046439909,0
0.058049887,0
0.069659864,0
0.081269841,0
0.092879819,0.0010705151
0.1044898,0.03925912
0.11609977,0
0.12770975,0.013795571
0.13931973,6.8498353e-05
0.15092971,0
0.16253968,8.5059756e-05
0.17414966,0.0038441897
0.18575964,0
0.19736961,0.0023669811
0.20897959,0.05150138
0.22058957,0.0020773665
0.23219955,0.035529751
0.24380952,0.00038488425
0.2554195,0.0021995435
0.26702948,0
0.27863946,0.001474909
0.29024943,0.0039784926
0.30185941,0
0.31346939,0.002558893
0.32507937,0.0039996492
0.33668934,0.00066412185
0.34829932,0.0023512875
0.3599093,0
0.37151927,0.0027774627
0.38312925,0.0021626937
0.39473923,0.019346401
0.40634921,0.010847846
0.41795918,0.00021048921
0.42956916,5.0501544e-05
0.44117914,0.006477347
0.45278912,0.12338146
0.46439909,0.079070611
0.47600907,0.69054524
0.48761905,7.6603857
0.49922902,12.134809
0.510839,11.716133
0.52244898,11.025222
0.53405896,10.966867
0.54566893,11.211074
0.55727891,10.12974
0.56888889,9.7468516
0.58049887,9.818141
0.59210884,8.7662862
0.60371882,7.6318208
0.6153288,7.5676123
0.62693878,7.465867
0.63854875,7.5597819
0.65015873,7.6764693
0.66176871,8.7808226
0.67337868,9.3325304
0.68498866,9.7310813
0.69659864,9.2499871
0.70820862,9.6850545
0.71981859,9.8947852
0.73142857,9.612768
0.74303855,9.5364669
0.75464853,9.5656096
0.7662585,9.4125907
0.77786848,9.4248004
0.78947846,9.543723
0.80108844,9.6066939
0.81269841,9.0154954
0.82430839,8.8121519
0.83591837,8.4884228
0.84752834,8.2029551
0.85913832,7.7977493
0.8707483,7.6739899
0.88235828,7.7810083
0.89396825,7.6266282
0.90557823,7.6054291
0.91718821,7.2795838
0.92879819,6.6729243
0.94040816,8.8194688
0.95201814,10.372915
0.96362812,9.9512188
0.9752381,11.948813
0.98684807,10.681032
0.99845805,12.815594
1.010068,11.14504
1.021678,11.255158
1.033288,11.527902
1.044898,10.55023
1.0565079,9.6434631
1.0681179,14.593376
1.0797279,14.927719
1.0913379,13.917905
1.1029478,12.916394
1.1145578,11.321907
1.1261678,10.986455
1.1377778,10.292835
1.1493878,9.8442404
1.1609977,10.155412
1.1726077,9.4972548
1.1842177,9.6758663
1.1958277,9.4135245
1.2074376,8.2781768
1.2190476,8.180612
1.2306576,8.1703567
1.2422676,8.8014411
1.2538776,9.9662458
1.2654875,10.893805
1.2770975,11.082592
1.2887075,12.018241
1.3003175,12.489126
1.3119274,12.582919
1.3235374,12.371906
1.3351474,12.446944
1.3467574,12.537027
1.3583673,13.392594
1.3699773,13.058944
1.3815873,12.935918
1.3931973,12.545613
1.4048073,11.602144
1.4164172,11.016078
1.4280272,10.73681
1.4396372,10.197283
1.4512472,9.7412586
1.4628571,9.8366851
1.4744671,8.9720177
1.4860771,8.6425826
1.4976871,8.2088053
1.5092971,7.8043272
1.520907,7.0857059
1.532517,7.1800056
1.544127,6.8092859
1.555737,6.1244559
1.5673469,6.1201803
1.5789569,6.1882346
1.5905669,5.5973719
1.6021769,5.0138099
1.6137868,8.0017314
1.6253968,5.8675519
1.6370068,9.6678694
1.6486168,9.8721355
1.6602268,10.49399
1.6718367,10.222933
1.6834467,9.2106696
1.6950567,9.2969246
1.7066667,10.31057
1.7182766,10.332155
1.7298866,9.3717048
1.7414966,9.2895994
1.7531066,8.7860121
1.7647166,8.3766331
1.7763265,7.5441698
1.7879365,7.569073
1.7995465,7.4629639
1.8111565,6.6203919
1.8227664,6.4300924
1.8343764,6.3496138
1.8459864,6.6809861
1.8575964,6.5010282
1.8692063,6.9011419
1.8808163,7.3511244
1.8924263,7.6452765
1.9040363,7.8085938
1.9156463,7.7611195
1.9272562,7.6422369
1.9388662,7.6385074
1.9504762,7.3788715
1.9620862,7.0818488
1.9736961,7.0027103
1.9853061,6.9885213
1.9969161,6.9270792
2.0085261,6.2723953
2.0201361,6.3085765
2.031746,6.1563231
2.043356,6.0041173
2.054966,5.9492847
2.066576,6.270955
2.0781859,6.0656491
2.0897959,5.9320901
2.1014059,5.6171135
2.1130159,5.4505261
2.1246259,5.091634
2.1362358,4.2963168
2.1478458,7.3730487
2.1594558,8.6076905
2.1710658,7.811103
2.1826757,9.5360627
2.1942857,8.4221798
2.2058957,8.7769795
2.2175057,7.9736804
2.2291156,8.1170987
2.2407256,7.7064884
2.2523356,7.006361
2.2639456,6.8100472
2.2755556,6.6313736
2.2871655,6.6381042
2.2987755,5.898517
2.3103855,6.4887283
2.3219955,5.9210333
2.3336054,6.9669194
2.3452154,5.8719779
2.3568254,6.6514034
2.3684354,6.1077996
2.3800454,6.5648366
2.3916553,5.8527585
2.4032653,5.9341389
2.4148753,6.1047659
2.4264853,6.0948316
2.4380952,5.5684124
2.4497052,5.7739106
2.4613152,5.3789108
2.4729252,5.9114545
2.4845351,5.4747698
2.4961451,5.916128
2.5077551,5.1828265
2.5193651,5.811685
2.5309751,5.0425131
2.542585,5.6276015
2.554195,5.2178083
2.565805,5.7025188
2.577415,5.5167138
2.5890249,5.4544276
2.6006349,6.0215831
2.6122449,7.4847389
2.6238549,9.6061352
2.6354649,9.2258775
2.6470748,10.235601
2.6586848,6.4314042
2.6702948,6.9345045
2.6819048,6.9408536
2.6935147,8.3459687
2.7051247,7.2798747
2.7167347,7.5932731
2.7283447,6.8331122
2.7399546,9.156613
2.7515646,8.7808961
2.7631746,9.0336399
2.7747846,9.9400197
2.7863946,8.728499
2.7980045,8.5355561
2.8096145,6.8889907
2.8212245,7.3589396
2.8328345,8.097696
2.8444444,6.6724752
2.8560544,6.3301206
2.8676644,6.8907622
2.8792744,7.643411
2.8908844,6.6714939
2.9024943,6.4548848
2.9141043,5.8746853
2.9257143,6.9648426
2.9373243,6.5094427
2.9489342,6.5258407
2.9605442,6.7159816
2.9721542,6.5575645
2.9837642,7.1995041
2.9953741,6.790749
3.0069841,6.6654312
3.0185941,6.9874675
3.0302041,7.4969633
3.0418141,6.9662614
3.053424,6.506697
3.065034,5.9949926
3.076644,7.0315686
3.088254,6.6482762
3.0998639,5.796879
3.1114739,5.9620132
3.1230839,6.6043019
3.1346939,6.0571643
3.1463039,4.8701338
3.1579138,5.8837722
3.1695238,5.8175674
3.1811338,4.7660544
3.1927438,4.6629776
3.2043537,4.6508804
3.2159637,5.5425288
3.2275737,4.5635775
3.2391837,4.0101768
3.2507937,4.4926739
3.2624036,4.9816778
3.2740136,4.4553795
3.2856236,4.295456
3.2972336,4.559925
3.3088435,4.4819123
3.3204535,4.6960346
3.3320635,4.5469743
3.3436735,4.3891812
3.3552834,4.5094392
3.3668934,4.1364115
3.3785034,4.377457
3.3901134,4.3103551
3.4017234,4.313085
3.4133333,4.1985244
3.4249433,3.8187259
3.4365533,3.8700503
3.4481633,3.4463957
3.4597732,4.2286721
3.4713832,3.7059363
3.4829932,3.4520403
3.4946032,3.570631
3.5062132,3.6130853
3.5178231,3.7593128
3.5294331,3.1012829
3.5410431,3.6989764
3.5526531,3.5125462
3.564263,2.9435504
3.575873,2.8754917
3.587483,3.167214
3.599093,3.3595406
3.6107029,2.8456579
3.6223129,2.8830264
3.6339229,2.6229003
3.6455329,2.8653086
3.6571429,2.909075
3.6687528,2.9459034
3.6803628,2.6874969
3.6919728,2.4213238
3.7035828,2.7438777
3.7151927,2.7742535
3.7268027,2.4453507
3.7384127,2.3458986
3.7500227,2.6804416
3.7616327,5.6543533
3.7732426,8.92462
3.7848526,9.5840307
3.7964626,9.6691876
3.8080726,10.5879
3.8196825,10.445936
3.8312925,10.624348
3.8429025,10.180965
3.8545125,9.375523
3.8661224,8.9763964
3.8777324,8.7778624
3.8893424,9.1207194
3.9009524,8.4628405
3.9125624,7.8350269
3.9241723,7.4540179
3.9357823,6.6848705
3.9473923,6.6964975
3.9590023,6.0876035
3.9706122,5.4700451
3.9822222,5.5561094
3.9938322,5.492624
4.0054422,5.3134756
4.0170522,5.3232109
4.0286621,5.7176543
4.0402721,5.9337371
4.0518821,5.8933477
4.0634921,5.7999791
4.075102,5.9812689
4.086712,5.8731212
4.098322,5.4139194
4.109932,5.1747465
4.121542,4.8454216
4.1331519,5.0137461
4.1447619,4.7265231
4.1563719,4.9564686
4.1679819,5.3356435
4.1795918,10.181883
4.1912018,10.15206
4.2028118,9.9795489
4.2144218,9.2489711
4.2260317,9.3006933
4.2376417,8.3357033
4.2492517,8.5679225
4.2608617,8.2253174
4.2724717,6.559872
4.2840816,6.8382888
4.2956916,8.5399763
4.3073016,9.1924304
4.3189116,9.2695588
4.3305215,9.2542062
4.3421315,8.8938027
4.3537415,7.9706956
4.3653515,7.2650806
4.3769615,7.5427326
4.3885714,8.1155863
4.4001814,8.3065297
4.4117914,8.5075859
4.4234014,7.7246536
4.4350113,8.2479446
4.4466213,8.2689639
4.4582313,8.0202043
4.4698413,8.1845883
4.4814512,8.1656262
4.4930612,7.2318681
4.5046712,6.7951556
4.5162812,6.2548992
4.5278912,6.3662829
4.5395011,7.5015399
4.5511111,7.8259499
4.5627211,8.2747781
4.5743311,9.1563654
4.585941,9.2565999
4.597551,9.1006271
4.609161,9.0424954
4.620771,8.9397337
4.632381,8.6516533
4.6439909,8.7002417
4.6556009,8.379372
4.6672109,8.3075482
4.6788209,7.5943846
4.6904308,7.4254516
4.7020408,7.2649474
4.7136508,6.8332762
4.7252608,6.699409
4.7368707,7.0665621
4.7484807,6.7511483
4.7600907,6.5606352
4.7717007,6.8080696
4.7833107,6.9797776
4.7949206,6.9432672
4.8065306,6.9680211
4.8181406,7.6998852
4.8297506,8.9631258
4.8413605,9.4414918
4.8529705,9.8960574
4.8645805,9.2204071
4.8761905,7.266987
4.8878005,7.139455
4.8994104,6.3894233
4.9110204,6.6574809
4.9226304,6.1438463
4.9342404,6.8783722
4.9458503,6.7063976
4.9574603,6.173263
4.9690703,6.4468679
4.9806803,6.2178819
4.9922902,6.6630597
5.0039002,7.0897603
5.0155102,6.8463849
5.0271202,6.0985213
5.0387302,5.6349509
5.0503401,5.5072217
5.0619501,5.3657143
5.0735601,4.6256966
5.0851701,4.3966972
5.09678,5.3597258
5.10839,4.9027839
5.12,4.211143
5.13161,3.9036003
5.14322,4.252898
5.1548299,3.7944493
5.1664399,4.4586104
5.1780499,4.4268153
5.1896599,4.4516036
5.2012698,4.3649545
5.2128798,4.4563227
5.2244898,4.5718519
5.2360998,4.6814822
5.2477098,4.2195097
5.2593197,4.1030966
5.2709297,3.5792745
5.2825397,4.1847989
5.2941497,3.9309465
5.3057596,7.0317885
5.3173696,7.7886551
5.3289796,6.607714
5.3405896,6.7672293
5.3521995,6.2927612
5.3638095,6.2677953
5.3754195,6.2004513
5.3870295,6.6015555
5.3986395,6.9317457
5.4102494,6.2667942
5.4218594,7.5217117
5.4334694,6.5716166
5.4450794,4.3394267
5.4566893,7.1407711
5.4682993,6.5814518
5.4799093,6.4356163
5.4915193,6.6441525
5.5031293,6.4153233
5.5147392,7.0699781
5.5263492,7.7663428
5.5379592,6.866398
5.5495692,6.5956481
5.5611791,8.336417
5.5727891,6.9024711
5.5843991,6.58243
5.5960091,7.2575415
5.607619,6.6792122
5.619229,7.5096974
5.630839,5.3053187
5.642449,5.7590076
5.654059,8.3280047
5.6656689,7.6458844
5.6772789,7.1649637
5.6888889,11.32723
5.7004989,7.9518375
5.7121088,9.5437804
5.7237188,11.676121
5.7353288,7.1400205
5.7469388,9.3730108
5.7585488,9.5045072
5.7701587,6.5328846
5.7817687,9.3718984
5.7933787,11.409241
5.8049887,9.0948671
5.8165986,8.441471
5.8282086,10.607632
5.8398186,8.3735964
5.8514286,7.5375452
5.8630385,8.4605986
5.8746485,6.6931308
5.8862585,6.7641889
5.8978685,7.1595498
5.9094785,6.4518838
5.9210884,7.1740492
5.9326984,7.3399017
5.9443084,6.5010652
5.9559184,6.8907247
5.9675283,7.0933361
5.9791383,6.2907572
5.9907483,6.3413246
6.0023583,7.5052909
6.0139683,6.9076947
6.0255782,6.7377308
6.0371882,8.1964439
6.0487982,7.1755999
6.0604082,7.5980242
6.0720181,8.7499096
6.0836281,8.0838424
6.0952381,7.5513746
6.1068481,8.1181451
6.118458,8.6569104
6.130068,7.7779607
6.141678,7.4438352
6.153288,8.6315327
6.164898,7.6609501
6.1765079,7.1887098
6.1881179,8.4054469
6.1997279,7.0126196
6.2113379,6.6205684
6.2229478,7.5798405
6.2345578,6.6957414
6.2461678,6.2249197
6.2577778,7.0839917
6.2693878,6.5656977
6.2809977,6.0786246
6.2926077,6.5290644
6.3042177,5.872744
6.3158277,6.0647541
6.3274376,6.304395
6.3390476,5.6892238
6.3506576,5.7885256
6.3622676,6.054929
6.3738776,5.5741937
6.3854875,5.6456005
6.3970975,5.9074453
6.4087075,5.5232062
6.4203175,5.5827451
6.4319274,5.4297495
6.4435374,5.0475439
6.4551474,5.5676742
6.4667574,5.2477534
6.4783673,5.0182219
6.4899773,5.4155553
6.5015873,4.9820843
6.5131973,4.6836005
6.5248073,4.8209876
6.5364172,4.761841
6.5480272,4.5687552
6.5596372,4.3180208
6.5712472,4.2277362
6.5828571,3.9973979
6.5944671,3.8204233
6.6060771,3.3667406
6.6176871,3.3710607
6.6292971,3.3208892
6.640907,2.8964856
6.652517,3.1367922
6.664127,2.4110375
6.675737,2.9428474
6.6873469,2.6658086
6.6989569,3.1033834
6.7105669,3.2741943
6.7221769,3.009103
6.7337868,3.4924754
6.7453968,3.7215441
6.7570068,3.4847486
6.7686168,5.6847185
6.7802268,8.7464501
6.7918367,8.6868455
6.8034467,9.9804395
6.8150567,7.6203337
6.8266667,8.5168881
6.8382766,8.0616215
6.8498866,5.862597
6.8614966,7.1186095
6.8731066,6.6804588
6.8847166,5.5128367
6.8963265,6.3801055
6.9079365,5.7942145
6.9195465,5.2652531
6.9311565,4.4381753
6.9427664,4.1457026
6.9543764,5.8832835
6.9659864,4.8115537
6.9775964,3.9816044
6.9892063,4.9646621
7.0008163,4.9768278
7.0124263,4.9195306
7.0240363,4.8981233
7.0356463,4.9164507
7.0472562,5.3109876
7.0588662,4.6447574
7.0704762,4.4795402
7.0820862,4.3469523
7.0936961,4.4300459
7.1053061,4.3483698
7.1169161,4.4733401
7.1285261,4.9579141
7.1401361,8.7718226
7.151746,8.8242535
7.163356,9.5506271
7.174966,9.4465876
7.186576,6.3516966
7.1981859,6.7709226
7.2097959,4.4874907
7.2214059,4.5298138
7.2330159,6.5030642
7.2446259,8.9507507
7.2562358,9.9298622
7.2678458,9.6206313
7.2794558,8.4635851
7.2910658,11.993651
7.3026757,8.6570093
7.3142857,9.6268034
7.3258957,11.591295
7.3375057,8.4688167
7.3491156,9.912945
7.3607256,9.9183039
7.3723356,8.752044
7.3839456,9.0571505
7.3955556,9.1205877
7.4071655,8.0958995
7.4187755,8.9363446
7.4303855,9.150273
7.4419955,8.6908011
7.4536054,9.6928724
7.4652154,8.8250337
7.4768254,8.3008307
7.4884354,9.483872
7.5000454,7.8700098
7.5116553,7.3666463
7.5232653,9.0069055
7.5348753,7.0059373
7.5464853,7.1157507
7.5580952,8.1960485
7.5697052,6.0571146
7.5813152,6.955402
7.5929252,7.7645227
7.6045351,5.8166896
7.6161451,6.7829676
7.6277551,7.2313221
7.6393651,5.2195467
7.6509751,6.9828808
7.662585,6.4853464
7.674195,4.99025
7.685805,6.8057532
7.697415,5.7802998
7.7090249,4.446962
7.7206349,6.4267738
7.7322449,4.699061
7.7438549,3.9179988
7.7554649,7.9650829
7.7670748,11.362143
7.7786848,8.7507962
7.7902948,13.157474
7.8019048,10.726909
7.8135147,11.975515
7.8251247,12.920895
7.8367347,9.6420439
7.8483447,13.339156
7.8599546,11.616154
7.8715646,11.163096
7.8831746,12.427303
7.8947846,11.286627
7.9063946,9.8306672
7.9180045,10.34991
7.9296145,10.302513
7.9412245,9.9994817
7.9528345,9.8745878
7.9644444,9.2346549
7.9760544,9.8656164
7.9876644,10.014619
7.9992744,7.4505874
8.0108844,8.9058378
8.0224943,9.4832449
8.0341043,7.8323142
8.0457143,9.491307
8.0573243,8.4843268
8.0689342,7.6893221
8.0805442,9.5020497
8.0921542,6.95358
8.1037642,8.0769245
8.1153741,8.4152327
8.1269841,7.6974537
8.1385941,8.5314538
8.1502041,7.1289561
8.1618141,8.4013898
8.173424,7.82363
8.185034,6.2599123
8.196644,6.6098669
8.208254,5.8433524
8.2198639,8.0511721
8.2314739,11.646431
8.2430839,10.291428
8.2546939,11.314881
8.2663039,10.580208
8.2779138,10.493804
8.2895238,10.761599
8.3011338,9.005913
8.3127438,9.1668851
8.3243537,9.8993986
8.3359637,8.3598045
8.3475737,8.1636998
8.3591837,9.6832401
8.3707937,8.3190188
8.3824036,7.2279108
8.3940136,8.7883725
8.4056236,8.2089566
8.4172336,6.8724548
8.4288435,7.4262965
8.4404535,6.8793558
8.4520635,6.3702282
8.4636735,6.3543672
8.4752834,6.1059445
8.4868934,5.4626047
8.4985034,4.6870203
8.5101134,6.5898579
8.5217234,8.6027476
8.5333333,7.7171094
8.5449433,8.726149
8.5565533,9.1433217
8.5681633,6.6748548
8.5797732,7.9525635
8.5913832,7.9612932
8.6029932,6.9696091
8.6146032,7.8090117
8.6262132,7.932572
8.6378231,11.744835
8.6494331,10.315041
8.6610431,11.501249
8.6726531,9.8076555
8.684263,10.176124
8.695873,9.8903559
8.707483,10.136589
8.719093,8.1229779
8.7307029,7.2908878
8.7423129,5.8238083
8.7539229,5.4904457
8.7655329,4.6804252
8.7771429,4.8535814
8.7887528,4.3965337
8.8003628,4.5417798
8.8119728,4.3831236
8.8235828,3.9788222
8.8351927,3.9915379
8.8468027,3.8660898
8.8584127,3.813017
8.8700227,4.1902192
8.8816327,3.8244332
8.8932426,3.495363
8.9048526,3.3687284
8.9164626,3.2646744
8.9280726,3.1698758
8.9396825,3.1236744
8.9512925,3.1797282
8.9629025,2.6703466
8.9745125,2.9661302
8.9861224,2.7207261
8.9977324,2.7729187
9.0093424,2.1318953
9.0209524,2.5714559
9.0325624,2.7998519
9.0441723,2.6410031
9.0557823,2.7867948
9.0673923,2.3264242
9.0790023,2.6034535
9.0906122,2.1861445
9.1022222,2.3410463
9.1138322,2.2303138
9.1254422,2.1228256
9.1370522,2.1773255
9.1486621,1.8258781
9.1602721,1.9073873
9.1718821,1.8252021
9.1834921,1.8708238
9.195102,2.6593831
9.206712,6.6411639
9.218322,10.181233
9.229932,9.1472328
9.241542,10.662719
9.2531519,11.223264
9.2647619,11.511473
9.2763719,11.227284
9.2879819,10.940014
9.2995918,12.361875
9.3112018,11.889226
9.3228118,10.927504
9.3344218,11.094825
9.3460317,11.458275
9.3576417,10.046715
9.3692517,10.285099
9.3808617,10.025107
9.3924717,9.883759
9.4040816,9.9251925
9.4156916,9.3824128
9.4273016,9.4399918
9.4389116,9.2801838
9.4505215,8.941202
9.4621315,9.168913
9.4737415,8.2783376
9.4853515,9.4234662
9.4969615,8.2589041
9.5085714,8.3404174
9.5201814,9.301649
9.5317914,7.2857004
9.5434014,9.1240955
9.5550113,8.1414869
9.5666213,7.1000811
9.5782313,9.3348163
9.5898413,6.9474231
9.6014512,8.1263573
9.6130612,8.4041482
9.6246712,6.371335
9.6362812,8.388407
9.6478912,6.4946985
9.6595011,8.6174407
9.6711111,6.0174338
9.6827211,8.5717984
9.6943311,9.0585629
9.705941,8.763023
9.717551,8.1459588
9.729161,7.7908963
9.740771,8.511392
9.752381,7.2380057
9.7639909,7.0761552
9.7756009,8.0363953
9.7872109,6.7716245
9.7988209,5.9863432
9.8104308,6.0224972
9.8220408,6.7224153
9.8336508,5.1809966
9.8452608,5.1992506
9.8568707,6.0441393
9.8684807,5.1912696
9.8800907,4.7818622
9.8917007,4.9647286
9.9033107,5.3969148
9.9149206,4.0145729
9.9265306,4.8397093
9.9381406,5.5127848
9.9497506,5.3012534
9.9613605,6.1810746
9.9729705,8.0676898
9.9845805,7.9677906
9.9961905,7.2476743
10.0078,7.3711223
10.01941,10.060884
10.03102,6.95062
10.04263,8.3859231
10.05424,8.1872225
10.06585,6.724486
10.07746,7.1606874
10.08907,10.598552
10.10068,9.929854
10.11229,10.994106
10.1239,10.293759
10.13551,11.016607
10.14712,11.150135
10.15873,11.244141
10.17034,10.623895
10.18195,10.662336
10.19356,9.8702857
10.20517,10.218334
10.21678,9.5540912
10.22839,9.1524373
10.24,8.8228192
10.25161,8.7647436
10.26322,8.5864443
10.27483,8.3703456
10.28644,8.4703696
10.29805,8.8072365
10.30966,8.839704
10.32127,8.7569659
10.33288,8.3829877
10.34449,8.1731774
10.3561,8.1544443
10.36771,7.8892032
10.37932,7.473585
10.39093,7.0273198
10.40254,6.9917933
10.41415,6.8654893
10.42576,6.7097972
10.43737,6.8592356
10.44898,6.9384128
10.46059,6.6305512
10.4722,6.9355966
10.48381,6.3948164
10.49542,6.9920097
10.507029,6.5916199
10.518639,6.8895109
10.530249,6.5549688
10.541859,6.1972373
10.553469,5.9201001
10.565079,6.1748535
10.576689,5.9302591
10.588299,7.7952943
10.599909,9.3181699
10.611519,8.5305088
10.623129,7.189212
10.634739,6.9201146
10.646349,6.3070715
10.657959,8.7983983
10.669569,8.3954334
10.681179,8.6529077
10.692789,7.3771245
10.704399,7.8759162
10.716009,7.5503859
10.727619,8.6387068
10.739229,7.6629335
10.750839,7.8847276
10.762449,6.588531
10.774059,6.3505298
10.785669,7.3497213
10.797279,8.2453735
10.808889,8.5985796
10.820499,9.1144298
10.832109,8.4296418
10.843719,6.9358882
10.855329,8.4812058
10.866939,8.0143828
10.878549,10.255801
10.890159,8.1163978
10.901769,9.1332242
10.913379,6.4859602
10.924989,7.8995566
10.936599,7.5314995
10.948209,7.7770073
10.959819,6.6509098
10.971429,6.7520827
10.983039,6.3812793
10.994649,6.8491014
11.006259,6.9986894
11.017868,8.4588978
11.029478,8.3021229
11.041088,10.892181
11.052698,9.7790859
11.064308,7.7509413
11.075918,9.5895826
11.087528,10.995106
11.099138,7.4807382
11.110748,6.6493308
11.122358,8.3540662
11.133968,9.2809702
11.145578,6.5990125
11.157188,7.5588676
11.168798,7.4794917
11.180408,7.4014878
11.192018,6.1123367
11.203628,6.8103173
11.215238,6.0867507
11.226848,6.8693074
11.238458,5.0393673
11.250068,6.1782193
11.261678,5.5495956
11.273288,4.8711253
11.284898,4.2884471
11.296508,5.9170222
11.308118,5.1964509
11.319728,4.4969795
11.331338,4.4303802
11.342948,5.3227768
11.354558,4.5695406
11.366168,5.394751
11.377778,5.0098167
11.389388,4.6399569
11.400998,4.7531083
11.412608,4.5415416
11.424218,5.4618444
11.435828,5.0351274
11.447438,4.8045117
11.459048,4.1835579
11.470658,4.8386322
11.482268,4.791301
11.493878,4.5828699
11.505488,4.6297609
11.517098,4.7508541
11.528707,6.8555168
11.540317,7.0392769
11.551927,7.0814647
11.563537,6.7364711
11.575147,8.8571836
11.586757,7.0944648
11.598367,8.3733608
11.609977,7.7008174
11.621587,6.9657413
11.633197,7.5709531
11.644807,5.5958482
11.656417,6.5668631
11.668027,7.0794828
11.679637,8.4556259
11.691247,8.3915536
11.702857,8.2999992
11.714467,7.6159911
11.726077,7.5219877
11.737687,8.7368822
11.749297,7.6709645
11.760907,7.4637083
11.772517,8.4992424
11.784127,7.5017971
11.795737,7.5794756
11.807347,9.2836986
11.818957,7.8200051
11.830567,7.4838356
11.842177,8.0048246
11.853787,6.0181575
11.865397,7.2019925
11.877007,6.1486432
11.888617,5.7272697
11.900227,6.7229703
11.911837,5.883299
11.923447,6.5362035
11.935057,6.2682608
11.946667,5.6436243
11.958277,4.746279
11.969887,6.7291656
11.981497,5.1433005
11.993107,5.52175
12.004717,4.9374538
12.016327,5.0617193
12.027937,5.2335411
12.039546,5.30982
12.051156,4.141014
12.062766,4.7329533
12.074376,5.646516
12.085986,4.6369734
12.097596,5.5644275
12.109206,5.0612356
12.120816,4.1082155
12.132426,5.1646452
12.144036,4.8562016
12.155646,3.6889809
12.167256,5.0246527
12.178866,4.6460986
12.190476,3.9344377
12.202086,4.5825515
12.213696,4.4624511
12.225306,3.7064577
12.236916,5.206277
12.248526,3.8093282
12.260136,4.3110537
12.271746,4.6505238
12.283356,3.6953182
12.294966,4.0615922
12.306576,3.9607116
12.318186,3.5708803
12.329796,3.5519749
12.341406,4.3450885
12.353016,3.690289
12.364626,4.1823865
12.376236,3.757452
12.387846,3.0396924
12.399456,3.738271
12.411066,3.3247003
12.422676,3.705038
12.434286,3.5985094
12.445896,3.1680932
12.457506,2.9059032
12.469116,3.9543808
12.480726,2.9602679
12.492336,3.2763074
12.503946,3.2337217
12.515556,3.5581232
12.527166,3.3914365
12.538776,3.6651815
12.550385,2.5739692
12.561995,3.3927071
12.573605,2.8228137
12.585215,2.9340457
12.596825,3.2061577
12.608435,3.1271611
12.620045,3.3118431
12.631655,3.3109388
12.643265,2.9515972
12.654875,2.5902971
12.666485,3.4185695
12.678095,3.1781438
12.689705,3.0926748
12.701315,3.0141138
12.712925,3.042326
12.724535,3.1680541
12.736145,3.2358011
12.747755,2.6987428
12.759365,2.9490858
12.770975,3.0550708
12.782585,2.6886237
12.794195,3.3626229
12.805805,3.1113229
12.817415,2.986503
12.829025,2.9388065
12.840635,2.9262212
12.852245,2.9371013
12.863855,3.2938903
12.875465,2.7087491
12.887075,2.7738167
12.898685,3.0818359
12.910295,2.8420574
12.921905,2.7383878
12.933515,3.2818231
12.945125,2.7083832
12.956735,2.7114208
12.968345,2.9810993
12.979955,2.6073467
12.991565,2.7934272
13.003175,2.8640278
13.014785,2.5685644
13.026395,2.5358234
13.038005,3.1747119
13.049615,2.0346037
13.061224,3.0300975
13.072834,2.4417453
13.084444,2.3406441
13.096054,2.4571124
13.107664,4.6637495
13.119274,5.3824482
13.130884,4.8498391
13.142494,4.6942831
13.154104,4.1050409
13.165714,3.9260107
13.177324,3.8774992
13.188934,4.2375308
13.200544,3.8049275
13.212154,3.4108626
13.223764,3.6508497
13.235374,3.6453
13.246984,3.5984041
13.258594,3.3681751
13.270204,3.2057398
13.281814,3.8957846
13.293424,4.2364399
13.305034,4.4290458
13.316644,5.243125
13.328254,5.3651487
13.339864,5.1107455
13.351474,5.4503375
13.363084,5.248717
13.374694,5.0553191
13.386304,4.8668799
13.397914,4.523011
13.409524,4.6554821
13.421134,4.5105833
13.432744,4.0737468
13.444354,3.8754875
13.455964,3.8138446
13.467574,3.9677311
13.479184,4.1504113
13.490794,4.2004539
13.502404,5.6505812
13.514014,5.0611971
13.525624,4.9416251
13.537234,6.4541803
13.548844,5.6556362
13.560454,6.4562855
13.572063,6.6454091
13.583673,6.3619981
13.595283,5.7438373
13.606893,5.2554852
13.618503,5.2433019
13.630113,4.7416587
13.641723,4.4971076
13.653333,4.8717574
13.664943,6.5499484
13.676553,7.5058972
13.688163,7.6967884
13.699773,8.6324894
13.711383,8.7220304
13.722993,8.5899507
13.734603,8.447259
13.746213,8.5413214
13.757823,9.100477
13.769433,8.8157901
13.781043,8.6653222
13.792653,8.8621573
13.804263,8.5399465
13.815873,8.5295714
13.827483,8.6831152
13.839093,8.6723512
13.850703,8.7608073
13.862313,8.9394594
13.873923,8.549585
13.885533,8.4310831
13.897143,8.2280501
13.908753,7.9718668
13.920363,7.8472633
13.931973,7.2666384
13.943583,6.5891986
13.955193,6.2774525
13.966803,6.0230005
13.978413,5.8696055
13.990023,5.6835544
14.001633,5.4094537
14.013243,5.4073344
14.024853,5.1274866
14.036463,4.620179
14.048073,4.4075799
14.059683,4.1192816
14.071293,4.0468996
14.082902,3.8150157
14.094512,4.1152958
14.106122,4.1511237
14.117732,4.081136
14.129342,4.3131354
14.140952,4.7822252
14.152562,5.5058954
14.164172,5.3254334
14.175782,5.4867484
14.187392,5.6153564
14.199002,5.5877583
14.210612,4.3819628
14.222222,4.1119375
14.233832,4.3365063
14.245442,3.9605946
14.257052,4.6113458
14.268662,5.2526966
14.280272,5.1204199
14.291882,5.1917647
14.303492,5.2427584
14.315102,5.1597969
14.326712,5.0989718
14.338322,4.9796035
14.349932,4.9554527
14.361542,4.6808704
14.373152,4.2143523
14.384762,4.1504065
14.396372,4.1120827
14.407982,4.0689944
14.419592,4.0252646
14.431202,4.1112155
14.442812,4.3014449
14.454422,4.1772619
14.466032,4.3205026
14.477642,4.3228097
14.489252,3.9959665
14.500862,3.8800402
14.512472,3.9677201
14.524082,3.9915106
14.535692,3.920805
14.547302,3.7832803
14.558912,3.7668097
14.570522,3.5690543
14.582132,3.521305
14.593741,3.4296865
14.605351,3.3540886
14.616961,3.1720778
14.628571,2.5792023
14.640181,2.278887
14.651791,3.7281472
14.663401,4.2857152
14.675011,6.3433702
14.686621,5.1707827
14.698231,5.6112045
14.709841,5.3284704
14.721451,4.9847516
14.733061,5.1856391
14.744671,4.015698
14.756281,5.1644045
14.767891,4.6616034
14.779501,4.3884257
14.791111,4.5516769
14.802721,3.7662282
14.814331,4.7081305
14.825941,3.6625272
14.837551,3.8531779
14.849161,3.6173191
14.860771,3.6390694
14.872381,3.401205
14.883991,3.1590815
14.895601,3.4669388
14.907211,3.2103921
14.918821,3.3125333
14.930431,2.9614867
14.942041,3.1794441
14.953651,2.866544
14.965261,2.5507953
14.976871,2.4908322
14.988481,2.7088225
15.000091,2.5707663
15.011701,2.3403723
15.023311,2.1828408
15.034921,2.1026328
15.046531,2.4852794
15.058141,2.0011821
15.069751,2.613535
15.081361,3.5606209
15.092971,5.1782989
15.10458,6.3576299
15.11619,6.6596101
15.1278,6.6421797
15.13941,4.917254
15.15102,4.603267
15.16263,3.808098
15.17424,5.130033
15.18585,4.5335041
15.19746,3.7504375
15.20907,5.0288259
15.22068,4.7320739
15.23229,4.5382378
15.2439,5.8029537
15.25551,6.1908609
15.26712,7.5965642
15.27873,6.9672065
15.29034,5.2527265
15.30195,6.5519649
15.31356,6.7243339
15.32517,6.2304443
15.33678,6.2668421
15.34839,5.5955556
15.36,6.4716695
15.37161,6.0447573
15.38322,6.9526352
15.39483,6.8221878
15.40644,6.703277
15.41805,7.3598018
15.42966,7.1381621
15.44127,7.1015789
15.45288,6.136869
15.46449,6.5021435
15.4761,7.0196986
15.48771,6.6653861
15.49932,6.1014808
15.51093,5.6461004
15.52254,6.4158138
15.53415,6.2940293
15.54576,5.7177401
15.55737,4.6989607
15.56898,5.6027018
15.58059,5.7878623
15.5922,4.86269
15.60381,4.4496866
15.61542,4.6072203
15.627029,4.7729384
15.638639,3.6541469
15.650249,3.77054
15.661859,4.1057248
15.673469,4.1398542
15.685079,3.2955516
15.696689,3.0441882
15.708299,3.7573024
15.719909,4.0819125
15.731519,3.4097615
15.743129,2.8536402
15.754739,3.3084965
15.766349,3.691777
15.777959,3.2913756
15.789569,3.0026504
15.801179,2.8180009
15.812789,3.1316091
15.824399,3.5074519
15.836009,3.2330213
15.847619,2.6875641
15.859229,2.518677
15.870839,2.9833074
15.882449,3.2728274
15.894059,2.7919396
15.905669,2.255001
15.917279,2.6614868
15.928889,3.0805665
15.940499,2.904445
15.952109,2.5630186
15.963719,2.4465561
15.975329,2.5169002
15.986939,2.7953843
15.998549,2.9126221
16.010159,2.3529792
16.021769,2.4244352
16.033379,2.4834675
16.044989,2.9399309
16.056599,2.7705458
16.068209,2.7824376
16.079819,2.6451242
16.091429,2.778021
16.103039,2.8279101
16.114649,2.6136999
16.126259,2.5356668
16.137868,2.5136903
16.149478,2.68338
16.161088,4.7325356
16.172698,6.2004315
16.184308,6.2013095
16.195918,6.1256471
16.207528,6.8226174
16.219138,6.6746151
16.230748,7.0851592
16.242358,6.0621054
16.253968,4.8916971
16.265578,5.0601753
16.277188,4.894127
16.288798,5.0304729
16.300408,5.1091192
16.312018,4.703848
16.323628,5.1432009
16.335238,4.5887753
16.346848,4.6277304
16.358458,4.2039056
16.370068,3.7329861
16.381678,3.3454355
16.393288,3.3281218
16.404898,3.4137503
16.416508,3.5445013
16.428118,3.4326276
16.439728,3.6226806
16.451338,3.4514584
16.462948,3.5151118
16.474558,3.792216
16.486168,3.9230189
16.497778,3.9692115
16.509388,4.0856239
16.520998,3.3273563
16.532608,2.9257634
16.544218,3.1694824
16.555828,2.6726941
16.567438,3.8128934
16.579048,7.1781462
16.590658,7.0817867
16.602268,6.719994
16.613878,7.1100948
16.625488,4.6177502
16.637098,5.2266872
16.648707,5.8173902
16.660317,5.077356
16.671927,5.7308914
16.683537,7.6893912
16.695147,10.130949
16.706757,9.0290627
16.718367,9.0226323
16.729977,9.2178662
16.741587,9.8052357
16.753197,9.4225447
16.764807,9.1737488
16.776417,9.1283337
16.788027,9.055211
16.799637,9.5768226
16.811247,9.77081
16.822857,9.5145298
16.834467,9.5960239
16.846077,9.3241803
16.857687,9.2424349
16.869297,9.8302007
16.880907,9.7150999
16.892517,9.4906703
16.904127,9.4900997
16.915737,9.5495331
16.927347,9.7815979
16.938957,9.6126633
16.950567,9.1891624
16.962177,8.9014913
16.973787,8.4852445
16.985397,8.3001628
16.997007,8.3253103
17.008617,7.9884106
17.020227,8.1619231
17.031837,8.3601226
17.043447,8.231916
17.055057,8.0302308
17.066667,7.9070986
17.078277,7.7270456
17.089887,7.7733761
17.101497,7.8593482
17.113107,7.8527616
17.124717,7.4774471
17.136327,7.2235557
17.147937,6.7244306
17.159546,6.226802
17.171156,5.8620181
17.182766,5.8043526
17.194376,5.4226793
17.205986,4.9539767
17.217596,6.4583061
17.229206,8.3569999
17.240816,7.3957752
17.252426,5.7676378
17.264036,5.3340721
17.275646,5.4112176
17.287256,6.3857702
17.298866,5.2614981
17.310476,5.9708956
17.322086,6.4527915
17.333696,6.4073543
17.345306,6.2860927
17.356916,6.1999393
17.368526,6.5838942
17.380136,6.7033819
17.391746,6.0810845
17.403356,5.6963629
17.414966,5.4747784
17.426576,4.473912
17.438186,4.1808513
17.449796,4.422447
17.461406,4.4104259
17.473016,4.5932265
17.484626,3.8977517
17.496236,4.1573523
17.507846,4.0576952
17.519456,3.92771
17.531066,4.0610798
17.542676,4.1360905
17.554286,4.2832881
17.565896,4.3125239
17.577506,4.4512949
17.589116,4.0221965
17.600726,3.9883502
17.612336,3.9647722
17.623946,4.0296092
17.635556,3.5937138
17.647166,2.9127323
17.658776,3.2777306
17.670385,7.0316943
17.681995,7.695113
17.693605,5.9962207
17.705215,7.5465329
17.716825,5.1195051
17.728435,6.3075105
17.740045,5.7061115
17.751655,8.2278072
17.763265,7.5527888
17.774875,6.4951669
17.786485,7.4470776
17.798095,7.1300925
17.809705,4.7165967
17.821315,7.1583215
17.832925,7.2981786
17.844535,5.7981559
17.856145,6.867039
17.867755,5.2703986
17.879365,7.6212062
17.890975,8.124401
17.902585,6.1692695
17.914195,6.9280061
17.925805,7.7859385
17.937415,7.1999677
17.949025,6.3374988
17.960635,6.7621556
17.972245,5.6060355
17.983855,6.9327736
17.995465,6.3225136
18.007075,4.542403
18.018685,5.9471297
18.030295,5.7888848
18.041905,8.5450603
18.053515,8.5611129
18.065125,9.1580765
18.076735,10.764517
18.088345,9.0364422
18.099955,10.928254
18.111565,10.578363
18.123175,8.5063317
18.134785,8.2405469
18.146395,8.932147
18.158005,7.5681832
18.169615,8.4569512
18.181224,9.9578738
18.192834,8.6291538
18.204444,7.4934789
18.216054,8.768262
18.227664,6.9104217
18.239274,7.9209088
18.250884,7.8929781
18.262494,7.7293447
18.274104,8.3883679
18.285714,8.0482562
18.297324,7.5032115
18.308934,9.6944451
18.320544,9.6895473
18.332154,9.2433634
18.343764,10.334972
18.355374,8.7932197
18.366984,9.097593
18.378594,8.9490252
18.390204,7.2291166
18.401814,8.232979
18.413424,8.4815905
18.425034,7.0908619
18.436644,8.0295945
18.448254,8.1166471
18.459864,6.993185
18.471474,6.3762285
18.483084,7.1275815
18.494694,7.190026
18.506304,6.2732737
18.517914,6.6731924
18.529524,6.9473475
18.541134,5.9037495
18.552744,6.0073202
18.564354,6.6946235
18.575964,5.7081912
18.587574,5.2861239
18.599184,6.6631189
18.610794,5.2888561
18.622404,4.9693561
18.634014,6.2619797
18.645624,5.5665544
18.657234,5.0788514
18.668844,6.2919755
18.680454,5.6674879
18.692063,5.4682007
18.703673,6.3179857
18.715283,5.4669419
18.726893,5.7673623
18.738503,5.6267556
18.750113,5.3093508
18.761723,5.3422278
18.773333,5.0563996
18.784943,4.7722284
18.796553,4.5887574
18.808163,4.1386579
18.819773,3.5666176
18.831383,3.8609629
18.842993,3.217925
18.854603,2.8028813
18.866213,3.0126872
18.877823,2.8748127
18.889433,3.0299666
18.901043,2.8620403
18.912653,2.6316443
18.924263,3.0735089
18.935873,2.7100461
18.947483,3.2809167
18.959093,3.058021
18.970703,3.6387261
18.982313,3.3873424
18.993923,3.4656786
19.005533,3.7277419
19.017143,3.2732628
19.028753,3.4701789
19.040363,3.4501336
19.051973,3.6296542
19.063583,3.5587968
19.075193,3.6595292
19.086803,3.4221182
19.098413,2.9979522
19.110023,3.1403073
19.121633,4.3943703
19.133243,6.8834505
19.144853,6.8001631
19.156463,5.0978219
19.168073,6.3685906
19.179683,4.5555171
19.191293,4.0576894
19.202902,4.7119238
19.214512,4.6858141
19.226122,4.5144886
19.237732,4.4412925
19.249342,4.7285293
19.260952,4.7348494
19.272562,3.9421341
19.284172,3.7372444
19.295782,4.3061942
19.307392,4.7205822
19.319002,3.49881
19.330612,3.562822
19.342222,4.0159596
19.353832,3.7799611
19.365442,3.5052025
19.377052,3.6263009
19.388662,4.473572
19.400272,3.7061472
19.411882,3.6434468
19.423492,4.3358056
19.435102,3.511656
19.446712,4.5865181
19.458322,5.0526425
19.469932,6.0996229
19.481542,8.8419144
19.493152,7.2010685
19.504762,5.7528112
19.516372,7.6918625
19.527982,4.790029
19.539592,4.3243893
19.551202,6.0375864
19.562812,5.4610556
19.574422,6.3803571
19.586032,9.9464761
19.597642,8.4300698
19.609252,7.9900368
19.620862,9.2304892
19.632472,7.0160706
19.644082,7.0303311
19.655692,5.7154893
19.667302,5.7536405
19.678912,5.4520704
19.690522,5.2772822
19.702132,5.0936939
19.713741,5.0277309
19.725351,4.8871488
19.736961,4.5231086
19.748571,5.2103469
19.760181,4.8808361
19.771791,4.2341648
19.783401,4.0913562
19.795011,4.9719675
19.806621,4.6626775
19.818231,4.0920915
19.829841,4.0570809
19.841451,5.2790231
19.853061,4.3416662
19.864671,3.3620734
19.876281,5.3423565
19.887891,4.5782071
19.899501,4.0624978
19.911111,4.132399
19.922721,4.2864519
19.934331,3.837776
19.945941,4.405873
19.957551,3.9063745
19.969161,3.7827647
19.980771,4.1893774
19.992381,3.3875243
20.003991,3.6259855
20.015601,3.6188204
20.027211,3.4775199
20.038821,3.6909461
20.050431,2.8423145
20.062041,3.1158941
20.073651,4.6900776
20.085261,7.7905155
20.096871,10.8708
20.108481,10.460071
20.120091,9.9282662
20.131701,12.529158
20.143311,10.488537
20.154921,11.264593
20.166531,12.056071
20.178141,10.10436
20.189751,12.049484
20.201361,11.505168
20.212971,10.18856
20.22458,10.626657
20.23619,9.66948
20.2478,10.192285
20.25941,9.727568
20.27102,9.5960918
20.28263,9.9122193
20.29424,9.1050505
20.30585,10.265101
20.31746,9.2786499
20.32907,8.7149373
20.34068,9.7727608
20.35229,8.1961729
20.3639,9.9477005
20.37551,8.8720598
20.38712,7.3998001
20.39873,10.181811
20.41034,7.7362427
20.42195,8.1663193
20.43356,9.5749536
20.44517,7.0996881
20.45678,9.2650195
20.46839,8.8906226
20.48,7.8792849
20.49161,8.8008493
20.50322,7.2949519
20.51483,7.766572
20.52644,5.7841026
20.53805,6.032343
20.54966,6.2999265
20.56127,7.565465
20.57288,7.7425727
20.58449,8.2225889
20.5961,5.9105851
20.60771,5.4752353
20.61932,7.3583153
20.63093,6.2973578
20.64254,5.0992685
20.65415,6.1414177
20.66576,5.689687
20.67737,5.4827282
20.68898,4.7832061
20.70059,5.9439214
20.7122,6.687575
20.72381,4.0515725
20.73542,6.3062344
20.747029,6.6006278
20.758639,3.4810961
20.770249,5.0818666
20.781859,6.1053086
20.793469,3.8414578
20.805079,4.4695966
20.816689,5.8326522
20.828299,4.9876903
20.839909,4.8912232
20.851519,4.3940254
20.863129,5.4263423
20.874739,5.4302622
20.886349,4.5134885
20.897959,6.3179259
20.909569,5.0848791
20.921179,5.4325135
20.932789,7.5200232
20.944399,7.8359545
20.956009,8.4441974
20.967619,10.552302
20.979229,9.6827733
20.990839,9.5883572
21.002449,8.5119376
21.014059,9.0043416
21.025669,8.2227055
21.037279,7.1258909
21.048889,6.9943065
21.060499,6.4540895
21.072109,5.8860611
21.083719,5.0347326
21.095329,4.603103
21.106939,3.9321994
21.118549,3.9309271
21.130159,3.7998271
21.141769,3.5040285
21.153379,3.0816408
21.164989,3.0204821
21.176599,3.0225372
21.188209,2.8920457
21.199819,2.740059
21.211429,2.7349975
21.223039,2.7867096
21.234649,2.660136
21.246259,2.6339507
21.257868,2.7443987
21.269478,2.7025311
21.281088,2.7904483
21.292698,3.007762
21.304308,2.8112589
21.315918,2.8100502
21.327528,2.6162223
21.339138,2.3523316
21.350748,2.2624787
21.362358,1.9035592
21.373968,1.9175166
21.385578,2.3451456
21.397188,1.9508708
21.408798,1.8656506
21.420408,2.0447693
21.432018,1.9649412
21.443628,1.800864
21.455238,2.1024234
21.466848,2.1005775
21.478458,1.9196757
21.490068,1.7475134
21.501678,1.3373255
21.513288,1.5374693
21.524898,1.6331233
21.536508,1.557087
21.548118,1.8690639
21.559728,5.1222742
21.571338,10.408398
21.582948,10.887577
21.594558,10.174815
21.606168,10.954352
21.617778,11.826012
21.629388,11.226536
21.640998,12.351186
21.652608,10.543895
21.664218,12.817976
21.675828,12.019083
21.687438,11.269867
21.699048,11.907481
21.710658,11.050351
21.722268,11.465494
21.733878,11.220786
21.745488,10.376214
21.757098,11.282649
21.768707,10.887705
21.780317,10.284379
21.791927,10.114351
21.803537,10.413852
21.815147,9.282256
21.826757,9.7481296
21.838367,10.257199
21.849977,8.1854049
21.861587,9.5385654
21.873197,9.3293571
21.884807,7.4008399
21.896417,9.8162686
21.908027,7.0488521
21.919637,7.8476156
21.931247,8.5989425
21.942857,5.9225118
21.954467,8.3776542
21.966077,7.0146454
21.977687,6.3926934
21.989297,7.6514511
22.000907,5.3253397
22.012517,6.7252356
22.024127,5.6790998
22.035737,6.0711341
22.047347,7.9432455
22.058957,6.6680198
22.070567,8.8144292
22.082177,8.8259038
22.093787,7.5974613
22.105397,9.3088515
22.117007,8.2346315
22.128617,6.8996864
22.140227,7.7990356
22.151837,7.4767263
22.163447,5.7686213
22.175057,6.6707888
22.186667,7.4774099
22.198277,5.1104572
22.209887,7.2781506
22.221497,6.900073
22.233107,5.3156535
22.244717,5.9560942
22.256327,6.4487379
22.267937,4.5805344
22.279546,6.0784317
22.291156,6.5509958
22.302766,5.4311622
22.314376,5.8542962
22.325986,6.7761922
22.337596,7.6746692
22.349206,8.1073293
22.360816,7.9986899
22.372426,8.0188827
22.384036,7.3743016
22.395646,7.117079
22.407256,7.0314087
22.418866,5.7074947
22.430476,9.4349632
22.442086,10.724357
22.453696,11.591782
22.465306,10.262548
22.476916,10.764011
22.488526,10.399898
22.500136,10.005652
22.511746,9.9351682
22.523356,8.4624553
22.534966,9.2448134
22.546576,7.6527269
22.558186,7.0980063
22.569796,7.9268569
22.581406,6.6193953
22.593016,6.8524356
22.604626,7.0578915
22.616236,6.7042255
22.627846,6.2154302
22.639456,6.8765937
22.651066,6.6507004
22.662676,7.0864599
22.674286,6.219224
22.685896,5.9712705
22.697506,6.1617252
22.709116,5.6448101
22.720726,5.7777248
22.732336,5.5779248
22.743946,5.8331605
22.755556,5.4766277
22.767166,5.6497391
22.778776,5.505907
22.790385,6.049885
22.801995,5.8345271
22.813605,6.3005981
22.825215,5.7344873
22.836825,5.9469721
22.848435,5.4749302
22.860045,5.5489908
22.871655,4.590686
22.883265,5.0300903
22.894875,5.046344
22.906485,5.1155149
22.918095,10.342005
22.929705,7.6295613
22.941315,7.3765202
22.952925,6.8167767
22.964535,7.7046365
22.976145,8.5642152
22.987755,9.6593803
22.999365,9.5380254
23.010975,8.7516519
23.022585,7.8246297
23.034195,7.7819982
23.045805,7.8210855
23.057415,8.7272816
23.069025,8.0297574
23.080635,8.6320423
23.092245,7.2477555
23.103855,7.2439599
23.115465,6.9613106
23.127075,6.9319718
23.138685,7.1508253
23.150295,7.6335964
23.161905,6.963561
23.173515,7.8098402
23.185125,6.5999555
23.196735,6.8355602
23.208345,7.0543719
23.219955,6.5081227
23.231565,6.048436
23.243175,6.1902308
23.254785,5.3335925
23.266395,6.4219841
23.278005,6.1226776
23.289615,6.2653524
23.301224,6.497896
23.312834,5.8668399
23.324444,6.2762186
23.336054,5.9584999
23.347664,5.5259503
23.359274,6.0619309
23.370884,5.2586102
23.382494,7.3303589
23.394104,7.1279859
23.405714,9.2265677
23.417324,7.9379437
23.428934,8.1091543
23.440544,7.4470547
23.452154,6.7689871
23.463764,7.3846133
23.475374,7.1409177
23.486984,7.0576881
23.498594,6.9282045
23.510204,6.7098142
23.521814,5.35018
23.533424,5.3312687
23.545034,5.4516372
23.556644,5.0740412
23.568254,4.5583191
23.579864,4.6014555
23.591474,3.9473871
23.603084,4.3117291
23.614694,4.9531252
23.626304,9.5359145
23.637914,6.6116684
23.649524,6.601881
23.661134,7.6838568
23.672744,6.2275957
23.684354,6.28873
23.695964,5.8096968
23.707574,6.2473197
23.719184,5.0854493
23.730794,5.0836268
23.742404,4.386732
23.754014,4.2717501
23.765624,3.4838306
23.777234,3.7921032
23.788844,4.6801699
23.800454,4.1770936
23.812063,3.8874337
23.823673,3.3084016
23.835283,4.4087827
23.846893,4.19879
23.858503,3.5839454
23.870113,3.8297492
23.881723,7.1951903
23.893333,7.6381267
23.904943,6.7825361
23.916553,6.9020793
23.928163,7.2930946
23.939773,6.613736
23.951383,7.0619533
23.962993,7.0964103
23.974603,6.2588167
23.986213,6.4740993
23.997823,6.4612344
24.009433,6.199969
24.021043,7.547247
24.032653,7.3238555
24.044263,7.4991677
24.055873,6.9866641
24.067483,7.7958259
24.079093,7.4225577
24.090703,7.2214304
24.102313,6.46372
24.113923,7.0466736
24.125533,6.2972754
24.137143,6.7298169
24.148753,6.0851379
24.160363,6.4424126
24.171973,5.2359484
24.183583,5.7310379
24.195193,5.612977
24.206803,6.0948573
24.218413,5.3886756
24.230023,5.8381966
24.241633,6.1812837
24.253243,6.6053315
24.264853,6.5095259
24.276463,6.578577
24.288073,6.7533817
24.299683,7.09394
24.311293,6.9506759
24.322902,6.7306811
24.334512,6.5672172
24.346122,6.3229691
24.357732,5.68853
24.369342,5.2199066
24.380952,4.5153035
24.392562,4.5588959
24.404172,3.7910146
24.415782,3.9759235
24.427392,3.6557207
24.439002,4.1047211
24.450612,3.7289998
24.462222,3.2268066
24.473832,3.0832434
24.485442,3.118303
24.497052,2.5646318
24.508662,3.0546448
24.520272,2.6117968
24.531882,2.8734937
24.543492,2.3035505
24.555102,2.3387907
24.566712,2.4564344
24.578322,2.3271471
24.589932,2.250657
24.601542,2.2471661
24.613152,2.0333259
24.624762,2.0741581
24.636372,1.9772669
24.647982,2.2291145
24.659592,2.3400358
24.671202,2.3438041
24.682812,2.2539281
24.694422,2.3782909
24.706032,2.1460888
24.717642,2.1502479
24.729252,1.8772852
24.740862,1.9196863
24.752472,1.7130177
24.764082,1.7944154
24.775692,1.4403249
24.787302,1.3413226
24.798912,1.3085292
24.810522,1.3188316
24.822132,1.4007635
24.833741,1.3419424
24.845351,10.63007
24.856961,14.951539
24.868571,17.095259
24.880181,13.740703
24.891791,12.693349
24.903401,11.352867
24.915011,10.384333
24.926621,11.17295
24.938231,11.203521
24.949841,9.9506683
24.961451,9.9488036
24.973061,10.253331
24.984671,8.5061127
24.996281,7.2976147
25.007891,7.3537765
25.019501,7.6501338
25.031111,7.7122524
25.042721,9.4568139
25.054331,8.2357498
25.065941,7.1055663
25.077551,8.0690254
25.089161,8.5434724
25.100771,8.0333599
25.112381,8.4217076
25.123991,8.3155305
25.135601,7.7903589
25.147211,8.364661
25.158821,8.0331782
25.170431,7.3413064
25.182041,7.7491767
25.193651,7.7103101
25.205261,7.8151776
25.216871,7.6186865
25.228481,8.2831197
25.240091,7.9528246
25.251701,8.2611307
25.263311,8.0246205
25.274921,7.9716377
25.286531,8.1288748
25.298141,7.8416581
25.309751,7.6955212
25.321361,8.3157788
25.332971,10.206878
25.34458,12.20353
25.35619,13.047891
25.3678,10.935344
25.37941,9.279793
25.39102,9.8825407
25.40263,9.8355297
25.41424,9.6072791
25.42585,10.64957
25.43746,9.3642795
25.44907,12.470378
25.46068,17.415214
25.47229,15.413748
25.4839,14.076251
25.49551,12.868374
25.50712,11.645946
25.51873,11.263968
25.53034,12.322374
25.54195,11.497122
25.55356,9.9486589
25.56517,10.083148
25.57678,9.3655281
25.58839,8.3136888
25.6,8.1604364
25.61161,8.6068582
25.62322,7.5677046
25.63483,8.2449985
25.64644,8.8562518
25.65805,8.4653234
25.66966,8.8739666
25.68127,9.1086799
25.69288,9.0539428
25.70449,9.9177506
25.7161,10.191692
25.72771,9.7152569
25.73932,9.9547466
25.75093,10.195898
25.76254,10.508157
25.77415,10.470173
25.78576,10.467968
25.79737,9.9099519
25.80898,9.327756
25.82059,9.757126
25.8322,9.6105102
25.84381,9.0757533
25.85542,8.99188
25.867029,8.5178619
25.878639,7.770272
25.890249,7.1781533
25.901859,6.9235241
25.913469,6.836474
25.925079,6.9333178
25.936689,7.1319787
25.948299,7.15926
25.959909,7.3062183
25.971519,7.4758964
25.983129,8.4081685
25.994739,10.994256
26.006349,10.186369
26.017959,11.29188
26.029569,10.80897
26.041179,9.2849277
26.052789,8.5246404
26.064399,9.976126
26.076009,8.1123976
26.087619,7.4663515
26.099229,8.3793347
26.110839,8.045224
26.122449,8.335823
26.134059,6.7865109
26.145669,7.2042946
26.157279,8.9932171
26.168889,8.1804441
26.180499,6.9377478
26.192109,8.4624998
26.203719,8.7032497
26.215329,7.4338141
26.226939,8.2873241
26.238549,9.487503
26.250159,8.9697278
26.261769,8.4569684
26.273379,10.241242
26.284989,9.437878
26.296599,8.1444236
26.308209,8.8945337
26.319819,9.6800172
26.331429,7.3686043
26.343039,8.7562287
26.354649,12.883016
26.366259,11.67273
26.377868,9.8323884
26.389478,9.3859523
26.401088,10.108587
26.412698,9.344032
26.424308,6.7317349
26.435918,8.4474557
26.447528,8.8234404
26.459138,10.469579
26.470748,10.967328
26.482358,11.41328
26.493968,9.3114302
26.505578,9.2304492
26.517188,8.1682932
26.528798,8.5387066
26.540408,7.3812013
26.552018,7.2482535
26.563628,5.9360116
26.575238,7.1926532
26.586848,7.8845989
26.598458,6.5880086
26.610068,7.2603135
26.621678,8.319226
26.633288,5.3123983
26.644898,7.1766066
26.656508,7.5143897
26.668118,6.9400406
26.679728,5.618416
26.691338,7.4314793
26.702948,4.845455
26.714558,8.2800723
26.726168,6.0254585
26.737778,7.1318639
26.749388,9.24592
26.760998,4.9644473
26.772608,8.4585262
26.784218,7.3099794
26.795828,6.6556976
26.807438,8.479002
26.819048,11.385958
26.830658,9.3091909
26.842268,14.378124
26.853878,14.667139
26.865488,8.1577808
26.877098,11.793402
26.888707,11.690217
26.900317,10.217117
26.911927,8.839099
26.923537,13.776423
26.935147,11.648342
26.946757,11.893743
26.958367,8.9638739
26.969977,11.16452
26.981587,9.759818
26.993197,12.04153
27.004807,9.0368813
27.016417,8.4847589
27.028027,9.077862
27.039637,9.2941169
27.051247,8.9325083
27.062857,7.0859589
27.074467,9.8675924
27.086077,7.0492317
27.097687,7.4186237
27.109297,8.2338068
27.120907,5.9271308
27.132517,7.2944954
27.144127,6.1152539
27.155737,7.5659462
27.167347,6.3483064
27.178957,5.8401762
27.190567,6.743829
27.202177,5.6506096
27.213787,6.5742924
27.225397,5.2715856
27.237007,5.8676602
27.248617,5.7767564
27.260227,5.7445736
27.271837,6.3053867
27.283447,5.1538275
27.295057,5.9978141
27.306667,5.0191734
27.318277,5.2980894
27.329887,5.5279019
27.341497,5.4507191
27.353107,5.386014
27.364717,4.9676863
27.376327,5.3419346
27.387937,5.1916077
27.399546,5.1699076
27.411156,5.0673477
27.422766,5.2187318
27.434376,5.0766235
27.445986,4.6719881
27.457596,5.5407724
27.469206,10.710177
27.480816,10.642962
27.492426,8.4956588
27.504036,12.075873
27.515646,10.21043
27.527256,8.5648902
27.538866,9.2409499
27.550476,8.3713038
27.562086,10.143139
27.573696,7.8529754
27.585306,9.556575
27.596916,11.163816
27.608526,7.7261546
27.620136,10.1638
27.631746,9.9783743
27.643356,6.8442409
27.654966,8.7846943
27.666576,7.5794088
27.678186,9.5937545
27.689796,7.7653375
27.701406,7.3784461
27.713016,10.088952
27.724626,7.8714068
27.736236,8.4625569
27.747846,9.1003507
27.759456,7.9373719
27.771066,8.247589
27.782676,6.9166387
27.794286,8.6327247
27.805896,8.3383914
27.817506,6.02505
27.829116,8.8190292
27.840726,8.2894202
27.852336,6.3916068
27.863946,8.6978921
27.875556,7.5599304
27.887166,6.7078684
27.898776,8.6351819
27.910385,7.2977865
27.921995,7.4026696
27.933605,8.2747581
27.945215,7.0362777
27.956825,7.3167482
27.968435,8.2634173
27.980045,7.3916512
27.991655,7.1377984
28.003265,10.390031
28.014875,14.081489
28.026485,14.888472
28.038095,12.869687
28.049705,10.830572
28.061315,10.241608
28.072925,11.876616
28.084535,11.148333
28.096145,10.590536
28.107755,11.643216
28.119365,9.1044377
28.130975,8.656997
28.142585,8.5020931
28.154195,7.4819222
28.165805,7.2792478
28.177415,7.6115338
28.189025,7.4288516
28.200635,6.3549907
28.212245,6.3793404
28.223855,5.5594193
28.235465,5.6176506
28.247075,6.7030558
28.258685,4.95506
28.270295,4.7950421
28.281905,5.512516
28.293515,4.7386779
28.305125,4.4458068
28.316735,4.9585023
28.328345,5.0932038
28.339955,4.2644952
28.351565,4.7336938
28.363175,5.5486776
28.374785,4.6870755
28.386395,4.3949729
28.398005,5.489197
28.409615,4.9923819
28.421224,4.8313591
28.432834,5.9348196
28.444444,5.4329754
28.456054,5.4476088
28.467664,6.0367208
28.479274,10.925345
28.490884,12.793091
28.502494,13.342272
28.514104,11.896864
28.525714,12.685034
28.537324,10.491391
28.548934,10.51513
28.560544,9.6855112
28.572154,10.999453
28.583764,15.363741
28.595374,19.130595
28.606984,18.683409
28.618594,17.181775
28.630204,15.11992
28.641814,14.125524
28.653424,13.642964
28.665034,13.587261
28.676644,13.375603
28.688254,12.872582
28.699864,11.794242
28.711474,11.667149
28.723084,11.599602
28.734694,10.984873
28.746304,9.4318972
28.757914,8.8767432
28.769524,9.1903185
28.781134,8.8910639
28.792744,8.3488846
28.804354,7.9163508
28.815964,7.3460196
28.827574,7.2448551
28.839184,7.4508742
28.850794,7.6397133
28.862404,7.7186645
28.874014,8.0637023
28.885624,8.162512
28.897234,8.0871496
28.908844,8.6706201
28.920454,8.6559556
28.932063,8.1959851
28.943673,8.6103966
28.955283,8.8914266
28.966893,8.6862072
28.978503,8.4236382
28.990113,8.2934402
29.001723,7.664224
29.013333,7.0525912
29.024943,6.7480729
29.036553,6.2699689
29.048163,6.1477511
29.059773,6.2275745
29.071383,6.3397483
29.082993,6.3925597
29.094603,6.7593772
29.106213,9.1127532
29.117823,9.5475245
29.129433,11.185208
29.141043,10.390535
29.152653,9.7244993
29.164263,9.803729
29.175873,9.2467415
29.187483,9.9510569
29.199093,9.4024967
29.210703,9.8749652
29.222313,9.9052776
29.233923,9.8857767
29.245533,9.3483776
29.257143,9.8789941
29.268753,9.376327
29.280363,8.5950746
29.291973,9.2707985
29.303583,8.3971591
29.315193,8.8999791
29.326803,7.5757302
29.338413,8.0134519
29.350023,7.8448776
29.361633,8.5376559
29.373243,7.2615787
29.384853,9.0226937
29.396463,8.307798
29.408073,8.5534024
29.419683,9.5792667
29.431293,8.9731903
29.442902,8.1887071
29.454512,9.264025
29.466122,9.7551699
29.477732,6.9678463
29.489342,8.453673
29.500952,7.5441849
29.512562,7.4150405
29.524172,6.4661774
29.535782,8.593752
29.547392,6.6152328
29.559002,6.9366598
29.570612,8.9678995
29.582222,10.138745
29.593832,11.607425
29.605442,11.779035
29.617052,11.434267
29.628662,8.4051353
29.640272,10.557535
29.651882,7.5781037
29.663492,7.1744263
29.675102,8.2872421
29.686712,9.3424932
29.698322,8.0531996
29.709932,5.7437651
29.721542,6.7232984
29.733152,6.5907323
29.744762,7.2952975
29.756372,5.8670444
29.767982,7.4787141
29.779592,6.6501337
29.791202,6.3840651
29.802812,6.1820661
29.814422,6.5860833
29.826032,6.4138576
29.837642,5.3584111
29.849252,7.2883516
29.860862,7.5245181
29.872472,7.0213497
29.884082,7.0745905
29.895692,6.0191485
29.907302,6.2152019
29.918912,6.638703
29.930522,5.3772599
29.942132,6.039713
29.953741,6.1937036
29.965351,6.8365297
29.976961,7.8153799
29.988571,6.454582
30.000181,6.763668
30.011791,6.1826661
30.023401,4.5935137
30.035011,6.5000585
30.046621,5.2960905
30.058231,4.38006
30.069841,6.4727013
30.081451,4.0748568
30.093061,5.0005418
30.104671,5.7322469
30.116281,3.5485202
30.127891,4.5519454
30.139501,4.4341876
30.151111,3.3661616
30.162721,3.544307
30.174331,7.2642569
30.185941,14.499086
30.197551,17.30322
30.209161,15.313124
30.220771,14.290313
30.232381,14.895746
30.243991,14.587974
30.255601,14.329987
30.267211,14.788546
30.278821,13.754521
30.290431,12.025501
30.302041,12.147561
30.313651,13.197185
30.325261,12.07917
30.336871,11.590826
30.348481,11.265639
30.360091,11.285363
30.371701,10.013082
30.383311,10.670467
30.394921,10.741873
30.406531,10.610621
30.418141,12.285303
30.429751,10.602108
30.441361,11.196095
30.452971,11.631755
30.46458,11.935357
30.47619,11.114924
30.4878,11.135144
30.49941,10.371275
30.51102,11.451261
30.52263,11.815908
30.53424,10.753401
30.54585,10.241304
30.55746,10.468535
30.56907,9.7398602
30.58068,9.8916293
30.59229,9.7528745
30.6039,10.481984
30.61551,10.543575
30.62712,10.538492
30.63873,10.61622
30.65034,10.814704
30.66195,10.459238
30.67356,9.9149041
30.68517,9.3226558
30.69678,9.1491738
30.70839,8.9960685
30.72,9.0725657
30.73161,9.248694
30.74322,9.628297
30.75483,10.025546
30.76644,9.0952225
30.77805,8.5537596
30.78966,8.4929751
30.80127,8.3489709
30.81288,8.0684678
30.82449,7.9021417
30.8361,8.2331361
30.84771,8.7839553
30.85932,8.5731087
30.87093,8.3481931
30.88254,8.0901099
30.89415,7.0117101
30.90576,6.5074297
30.91737,6.3989347
30.92898,6.60866
30.94059,6.7821342
30.9522,6.9244602
30.96381,7.4566139
30.97542,7.5966675
30.987029,7.5280434
30.998639,6.9735031
31.010249,6.7333434
31.021859,6.2971675
31.033469,6.1684196
31.045079,6.3311152
31.056689,6.6107981
31.068299,6.6426324
31.079909,6.7427066
31.091519,6.4805253
31.103129,6.3192017
31.114739,6.1847713
31.126349,6.0785444
31.137959,6.0842157
31.149569,5.9236144
31.161179,5.9978875
31.172789,6.0633055
31.184399,6.0153772
31.196009,5.8796052
31.207619,5.724824
31.219229,5.7584793
31.230839,5.7397332
31.242449,5.7002262
31.254059,5.4955915
31.265669,5.3473678
31.277279,5.0375745
31.288889,4.9093357
31.300499,4.8833668
31.312109,4.7662238
31.323719,4.8065117
31.335329,4.8296827
31.346939,4.8287497
31.358549,4.639045
31.370159,4.4210065
31.381769,4.3892329
31.393379,4.217658
31.404989,3.943215
31.416599,3.7356458
31.428209,3.7394085
31.439819,3.5343793
31.451429,3.4920477
31.463039,3.5074215
31.474649,3.4276437
31.486259,3.3094805
31.497868,3.2076861
31.509478,3.2317035
31.521088,3.1196995
31.532698,3.0926387
31.544308,3.0829618
31.555918,3.0726413
31.567528,3.0103605
31.579138,2.88886
31.590748,2.8286152
31.602358,2.7799077
31.613968,2.6583266
31.625578,2.5859135
31.637188,2.4438081
31.648798,2.3481416
31.660408,2.3329989
31.672018,2.3101175
31.683628,2.2752075
31.695238,2.3434529
31.706848,2.4696495
31.718458,2.6563954
31.730068,2.7544339
31.741678,2.8068822
31.753288,2.7958427
31.764898,2.7305096
31.776508,2.6828505
31.788118,2.5887688
31.799728,2.5284232
31.811338,2.374425
31.822948,2.2869677
31.834558,2.3599006
31.846168,2.3882929
31.857778,2.4634963
31.869388,2.5495999
31.880998,2.6007724
31.892608,2.6051801
31.904218,2.596536
31.915828,2.5615642
31.927438,2.6396143
31.939048,2.8614264
31.950658,3.2127644
31.962268,5.1227911
31.973878,6.2415804
31.985488,6.3055926
31.997098,6.0165062
32.008707,4.6961567
32.020317,6.0590625
32.031927,5.587611
32.043537,4.3372349
32.055147,4.9788934
32.066757,4.2753021
32.078367,3.7881374
32.089977,3.1796237
32.101587,2.7409129
32.113197,3.429951
32.124807,2.8502756
32.136417,3.0997719
32.148027,3.2172315
32.159637,2.8542587
32.171247,2.855013
32.182857,2.5385026
32.194467,2.4115948
32.206077,2.4707997
32.217687,2.596079
32.229297,1.9021768
32.240907,1.9735878
32.252517,2.3103958
32.264127,2.3632644
32.275737,1.8802978
32.287347,2.3158582
32.298957,2.319163
32.310567,1.9304994
32.322177,2.180578
32.333787,2.5485502
32.345397,2.2888663
32.357007,2.1817553
32.368617,2.3434768
32.380227,2.3759733
32.391837,2.3162879
32.403447,2.5537146
32.415057,4.6586426
32.426667,6.5185477
32.438277,7.3716216
32.449887,6.5019318
32.461497,5.9814557
32.473107,5.7030083
32.484717,5.2348458
32.496327,5.4833129
32.507937,5.5098869
32.519546,4.7050773
32.531156,4.6558734
32.542766,8.1101512
32.554376,10.642787
32.565986,10.099707
32.577596,9.0436101
32.589206,8.2005099
32.600816,8.3353199
32.612426,8.1803827
32.624036,7.6722893
32.635646,7.6536124
32.647256,7.5117464
32.658866,7.2790515
32.670476,6.8569109
32.682086,6.4029254
32.693696,6.3561614
32.705306,6.2149263
32.716916,6.0564126
32.728526,6.1216078
32.740136,5.6410565
32.751746,5.1997176
32.763356,4.729766
32.774966,4.8714777
32.786576,5.1117949
32.798186,5.1121368
32.809796,5.2382266
32.821406,5.4958873
32.833016,5.19414
32.844626,5.2667909
32.856236,5.1964906
32.867846,4.9415615
32.879456,5.1818982
32.891066,5.1593655
32.902676,5.1394227
32.914286,5.1084071
32.925896,5.1597171
32.937506,5.0724734
32.949116,5.1015691
32.960726,5.0113119
32.972336,4.9808868
32.983946,5.0670728
32.995556,5.0582703
33.007166,4.9535438
33.018776,4.7360239
33.030385,4.4401193
33.041995,3.9885578
33.053605,4.861192
33.065215,4.9999228
33.076825,7.1565156
33.088435,7.1403082
33.100045,5.9715429
33.111655,6.2408316
33.123265,4.3909656
33.134875,4.4060617
33.146485,5.2144116
33.158095,4.7509274
33.169705,4.9568914
33.181315,4.6869062
33.192925,3.6085707
33.204535,3.9555123
33.216145,4.7662478
33.227755,4.4424106
33.239365,4.3757557
33.250975,3.9590086
33.262585,4.8631799
33.274195,4.3141284
33.285805,4.151234
33.297415,4.4949459
33.309025,4.4383659
33.320635,4.6250633
33.332245,5.0889808
33.343855,4.7748645
33.355465,4.9572947
33.367075,5.7572765
33.378685,5.3955481
33.390295,4.3530477
33.401905,5.8377406
33.413515,7.1861586
33.425125,7.9735682
33.436735,7.9660272
33.448345,6.8670905
33.459955,7.7351522
33.471565,5.2806216
33.483175,6.513078
33.494785,7.233595
33.506395,4.5562507
33.518005,6.0106038
33.529615,6.5169792
33.541224,7.4613627
33.552834,7.6834053
33.564444,9.2021145
33.576054,9.5382979
33.587664,8.0679876
33.599274,7.4696497
33.610884,6.9002895
33.622494,6.8110169
33.634104,7.9602774
33.645714,6.569494
33.657324,8.4724797
33.668934,5.7059515
33.680544,5.9776472
33.692154,5.8100323
33.703764,6.6485167
33.715374,7.3657862
33.726984,4.519996
33.738594,6.8398004
33.750204,4.6548054
33.761814,5.4783635
33.773424,6.113449
33.785034,3.740948
33.796644,4.3769177
33.808254,4.8385342
33.819864,4.6549308
33.831474,6.4591127
33.843084,5.6715345
33.854694,4.090633
33.866304,4.6807448
33.877914,5.4646472
33.889524,5.7063921
33.901134,8.2705116
33.912744,8.1376092
33.924354,11.323763
33.935964,8.7685287
33.947574,7.5010933
33.959184,8.6934999
33.970794,9.6229177
33.982404,9.4132516
33.994014,6.062811
34.005624,9.5842852
34.017234,8.0091865
34.028844,7.5735081
34.040454,6.8423017
34.052063,7.1100594
34.063673,7.9355771
34.075283,6.3404151
34.086893,8.3414607
34.098503,6.7504963
34.110113,7.2182307
34.121723,6.0303224
34.133333,5.4631401
34.144943,6.8343075
34.156553,5.9673788
34.168163,6.8549025
34.179773,5.1500973
34.191383,5.2861298
34.202993,6.3887269
34.214603,3.8831577
34.226213,6.287821
34.237823,5.357683
34.249433,5.1274112
34.261043,5.9303268
34.272653,4.3344283
34.284263,5.7096067
34.295873,4.9056262
34.307483,4.747903
34.319093,5.2770766
34.330703,4.5409807
34.342313,4.9750395
34.353923,4.922711
34.365533,5.8302985
34.377143,5.7735341
34.388753,4.4236233
34.400363,5.4090904
34.411973,5.1465538
34.423583,4.8502439
34.435193,5.5270341
34.446803,4.5293918
34.458413,4.5942694
34.470023,4.4810395
34.481633,4.7552765
34.493243,4.338523
34.504853,5.0429286
34.516463,4.3158782
34.528073,4.1527188
34.539683,4.392653
34.551293,4.0899928
34.562902,5.153006
34.574512,4.1810169
34.586122,3.8861829
34.597732,3.9488764
34.609342,3.9420101
34.620952,4.8393919
34.632562,3.9563638
34.644172,4.5302451
34.655782,6.8052276
34.667392,6.5112361
34.679002,7.1447794
34.690612,5.6959556
34.702222,7.0241675
34.713832,5.438173
34.725442,6.2636499
34.737052,6.0667056
34.748662,5.7540881
34.760272,6.9394779
34.771882,5.2185944
34.783492,5.2335546
34.795102,5.4605695
34.806712,4.5886123
34.818322,5.1303771
34.829932,5.4178165
34.841542,5.3527742
34.853152,5.6760885
34.864762,4.7576361
34.876372,5.7826906
34.887982,5.3830081
34.899592,4.4102811
34.911202,5.1656554
34.922812,4.6708207
34.934422,4.9698699
34.946032,4.1551602
34.957642,5.120993
34.969252,5.6859516
34.980862,3.861475
34.992472,5.2650136
35.004082,5.7717721
35.015692,4.0289397
35.027302,4.7610708
35.038912,5.1303788
35.050522,4.3742406
35.062132,4.7405382
35.073741,4.807578
35.085351,4.8979193
35.096961,4.6796577
35.108571,4.6016108
35.120181,4.7640825
35.131791,4.7292528
35.143401,4.8155189
35.155011,4.3035419
35.166621,4.9910272
35.178231,4.6597267
35.189841,3.8044091
35.201451,4.9684191
35.213061,4.3104474
35.224671,3.6713623
35.236281,4.8330755
35.247891,3.8195405
35.259501,3.1322366
35.271111,3.9642396
35.282721,6.0684073
35.294331,7.3307616
35.305941,7.0284887
35.317551,5.9420126
35.329161,4.7423616
35.340771,5.2814796
35.352381,4.7169983
35.363991,4.8533762
35.375601,5.0161111
35.387211,5.2137753
35.398821,4.2451931
35.410431,4.732189
35.422041,3.9347679
35.433651,3.7654478
35.445261,4.5379898
35.456871,3.830949
35.468481,4.0583787
35.480091,3.4622129
35.491701,3.0512777
35.503311,2.4387874
35.514921,2.4320855
35.526531,2.8660868
35.538141,2.1265335
35.549751,2.2254582
35.561361,3.1764441
35.572971,2.6662477
35.58458,2.4028091
35.59619,2.6945937
35.6078,2.4001062
35.61941,2.6266561
35.63102,2.3853688
35.64263,2.5458526
35.65424,2.4937896
35.66585,2.7368473
35.67746,3.0889062
35.68907,2.6170362
35.70068,3.2205306
35.71229,3.1501622
35.7239,2.6614338
35.73551,2.6807365
35.74712,2.4938776
35.75873,1.9846115
35.77034,1.9482872
35.78195,2.0766105
35.79356,1.8413601
35.80517,1.9149472
35.81678,1.9165157
35.82839,1.4142561
35.84,1.2597322
35.85161,1.2323863
35.86322,1.4422001
35.87483,1.5671682
35.88644,1.2891388
35.89805,1.3477797
35.90966,1.4099226
35.92127,1.4547011
35.93288,6.9583118
35.94449,9.2015636
35.9561,9.8045418
35.96771,9.1721511
35.97932,7.6203341
35.99093,7.1277638
36.00254,6.7467989
36.01415,6.4454604
36.02576,5.6608845
36.03737,5.6923227
36.04898,5.68398
36.06059,5.458825
36.0722,5.3682702
36.08381,4.9957473
36.09542,4.011639
36.107029,5.0898372
36.118639,8.8446677
36.130249,10.026367
36.141859,9.1032731
36.153469,8.1920782
36.165079,6.8756385
36.176689,6.5028227
36.188299,5.8430295
36.199909,6.1892288
36.211519,6.3436337
36.223129,6.5271692
36.234739,6.0040577
36.246349,5.8096492
36.257959,5.2717491
36.269569,4.6502779
36.281179,4.8669334
36.292789,4.8580648
36.304399,5.2575117
36.316009,5.0410261
36.327619,4.654487
36.339229,4.5720928
36.350839,4.8244562
36.362449,5.025188
36.374059,5.343859
36.385669,5.4829634
36.397279,5.756086
36.408889,5.8359572
36.420499,5.7173272
36.432109,5.8426615
36.443719,5.9137296
36.455329,5.906793
36.466939,5.7032838
36.478549,5.5863097
36.490159,5.501537
36.501769,5.644132
36.513379,5.3688396
36.524989,5.5634605
36.536599,5.4415231
36.548209,5.4094025
36.559819,5.4516392
36.571429,5.5288255
36.583039,5.4511275
36.594649,5.3530679
36.606259,5.3695053
36.617868,5.2430456
36.629478,5.2677107
36.641088,5.0567834
36.652698,4.9831472
36.664308,4.9724275
36.675918,4.8802882
36.687528,4.804412
36.699138,4.8275531
36.710748,4.6503629
36.722358,4.4760324
36.733968,4.3795223
36.745578,4.1716393
36.757188,3.9791658
36.768798,3.8162787
36.780408,3.760181
36.792018,3.6771211
36.803628,3.5971422
36.815238,3.6817002
36.826848,3.6969256
36.838458,5.035051
36.850068,5.8831844
36.861678,7.7920525
36.873288,6.1956464
36.884898,5.6835844
36.896508,4.4723645
36.908118,5.7912941
36.919728,4.6873647
36.931338,5.2171485
36.942948,5.249061
36.954558,3.5223279
36.966168,4.322795
36.977778,4.2923081
36.989388,4.7065176
37.000998,4.7217177
37.012608,4.6410548
37.024218,5.1056185
37.035828,5.6787885
37.047438,4.5988801
37.059048,4.7493589
37.070658,5.5276979
37.082268,5.5266837
37.093878,5.022408
37.105488,5.5660737
37.117098,5.5405321
37.128707,5.5184047
37.140317,6.0599917
37.151927,6.0140435
37.163537,5.28762
37.175147,5.9117214
37.186757,6.3371323
37.198367,5.2327113
37.209977,5.0038695
37.221587,5.687193
37.233197,5.0682207
37.244807,4.5652863
37.256417,5.0736701
37.268027,4.5736161
37.279637,4.3841558
37.291247,4.1629999
37.302857,4.3412873
37.314467,3.8253869
37.326077,3.6188782
37.337687,3.47357
37.349297,3.1417041
37.360907,2.6205231
37.372517,3.1820731
37.384127,2.6828357
37.395737,2.7890741
37.407347,3.4889159
37.418957,2.9426302
37.430567,3.0851268
37.442177,3.4659448
37.453787,3.1055543
37.465397,3.1375725
37.477007,3.2514865
37.488617,3.1916581
37.500227,2.8928149
37.511837,5.0937759
37.523447,3.6652015
37.535057,4.6683494
37.546667,6.3802703
37.558277,6.1477575
37.569887,5.6026202
37.581497,4.10969
37.593107,4.6111524
37.604717,3.2047072
37.616327,4.575268
37.627937,3.7794426
37.639546,4.1995722
37.651156,2.7381387
37.662766,3.397949
37.674376,3.5294946
37.685986,3.8076274
37.697596,3.1434604
37.709206,2.9565073
37.720816,3.3667875
37.732426,3.0784628
37.744036,3.2168999
37.755646,3.6886843
37.767256,3.3113268
37.778866,3.3367653
37.790476,3.7746262
37.802086,3.7863181
37.813696,3.9881604
37.825306,3.3041091
37.836916,3.4029239
37.848526,3.7420934
37.860136,3.7176572
37.871746,3.8541172
37.883356,3.0051987
37.894966,3.0587839
37.906576,3.5340783
37.918186,3.4335299
37.929796,3.5410894
37.941406,2.7748541
37.953016,2.2626499
37.964626,2.9095419
37.976236,2.8212732
37.987846,2.6704582
37.999456,2.6102694
38.011066,2.1957413
38.022676,2.7188527
38.034286,2.6716508
38.045896,2.2268171
38.057506,1.9588856
38.069116,1.6806241
38.080726,2.033464
38.092336,2.3472316
38.103946,1.7063348
38.115556,1.639088
38.127166,1.6448773
38.138776,1.8227572
38.150385,1.8509108
38.161995,1.7741055
38.173605,1.7146684
38.185215,1.8617113
38.196825,1.793638
38.208435,1.7633832
38.220045,1.5765872
38.231655,1.8033123
38.243265,1.755722
38.254875,1.7550358
38.266485,1.549481
38.278095,2.2759248
38.289705,2.6274992
38.301315,4.0776686
38.312925,4.6593405
38.324535,3.511712
38.336145,4.1972903
38.347755,4.6699535
38.359365,3.9615229
38.370975,4.3584981
38.382585,4.1497286
38.394195,4.2880199
38.405805,5.1783195
38.417415,4.9244725
38.429025,4.8985753
38.440635,5.2530759
38.452245,5.3259014
38.463855,4.4315666
38.475465,5.4743503
38.487075,5.2638107
38.498685,4.7962794
38.510295,5.4513531
38.521905,5.3024616
38.533515,4.8358174
38.545125,5.3793924
38.556735,5.3078477
38.568345,4.812192
38.579955,5.3830458
38.591565,4.9961554
38.603175,4.8865878
38.614785,5.1799197
38.626395,4.5271215
38.638005,4.2511412
38.649615,4.9582248
38.661224,4.8903746
38.672834,3.5446651
38.684444,3.891586
38.696054,5.0785944
38.707664,4.07674
38.719274,4.3128404
38.730884,3.191568
38.742494,3.1439299
38.754104,4.1525341
38.765714,3.5645893
38.777324,3.4507646
38.788934,3.2166518
38.800544,3.0795027
38.812154,3.6142248
38.823764,3.4949962
38.835374,2.6585069
38.846984,3.1540014
38.858594,3.557304
38.870204,3.0487646
38.881814,3.3223204
38.893424,3.6219898
38.905034,2.7743228
38.916644,3.3716861
38.928254,3.6805546
38.939864,3.1995556
38.951474,3.6108593
38.963084,3.5920389
38.974694,3.2579956
38.986304,3.2957033
38.997914,3.2696022
39.009524,3.1529021
39.021134,3.3381585
39.032744,3.2092093
39.044354,3.4570332
39.055964,3.5348459
39.067574,3.4211777
39.079184,3.3658015
39.090794,3.3219024
39.102404,3.3172475
39.114014,3.1378267
39.125624,3.1452806
39.137234,3.2362827
39.148844,3.4023754
39.160454,3.462256
39.172063,3.5364342
39.183673,3.607842
39.195283,3.5653895
39.206893,3.5260214
39.218503,3.4536214
39.230113,3.4308933
39.241723,3.454719
39.253333,3.4733269
39.264943,3.4370228
39.276553,3.5496207
39.288163,3.5803165
39.299773,3.4257531
39.311383,3.4631225
39.322993,3.4261369
39.334603,3.2965345
39.346213,3.3686008
39.357823,3.4592545
39.369433,3.351088
39.381043,3.4050304
39.392653,3.4203785
39.404263,3.3219502
39.415873,3.2165007
39.427483,3.0985059
39.439093,3.0186672
39.450703,3.0127025
39.462313,2.9185897
39.473923,2.9500971
39.485533,3.0044343
39.497143,2.9001
39.508753,2.7548304
39.520363,2.7146001
39.531973,2.5451796
39.543583,2.3900982
39.555193,2.3077879
39.566803,2.4237387
39.578413,2.4308177
39.590023,2.3369981
39.601633,2.3947722
39.613243,2.3369996
39.624853,2.0527893
39.636463,2.0488377
39.648073,2.0134695
39.659683,1.8727526
39.671293,1.9247906
39.682902,2.0069217
39.694512,1.9885557
39.706122,2.0066195
39.717732,1.8436186
39.729342,1.7164035
39.740952,1.977399
39.752562,1.7901162
39.764172,1.6272512
39.775782,2.1207726
39.787392,1.7915455
39.799002,1.7177604
39.810612,2.2080877
39.822222,1.8222343
39.833832,1.6778929
39.845442,2.0627728
39.857052,1.6442152
39.868662,1.9538684
39.880272,2.1962261
39.891882,1.6665898
39.903492,1.8950154
39.915102,2.2857056
39.926712,1.7921087
39.938322,2.0625701
39.949932,2.1541764
39.961542,1.5889585
39.973152,2.1477754
39.984762,2.2761783
39.996372,1.7352179
40.007982,1.9672968
40.019592,2.1194161
40.031202,1.6272497
40.042812,2.0416035
40.054422,1.9148874
40.066032,1.4663228
40.077642,2.0605355
40.089252,1.9819729
40.100862,1.5979745
40.112472,1.9068731
40.124082,1.8453322
40.135692,1.4455067
40.147302,1.8662217
40.158912,1.621477
40.170522,1.376636
40.182132,1.7482865
40.193741,1.5797355
40.205351,1.5931326
40.216961,1.5586648
40.228571,1.4626859
40.240181,2.0308356
40.251791,1.935179
40.263401,2.3493834
40.275011,3.3756292
40.286621,2.5687705
40.298231,3.1463238
40.309841,4.2749341
40.321451,2.517678
40.333061,3.189071
40.344671,3.1661677
40.356281,2.5101025
40.367891,3.4117378
40.379501,4.0436603
40.391111,3.2462567
40.402721,3.9719864
40.414331,3.9779902
40.425941,2.5740196
40.437551,3.1507348
40.449161,3.5462892
40.460771,2.3167156
40.472381,3.3148611
40.483991,3.3107351
40.495601,1.9980156
40.507211,3.5638553
40.518821,2.6422221
40.530431,1.7468727
40.542041,3.0034504
40.553651,2.6488788
40.565261,2.7345094
40.576871,2.818918
40.588481,2.977643
40.600091,2.3582159
40.611701,2.3354744
40.623311,5.0190119
40.634921,3.9115457
40.646531,3.3069952
40.658141,5.0740685
40.669751,4.3361696
40.681361,4.1411656
40.692971,4.4766969
40.70458,5.9000971
40.71619,5.3176729
40.7278,4.7909205
40.73941,5.3041329
40.75102,5.1759993
40.76263,5.5529455
40.77424,5.3577246
40.78585,5.0838795
40.79746,3.4513312
40.80907,4.3601307
40.82068,4.7318463
40.83229,6.2839088
40.8439,6.4402882
40.85551,6.5520576
40.86712,7.0610449
40.87873,6.8358663
40.89034,6.8958128
40.90195,5.8870265
40.91356,5.7492251
40.92517,6.236037
40.93678,5.7513548
40.94839,5.5344859
40.96,6.3388094
40.97161,5.8862564
40.98322,6.2737128
40.99483,6.3166644
41.00644,6.2959228
41.01805,6.6999001
41.02966,6.9394942
41.04127,6.6506585
41.05288,6.5927311
41.06449,6.5271477
41.0761,6.590331
41.08771,6.5053668
41.09932,6.5545059
41.11093,6.0907807
41.12254,6.0714241
41.13415,6.1237097
41.14576,5.7430803
41.15737,5.4444337
41.16898,5.3753562
41.18059,5.1219533
41.1922,4.9591811
41.20381,4.7097483
41.21542,4.3697763
41.227029,3.9552745
41.238639,3.821041
41.250249,3.9239971
41.261859,3.6953197
41.273469,3.7460253
41.285079,4.5732561
41.296689,4.1127427
41.308299,4.807612
41.319909,4.6592979
41.331519,3.9723089
41.343129,3.7996522
41.354739,4.464497
41.366349,4.4175394
41.377959,4.9319164
41.389569,5.2505483
41.401179,5.0443391
41.412789,5.1737876
41.424399,5.1869767
41.436009,4.9895414
41.447619,5.112015
41.459229,4.6788547
41.470839,4.4719472
41.482449,4.1009535
41.494059,3.8830524
41.505669,3.5505196
41.517279,3.7329909
41.528889,3.626953
41.540499,3.8122587
41.552109,3.7535891
41.563719,4.0001808
41.575329,4.2026733
41.586939,4.284543
41.598549,4.226424
41.610159,4.4135097
41.621769,4.185242
41.633379,4.1123651
41.644989,4.0588655
41.656599,4.1182298
41.668209,4.2104191
41.679819,3.9898718
41.691429,4.088801
41.703039,3.8894851
41.714649,3.8343296
41.726259,3.7646605
41.737868,3.5054388
41.749478,3.3590937
41.761088,2.6058415
41.772698,2.5446334
41.784308,4.1630057
41.795918,5.5072849
41.807528,5.5381257
41.819138,6.0643866
41.830748,5.0896353
41.842358,5.9607304
41.853968,4.9242721
41.865578,5.2119219
41.877188,3.9681962
41.888798,3.7208303
41.900408,3.7194098
41.912018,3.317182
41.923628,3.3417642
41.935238,3.4299028
41.946848,3.0781406
41.958458,3.5955872
41.970068,3.6140435
41.981678,2.8533727
41.993288,2.9607143
42.004898,3.2896854
42.016508,2.7716773
42.028118,2.6966523
42.039728,2.6334475
42.051338,2.785934
42.062948,2.1590204
42.074558,2.3995888
42.086168,2.3431806
42.097778,2.2699593
42.109388,2.3602345
42.120998,2.4131776
42.132608,2.3654426
42.144218,2.1892103
42.155828,2.2707447
42.167438,2.2921047
42.179048,2.2725562
42.190658,2.716303
42.202268,2.3728546
42.213878,2.8662243
42.225488,2.6565143
42.237098,7.0594044
42.248707,6.1810737
42.260317,6.7244855
42.271927,6.4923437
42.283537,4.9647232
42.295147,4.3800908
42.306757,4.0612063
42.318367,4.9034152
42.329977,3.5630632
42.341587,3.8785398
42.353197,4.2414838
42.364807,5.0862192
42.376417,4.3745567
42.388027,6.42986
42.399637,5.9870226
42.411247,7.1192748
42.422857,7.4661372
42.434467,6.571914
42.446077,5.5114423
42.457687,5.9171426
42.469297,6.9082502
42.480907,6.6791947
42.492517,5.5020803
42.504127,5.0024533
42.515737,6.2605212
42.527347,6.2019513
42.538957,6.9511403
42.550567,5.4639538
42.562177,6.1168311
42.573787,6.8249852
42.585397,7.245755
42.597007,6.5172651
42.608617,5.8698239
42.620227,6.5907744
42.631837,6.4993069
42.643447,6.5837991
42.655057,5.3463634
42.666667,5.7550508
42.678277,6.143063
42.689887,6.1923331
42.701497,5.3389424
42.713107,4.5276519
42.724717,5.202762
42.736327,5.469785
42.747937,4.7250801
42.759546,3.6750008
42.771156,4.8604143
42.782766,4.6967074
42.794376,4.1776167
42.805986,3.9772485
42.817596,4.2311249
42.829206,4.0908255
42.840816,3.613066
42.852426,3.9366279
42.864036,4.1122563
42.875646,4.122851
42.887256,3.8890356
42.898866,3.5582392
42.910476,3.8170771
42.922086,3.7684692
42.933696,3.4091622
42.945306,3.2336077
42.956916,3.5290989
42.968526,3.575817
42.980136,3.2824073
42.991746,3.0367121
43.003356,3.0140921
43.014966,3.2943498
43.026576,3.3276222
43.038186,2.7943566
43.049796,2.2677038
43.061406,2.8218198
43.073016,3.3710984
43.084626,3.0361923
43.096236,2.2035477
43.107846,2.1732819
43.119456,2.994181
43.131066,3.0415675
43.142676,2.719027
43.154286,2.1254488
43.165896,2.3242109
43.177506,2.7792301
43.189116,2.9234876
43.200726,2.565643
43.212336,1.9830599
43.223946,2.1878826
43.235556,2.7463245
43.247166,2.7876016
43.258776,2.0859518
43.270385,1.7225821
43.281995,2.316342
43.293605,2.9887793
43.305215,5.66322
43.316825,8.7491156
43.328435,7.0349365
43.340045,7.3674651
43.351655,7.3091379
43.363265,6.546647
43.374875,6.5000078
43.386485,6.9664306
43.398095,5.9786291
43.409705,5.1532215
43.421315,5.2097024
43.432925,4.6740627
43.444535,4.82142
43.456145,4.17927
43.467755,3.9061745
43.479365,4.1642458
43.490975,3.4253451
43.502585,2.7875755
43.514195,2.922194
43.525805,3.1447699
43.537415,3.1948443
43.549025,2.2324831
43.560635,2.7966169
43.572245,2.6593223
43.583855,2.8527608
43.595465,2.8238801
43.607075,2.9158983
43.618685,2.6134636
43.630295,2.3927828
43.641905,1.9530136
43.653515,2.3046564
43.665125,2.5549152
43.676735,2.4010193
43.688345,2.5497404
43.699955,5.2248609
43.711565,4.938869
43.723175,4.6597964
43.734785,5.1375549
43.746395,4.877808
43.758005,4.884212
43.769615,4.2304845
43.781224,4.536874
43.792834,8.311074
43.804444,8.9604251
43.816054,8.9241935
43.827664,9.1453812
43.839274,9.6182097
43.850884,9.2699416
43.862494,9.1785411
43.874104,8.113301
43.885714,7.9399608
43.897324,8.1681569
43.908934,7.9032994
43.920544,7.8837472
43.932154,8.0507133
43.943764,7.3569825
43.955374,7.5880805
43.966984,7.4629485
43.978594,7.2420042
43.990204,6.7306551
44.001814,5.8152123
44.013424,5.3188525
44.025034,5.3538102
44.036644,5.7098537
44.048254,5.8892534
44.059864,6.0634277
44.071474,6.3998683
44.083084,6.0717551
44.094694,5.8331098
44.106304,5.9545776
44.117914,5.9349096
44.129524,5.7899543
44.141134,5.8816884
44.152744,5.9596856
44.164354,5.6816256
44.175964,5.4183042
44.187574,5.0917559
44.199184,4.8707212
44.210794,4.6348862
44.222404,4.5708168
44.234014,4.2986264
44.245624,3.5615219
44.257234,3.6276084
44.268844,3.6010672
44.280454,3.4390297
44.292063,3.3168265
44.303673,2.8988944
44.315283,6.7567385
44.326893,6.3329207
44.338503,9.6786839
44.350113,8.8522642
44.361723,8.490163
44.373333,9.217116
44.384943,8.631591
44.396553,8.2935523
44.408163,8.6713185
44.419773,7.7246513
44.431383,7.615583
44.442993,7.4393439
44.454603,6.9494704
44.466213,7.6137968
44.477823,6.8311602
44.489433,6.1384014
44.501043,7.0081733
44.512653,6.7919763
44.524263,5.5973443
44.535873,5.285282
44.547483,5.8895827
44.559093,6.1178592
44.570703,6.1316946
44.582313,5.9808947
44.593923,6.4932915
44.605533,6.4771587
44.617143,6.4198252
44.628753,6.5984601
44.640363,6.5343529
44.651973,6.6294486
44.663583,6.3110673
44.675193,6.0141147
44.686803,5.90877
44.698413,5.4774473
44.710023,5.2484325
44.721633,5.1222585
44.733243,3.9665392
44.744853,3.8530306
44.756463,4.2817145
44.768073,3.7352318
44.779683,7.013167
44.791293,5.5213862
44.802902,5.2787516
44.814512,6.9598418
44.826122,6.2121777
44.837732,6.4828591
44.849342,5.8478401
44.860952,6.8374774
44.872562,7.0515987
44.884172,6.2912406
44.895782,7.6054733
44.907392,5.6991836
44.919002,4.2194802
44.930612,6.6773619
44.942222,6.809521
44.953832,5.0561057
44.965442,5.9926163
44.977052,4.486639
44.988662,6.5634358
45.000272,7.5618463
45.011882,4.8692281
45.023492,6.6091531
45.035102,6.9870865
45.046712,6.2474805
45.058322,5.428343
45.069932,5.4165915
45.081542,5.8182779
45.093152,5.918942
45.104762,4.3171262
45.116372,4.9603082
45.127982,6.2303765
45.139592,5.7842512
45.151202,9.1041425
45.162812,8.0442105
45.174422,6.8548821
45.186032,11.937041
45.197642,6.9451019
45.209252,8.041616
45.220862,9.0250397
45.232472,7.2285362
45.244082,8.6449963
45.255692,10.897054
45.267302,7.0905236
45.278912,9.0402432
45.290522,7.1556701
45.302132,8.0606951
45.313741,6.4193209
45.325351,6.3591729
45.336961,6.2823582
45.348571,6.8625687
45.360181,6.735479
45.371791,6.7902067
45.383401,6.7080858
45.395011,8.4625622
45.406621,9.2245824
45.418231,8.4638805
45.429841,9.5801918
45.441451,8.5312137
45.453061,8.5078237
45.464671,8.8994259
45.476281,8.0499999
45.487891,8.6666032
45.499501,8.8499597
45.511111,7.5596171
45.522721,8.2356778
45.534331,8.5699796
45.545941,7.6323407
45.557551,7.0859094
45.569161,7.7248128
45.580771,7.6920493
45.592381,6.7898012
45.603991,7.1353471
45.615601,7.4562391
45.627211,6.4138213
45.638821,6.4816357
45.650431,7.0652037
45.662041,5.9622624
45.673651,5.9238345
45.685261,6.5863357
45.696871,5.3297611
45.708481,5.1378108
45.720091,6.1305636
45.731701,5.2793683
45.743311,4.8696958
45.754921,6.1101666
45.766531,5.3753685
45.778141,5.3001131
45.789751,6.0773047
45.801361,5.6720305
45.812971,5.7103486
45.82458,5.7836181
45.83619,5.6004015
45.8478,5.7713048
45.85941,5.7266643
45.87102,5.4195008
45.88263,5.5204981
45.89424,5.1077702
45.90585,4.5435451
45.91746,5.2220057
45.92907,4.4410945
45.94068,4.2225737
45.95229,4.3661892
45.9639,4.0589059
45.97551,3.7876148
45.98712,3.3814226
45.99873,3.3474546
46.01034,2.8757017
46.02195,2.445184
46.03356,2.6901268
46.04517,2.1541143
46.05678,2.485331
46.06839,2.3541682
46.08,2.871361
46.09161,2.8519844
46.10322,2.6819799
46.11483,2.9731798
46.12644,2.914942
46.13805,3.6409873
46.14966,3.4025028
46.16127,3.8221588
46.17288,3.6954058
46.18449,4.7967322
46.1961,7.7986021
46.20771,6.8225556
46.21932,7.0219932
46.23093,6.2975973
46.24254,6.6043206
46.25415,4.8087688
46.26576,5.8002984
46.27737,5.0016048
46.28898,4.5026609
46.30059,5.225006
46.3122,4.5364853
46.32381,4.1444535
46.33542,4.7691029
46.347029,4.2394482
46.358639,4.5984479
46.370249,4.743129
46.381859,3.964654
46.393469,3.4667142
46.405079,4.1060435
46.416689,4.4809254
46.428299,3.4918728
46.439909,4.1183963
46.451519,4.7183297
46.463129,4.0996245
46.474739,4.276679
46.486349,3.8038432
46.497959,3.9858114
46.509569,3.8811568
46.521179,3.9774916
46.532789,7.0384739
46.544399,8.3659977
46.556009,7.4858925
46.567619,5.4643493
46.579229,7.6333651
46.590839,4.6925616
46.602449,4.5239658
46.614059,4.8869123
46.625669,4.6049603
46.637279,7.9625583
46.648889,6.514787
46.660499,9.6066432
46.672109,7.1956764
46.683719,7.6693614
46.695329,6.7051051
46.706939,5.3635641
46.718549,6.4014992
46.730159,5.1432338
46.741769,5.5098263
46.753379,4.817365
46.764989,5.5607226
46.776599,6.4578953
46.788209,5.2157243
46.799819,5.1197607
46.811429,5.6953155
46.823039,5.501754
46.834649,4.6905636
46.846259,5.0327881
46.857868,5.4677878
46.869478,4.4865399
46.881088,5.0314212
46.892698,4.5931595
46.904308,4.6486841
46.915918,5.3900228
46.927528,4.6908308
46.939138,4.6466768
46.950748,4.7335687
46.962358,5.4856942
46.973968,5.1156497
46.985578,5.0093478
46.997188,5.5683555
47.008798,4.6744118
47.020408,4.9601274
47.032018,4.5088338
47.043628,4.8524859
47.055238,4.746925
47.066848,3.4080229
47.078458,5.2491116
47.090068,4.1435784
47.101678,4.0764783
47.113288,4.4975787
47.124898,3.4544001
47.136508,5.8997029
47.148118,9.2585122
47.159728,11.786207
47.171338,9.6853648
47.182948,11.741871
47.194558,13.023991
47.206168,10.530062
47.217778,12.872202
47.229388,11.879692
47.240998,11.321429
47.252608,13.654726
47.264218,11.301513
47.275828,11.615046
47.287438,11.737503
47.299048,10.48968
47.310658,11.205183
47.322268,10.539262
47.333878,10.446031
47.345488,10.826243
47.357098,10.335176
47.368707,9.651828
47.380317,9.8727392
47.391927,10.147308
47.403537,8.7500545
47.415147,8.8671425
47.426757,9.6294526
47.438367,8.2496693
47.449977,8.5801518
47.461587,8.2449833
47.473197,7.6058193
47.484807,8.3626653
47.496417,6.6429512
47.508027,7.3512242
47.519637,7.5775157
47.531247,7.1351799
47.542857,7.7749727
47.554467,5.6434964
47.566077,5.5887286
47.577687,5.7275529
47.589297,5.168782
47.600907,5.798065
47.612517,6.0242165
47.624127,6.055316
47.635737,6.2316029
47.647347,7.2992253
47.658957,7.646488
47.670567,6.3341514
47.682177,8.01416
47.693787,8.4348571
47.705397,6.6082974
47.717007,8.4797714
47.728617,7.6593857
47.740227,6.3412602
47.751837,7.8368419
47.763447,7.054241
47.775057,5.1974065
47.786667,6.3677473
47.798277,5.3119362
47.809887,5.2432114
47.821497,4.9607348
47.833107,6.4797073
47.844717,5.878615
47.856327,6.1074767
47.867937,7.6371555
47.879546,8.6464969
47.891156,7.4356489
47.902766,7.4287172
47.914376,6.8101408
47.925986,6.2388026
47.937596,6.9336797
47.949206,7.6111935
47.960816,8.0756814
47.972426,6.5387637
47.984036,6.1433162
47.995646,7.9026723
48.007256,7.1987956
48.018866,6.6264322
48.030476,6.9259934
48.042086,6.9940811
48.053696,6.8755993
48.065306,7.8759698
48.076916,7.2460449
48.088526,6.471227
48.100136,6.0055291
48.111746,5.0885756
48.123356,6.1122975
48.134966,4.3246521
48.146576,5.1089629
48.158186,4.1211723
48.169796,5.0153163
48.181406,4.1314684
48.193016,4.9805473
48.204626,4.054335
48.216236,4.6901232
48.227846,4.0652639
48.239456,4.3760038
48.251066,3.581425
48.262676,4.0557048
48.274286,2.7750476
48.285896,3.5748986
48.297506,2.6811668
48.309116,2.5155679
48.320726,2.7765265
48.332336,2.7142917
48.343946,2.8286165
48.355556,1.9264784
48.367166,2.8935894
48.378776,2.2573227
48.390385,2.5193772
48.401995,2.0776213
48.413605,2.1197616
48.425215,2.2548955
48.436825,2.1688832
48.448435,2.1392011
48.460045,1.8386377
48.471655,1.9578125
48.483265,1.8494838
48.494875,1.7028965
48.506485,1.6452762
48.518095,1.7360624
48.529705,1.7546748
48.541315,1.5971808
48.552925,1.6681078
48.564535,1.6422693
48.576145,1.6071398
48.587755,1.5869266
48.599365,1.8068079
48.610975,1.7683918
48.622585,6.1063477
48.634195,9.7364033
48.645805,8.2157734
48.657415,9.5451824
48.669025,11.75939
48.680635,9.9856255
48.692245,10.917382
48.703855,10.351398
48.715465,11.306518
48.727075,9.837705
48.738685,11.262753
48.750295,10.05845
48.761905,9.4195364
48.773515,10.894256
48.785125,7.9685765
48.796735,10.209186
48.808345,9.9804187
48.819955,7.5884947
48.831565,10.974839
48.843175,8.5982592
48.854785,8.5977491
48.866395,10.151888
48.878005,7.0057755
48.889615,9.8620507
48.901224,9.2162726
48.912834,7.4262721
48.924444,9.5597002
48.936054,8.1543355
48.947664,8.2891774
48.959274,8.5644501
48.970884,8.2783227
48.982494,8.7034294
48.994104,8.3202831
49.005714,9.2914163
49.017324,7.8788136
49.028934,8.156252
49.040544,8.3192954
49.052154,7.2799908
49.063764,8.418399
49.075374,6.7399555
49.086984,7.0596049
49.098594,6.7403746
49.110204,6.8990578
49.121814,6.8171164
49.133424,8.2137532
49.145034,7.5061214
49.156644,6.7803117
49.168254,6.2350872
49.179864,6.5152742
49.191474,6.3449029
49.203084,7.0403992
49.214694,6.7462705
49.226304,6.8513723
49.237914,7.9118189
49.249524,6.3149736
49.261134,6.4177845
49.272744,6.9577164
49.284354,5.4555485
49.295964,5.3746727
49.307574,6.265577
49.319184,4.4881298
49.330794,4.4590976
49.342404,4.7497391
49.354014,4.2533896
49.365624,4.1717273
49.377234,4.344062
49.388844,6.0427534
49.400454,6.6845706
49.412063,7.5697588
49.423673,8.1722699
49.435283,6.8027008
49.446893,6.9016288
49.458503,6.947263
49.470113,6.4160021
49.481723,5.7182908
49.493333,7.7597164
49.504943,8.5967595
49.516553,8.304172
49.528163,8.8241087
49.539773,8.7893807
49.551383,8.5845736
49.562993,7.3572807
49.574603,8.4484748
49.586213,8.886928
49.597823,8.0413326
49.609433,8.5320425
49.621043,7.7640302
49.632653,8.0504093
49.644263,7.8564607
49.655873,7.2172993
49.667483,7.0224622
49.679093,7.2312292
49.690703,7.1728663
49.702313,7.5219202
49.713923,6.851502
49.725533,6.9194375
49.737143,6.8403231
49.748753,7.0269273
49.760363,6.9968041
49.771973,6.9040072
49.783583,7.1457799
49.795193,7.2681721
49.806803,6.3719424
49.818413,6.9673024
49.830023,6.4704099
49.841633,6.9874712
49.853243,5.913699
49.864853,6.7929555
49.876463,5.6280301
49.888073,6.9363235
49.899683,5.8267449
49.911293,6.9059356
49.922902,5.9970851
49.934512,6.7361461
49.946122,6.075267
49.957732,6.5130466
49.969342,5.3965496
49.980952,5.8139617
49.992562,5.076133
50.004172,6.0634576
50.015782,6.4509144
50.027392,7.9624551
50.039002,6.7115435
50.050612,9.6347358
50.062222,7.1924879
50.073832,6.7015302
50.085442,5.5815648
50.097052,5.7675855
50.108662,5.313765
50.120272,6.6776524
50.131882,6.627721
50.143492,6.2671837
50.155102,6.8635698
50.166712,6.461044
50.178322,6.0793544
50.189932,6.2271172
50.201542,5.2978783
50.213152,6.4036987
50.224762,5.5724683
50.236372,6.6264384
50.247982,5.578044
50.259592,5.2721656
50.271202,5.6999349
50.282812,5.4435073
50.294422,5.3497629
50.306032,6.1521512
50.317642,4.6004964
50.329252,5.5518775
50.340862,4.7736879
50.352472,4.7544313
50.364082,5.6970801
50.375692,5.5759576
50.387302,5.7431128
50.398912,5.543859
50.410522,5.6401721
50.422132,5.4394046
50.433741,5.1507679
50.445351,6.4646582
50.456961,5.5318464
50.468571,6.3398983
50.480181,5.8276849
50.491791,5.3618373
50.503401,6.1772812
50.515011,7.4055914
50.526621,7.2787447
50.538231,6.3348681
50.549841,6.6268048
50.561451,6.4282548
50.573061,6.6060278
50.584671,6.5862024
50.596281,6.7345937
50.607891,5.8364175
50.619501,7.4716918
50.631111,4.9253614
50.642721,5.0838954
50.654331,5.7595445
50.665941,4.9961219
50.677551,5.3005971
50.689161,5.6884549
50.700771,5.5048149
50.712381,5.1301386
50.723991,4.5310596
50.735601,5.2610716
50.747211,6.3830163
50.758821,7.8848223
50.770431,7.2020977
50.782041,7.2384762
50.793651,6.3757328
50.805261,5.6757982
50.816871,7.6201109
50.828481,5.4494246
50.840091,6.3907539
50.851701,5.3963395
50.863311,3.8238527
50.874921,4.7906576
50.886531,4.5974935
50.898141,4.2154842
50.909751,4.5714697
50.921361,4.8221488
50.932971,5.0274486
50.94458,3.2567306
50.95619,3.7181795
50.9678,3.5861274
50.97941,4.0892665
50.99102,3.2100229
51.00263,3.9882049
51.01424,3.3572567
51.02585,3.8356185
51.03746,2.8166359
51.04907,4.3510551
51.06068,3.3881832
51.07229,5.6941804
51.0839,4.4040908
51.09551,4.4280639
51.10712,4.6089123
51.11873,5.1150541
51.13034,5.1156628
51.14195,5.5984695
51.15356,5.3445662
51.16517,5.3556764
51.17678,6.1156708
51.18839,5.8046138
51.2,5.7524365
51.21161,6.2589344
51.22322,6.2734867
51.23483,6.2896942
51.24644,6.4509823
51.25805,6.4240707
51.26966,6.1620026
51.28127,6.0780181
51.29288,6.3704256
51.30449,5.9055255
51.3161,5.809498
51.32771,5.6306448
51.33932,5.8502254
51.35093,5.3402037
51.36254,5.2449322
51.37415,4.881687
51.38576,5.0038886
51.39737,5.2247817
51.40898,4.1612244
51.42059,4.3248465
51.4322,4.3681526
51.44381,4.7699823
51.45542,4.2732504
51.467029,4.7680116
51.478639,4.3482097
51.490249,4.907386
51.501859,4.7158219
51.513469,4.8274416
51.525079,4.4668254
51.536689,4.5224003
51.548299,4.1733023
51.559909,4.0416534
51.571519,3.7152695
51.583129,3.7961631
51.594739,3.2154108
51.606349,2.9934753
51.617959,3.0456543
51.629569,3.0183421
51.641179,2.5820193
51.652789,2.646631
51.664399,2.6796047
51.676009,2.9188076
51.687619,2.9173475
51.699229,3.2401408
51.710839,3.1578321
51.722449,3.3719603
51.734059,3.3300239
51.745669,3.5306967
51.757279,3.4562933
51.768889,3.5515639
51.780499,3.348991
51.792109,3.3448459
51.803719,3.0848123
51.815329,2.9834158
51.826939,2.6898693
51.838549,2.5693109
51.850159,2.2615451
51.861769,2.1679987
51.873379,2.1525659
51.884989,1.9156063
51.896599,2.0826142
51.908209,1.9798031
51.919819,2.1245742
51.931429,2.1454799
51.943039,2.3679538
51.954649,2.4259429
51.966259,2.4755827
51.977868,2.5506497
51.989478,2.5689703
52.001088,2.5501988
52.012698,2.4337378
52.024308,2.4615937
52.035918,2.3613671
52.047528,2.3335753
52.059138,2.232189
52.070748,2.2873155
52.082358,2.2549444
52.093968,2.2467195
52.105578,2.2588646
52.117188,2.3174426
52.128798,2.3707653
52.140408,2.3370289
52.152018,2.3209442
52.163628,2.318276
52.175238,2.3166672
52.186848,2.2276269
52.198458,2.1447617
52.210068,1.9854932
52.221678,1.9389734
52.233288,1.8385111
52.244898,1.7253696
52.256508,1.6738785
52.268118,1.6755705
52.279728,1.6676498
52.291338,1.6958311
52.302948,1.7757264
52.314558,1.9056998
52.326168,1.9602574
52.337778,1.9624621
52.349388,2.0349042
52.360998,2.0496009
52.372608,2.053201
52.384218,2.0048756
52.395828,1.9511667
52.407438,1.863553
52.419048,1.766011
52.430658,1.6173747
52.442268,1.5073889
52.453878,1.3568488
52.465488,1.3679561
52.477098,1.2819932
52.488707,1.378108
52.500317,1.3569534
52.511927,1.4115827
52.523537,1.4402598
52.535147,1.5365187
52.546757,1.6303679
52.558367,1.7254383
52.569977,1.7523526
52.581587,1.8316255
52.593197,1.8481631
52.604807,1.8564006
52.616417,1.8229573
52.628027,1.7888938
52.639637,1.7350122
52.651247,1.6509272
52.662857,1.5462411
52.674467,1.4331161
52.686077,1.2996405
52.697687,1.1579089
52.709297,1.0092803
52.720907,1.0019289
52.732517,0.94733898
52.744127,0.90381095
52.755737,0.82501756
52.767347,0.85669382
52.778957,0.91163933
52.790567,1.0044337
52.802177,1.1125806
52.813787,1.1685863
52.825397,1.2283773
52.837007,1.2568432
52.848617,1.2801139
52.860227,1.2854101
52.871837,1.2803971
52.883447,1.251984
52.895057,1.2360079
52.906667,1.1827942
52.918277,1.1286984
52.929887,0.98240189
52.941497,2.187686
52.953107,3.6004097
52.964717,3.2281804
52.976327,3.7309639
52.987937,3.4303988
52.999546,3.3560299
53.011156,3.4323877
53.022766,3.5059544
53.034376,3.7609117
53.045986,2.9772159
53.057596,3.5894642
53.069206,3.6612697
53.080816,2.6187569
53.092426,3.3869183
53.104036,3.6003366
53.115646,2.5852833
53.127256,3.5872527
53.138866,3.4333738
53.150476,2.5434911
53.162086,3.6237088
53.173696,3.0017732
53.185306,2.7493471
53.196916,3.6116527
53.208526,2.5068211
53.220136,2.8872937
53.231746,3.3180617
53.243356,2.2201312
53.254966,2.931599
53.266576,3.0719352
53.278186,2.0738912
53.289796,3.0617942
53.301406,2.6613741
53.313016,1.9206052
53.324626,2.8266246
53.336236,2.3986086
53.347846,2.0159651
53.359456,2.8153956
53.371066,2.0986198
53.382676,2.3326037
53.394286,2.7548679
53.405896,1.9843371
53.417506,2.3842599
53.429116,2.5239536
53.440726,1.8698882
53.452336,2.560317
53.463946,2.9468817
53.475556,2.6481753
53.487166,3.0045625
53.498776,2.7918206
53.510385,2.5215017
53.521995,2.7976909
53.533605,2.591244
53.545215,2.8048385
53.556825,2.7065751
53.568435,2.5269843
53.580045,2.8733741
53.591655,2.7150039
53.603265,2.5024936
53.614875,2.6384434
53.626485,2.7211102
53.638095,2.3090367
53.649705,2.6142087
53.661315,2.5241404
53.672925,2.1052359
53.684535,2.6072735
53.696145,2.3760775
53.707755,1.9339564
53.719365,2.4809048
53.730975,2.2025257
53.742585,1.9787675
53.754195,2.3071825
53.765805,2.0882358
53.777415,2.1568392
53.789025,2.32078
53.800635,2.0190741
53.812245,2.1840843
53.823855,2.261493
53.835465,1.854778
53.847075,2.1832375
53.858685,2.0451613
53.870295,2.2176245
53.881905,2.5074222
53.893515,2.516105
53.905125,2.4558567
53.916735,1.9446179
53.928345,2.22111
53.939955,2.0913164
53.951565,1.7354274
53.963175,2.1620016
53.974785,1.7829336
53.986395,1.6833569
53.998005,1.9100715
54.009615,1.6285085
54.021224,1.7796598
54.032834,1.7744721
54.044444,1.5341135
54.056054,1.7350192
54.067664,1.6195234
54.079274,1.2823207
54.090884,1.801249
54.102494,1.5359495
54.114104,1.3909351
54.125714,1.6128594
54.137324,1.3180043
54.148934,1.3430077
54.160544,1.39078
54.172154,1.2807826
54.183764,1.2951596
54.195374,1.494141
54.206984,1.7139402
54.218594,1.293301
54.230204,1.5597939
54.241814,1.8216267
54.253424,1.8892924
54.265034,1.8864331
54.276644,2.3229734
54.288254,1.9911878
54.299864,2.0001943
54.311474,2.1208107
54.323084,1.6477584
54.334694,1.9171873
54.346304,1.844656
54.357914,1.5434906
54.369524,2.060212
54.381134,2.0465842
54.392744,1.5762304
54.404354,2.2428092
54.415964,1.9368064
54.427574,1.9624105
54.439184,2.2168799
54.450794,1.8492137
54.462404,1.8659929
54.474014,2.1133704
54.485624,1.6249775
54.497234,1.8614462
54.508844,1.9307281
54.520454,1.4662485
54.532063,1.6938691
54.543673,1.719825
54.555283,1.4931886
54.566893,2.6301784
54.578503,2.309246
54.590113,1.7329221
54.601723,2.6995985
54.613333,2.1549437
54.624943,2.2211874
54.636553,2.6550007
54.648163,1.7438053
54.659773,2.1335462
54.671383,2.4558846
54.682993,1.5834914
54.694603,2.1354452
54.706213,2.2053504
54.717823,1.4881364
54.729433,2.305329
54.741043,1.9292987
54.752653,1.619329
54.764263,2.2251313
54.775873,1.7236953
54.787483,1.6863258
54.799093,2.0556961
54.810703,1.4645897
54.822313,1.7497042
54.833923,2.133602
54.845533,1.4371494
54.857143,1.8798515
54.868753,2.1189568
54.880363,2.0942913
54.891973,2.4433871
54.903583,2.6246203
54.915193,2.5185915
54.926803,2.4914521
54.938413,2.6661631
54.950023,2.5236813
54.961633,2.3493409
54.973243,2.582078
54.984853,2.2038067
54.996463,2.319697
55.008073,2.5882906
55.019683,2.0289168
55.031293,2.2598093
55.042902,2.4447937
55.054512,1.925706
55.066122,2.4077963
55.077732,2.2625488
55.089342,1.8319127
55.100952,2.26562
55.112562,2.0194085
55.124172,1.7249566
55.135782,2.2110061
55.147392,1.6632445
55.159002,1.6419702
55.170612,2.1547885
55.182222,1.5488602
55.193832,1.6407604
55.205442,2.7957144
55.217052,2.9818383
55.228662,2.9696989
55.240272,3.1571696
55.251882,2.1520406
55.263492,2.6977895
55.275102,2.5999983
55.286712,2.5573864
55.298322,2.6967474
55.309932,2.4318584
55.321542,2.5546557
55.333152,2.1192822
55.344762,2.5310559
55.356372,2.6214325
55.367982,2.2019683
55.379592,2.7500283
55.391202,2.7042788
55.402812,2.1645519
55.414422,2.3773816
55.426032,2.4070882
55.437642,2.2402436
55.449252,2.360233
55.460862,2.102157
55.472472,2.2324483
55.484082,2.4101983
55.495692,2.2579521
55.507302,2.2072812
55.518912,6.9554413
55.530522,4.8351306
55.542132,5.6080925
55.553741,6.2760143
55.565351,4.7331432
55.576961,6.2400984
55.588571,6.3616679
55.600181,5.2830811
55.611791,6.3789858
55.623401,5.6175356
55.635011,4.7425411
55.646621,5.2090286
55.658231,4.6787572
55.669841,4.3004268
55.681451,4.7892471
55.693061,3.7052018
55.704671,4.337127
55.716281,4.6075427
55.727891,3.6687048
55.739501,3.8446579
55.751111,4.1238409
55.762721,3.658464
55.774331,3.6939536
55.785941,4.0597122
55.797551,3.5188605
55.809161,3.9964586
55.820771,4.0175337
55.832381,3.4018818
55.843991,4.6405407
55.855601,4.5069035
55.867211,3.683035
55.878821,4.60588
55.890431,3.6821347
55.902041,3.4588599
55.913651,4.1971342
55.925261,3.1553687
55.936871,3.5513633
55.948481,3.7158027
55.960091,3.4589272
55.971701,3.9618964
55.983311,3.7516369
55.994921,3.2881896
56.006531,4.0390122
56.018141,3.7540556
56.029751,3.2498042
56.041361,4.0275814
56.052971,3.241343
56.06458,3.0950037
56.07619,3.6373761
56.0878,2.8742748
56.09941,3.0684858
56.11102,3.6060511
56.12263,2.5034065
56.13424,2.8947143
56.14585,2.7435174
56.15746,3.9719784
56.16907,5.5899951
56.18068,7.4079462
56.19229,5.7005881
56.2039,5.8782986
56.21551,7.2254634
56.22712,5.2459827
56.23873,6.2883953
56.25034,7.2284773
56.26195,5.4701825
56.27356,6.2109042
56.28517,6.4462135
56.29678,4.8533885
56.30839,6.0570849
56.32,5.7323497
56.33161,4.8938333
56.34322,5.9288714
56.35483,5.5804882
56.36644,4.9676566
56.37805,5.4988551
56.38966,4.9850758
56.40127,5.1201987
56.41288,5.3094006
56.42449,4.5876113
56.4361,5.0400142
56.44771,5.3407223
56.45932,4.4860165
56.47093,4.7216212
56.48254,5.1173945
56.49415,3.8323073
56.50576,3.9211723
56.51737,4.0990051
56.52898,3.6414089
56.54059,3.8058739
56.5522,3.6631946
56.56381,3.7352035
56.57542,4.2041044
56.587029,3.7733859
56.598639,3.9969672
56.610249,3.6592312
56.621859,3.7091468
56.633469,3.946412
56.645079,3.5585505
56.656689,3.1690454
56.668299,3.3343332
56.679909,3.7638472
56.691519,3.4650882
56.703129,3.6666557
56.714739,3.9345894
56.726349,3.4228663
56.737959,3.7713336
56.749569,3.8442155
56.761179,3.4347748
56.772789,3.8144531
56.784399,3.5410487
56.796009,2.5808604
56.807619,2.5993451
56.819229,6.0219775
56.830839,7.5911613
56.842449,5.3902814
56.854059,6.5603627
56.865669,7.0477783
56.877279,5.2412301
56.888889,6.0863699
56.900499,6.6240614
56.912109,6.0429323
56.923719,5.3797995
56.935329,5.8338555
56.946939,5.2073483
56.958549,4.5057974
56.970159,4.9202876
56.981769,4.9596124
56.993379,4.5867627
57.004989,5.1428608
57.016599,4.581875
57.028209,4.7189901
57.039819,5.0219682
57.051429,4.220528
57.063039,4.5999949
57.074649,4.6332698
57.086259,3.7085597
57.097868,4.6528729
57.109478,4.4957608
57.121088,3.6877697
57.132698,4.5437091
57.144308,3.7636702
57.155918,4.0333181
57.167528,4.0371134
57.179138,3.2124787
57.190748,3.6934805
57.202358,3.6037153
57.213968,3.0761029
57.225578,3.7581281
57.237188,4.0124793
57.248798,3.1216548
57.260408,4.1287319
57.272018,4.0954124
57.283628,6.4140564
57.295238,5.9725353
57.306848,4.2898232
57.318458,4.2881872
57.330068,4.9729752
57.341678,3.7444218
57.353288,4.5074182
57.364898,4.2040201
57.376508,3.4219726
57.388118,3.840622
57.399728,3.5176862
57.411338,4.1243918
57.422948,4.166276
57.434558,3.8633549
57.446168,5.0636856
57.457778,4.206952
57.469388,4.0980555
57.480998,3.7950202
57.492608,3.9645361
57.504218,3.6871018
57.515828,3.7764463
57.527438,4.0695356
57.539048,4.1603277
57.550658,3.8884862
57.562268,4.1730333
57.573878,4.2592966
57.585488,3.7779387
57.597098,3.2997154
57.608707,3.386503
57.620317,3.4425698
57.631927,3.0856753
57.643537,3.0512333
57.655147,3.4425268
57.666757,2.802732
57.678367,3.3366608
57.689977,3.042228
57.701587,2.8220597
57.713197,3.2678166
57.724807,2.6965274
57.736417,9.4841814
57.748027,9.905558
57.759637,9.5870297
57.771247,10.734228
57.782857,9.0950027
57.794467,7.5719953
57.806077,7.3712753
57.817687,6.1389141
57.829297,6.3440442
57.840907,6.8926146
57.852517,7.1655162
57.864127,7.1222652
57.875737,6.0848545
57.887347,8.1305972
57.898957,5.7127231
57.910567,4.8847329
57.922177,5.7694997
57.933787,5.6129403
57.945397,5.0626279
57.957007,4.8425686
57.968617,5.3196339
57.980227,4.8725121
57.991837,4.3992319
58.003447,5.2533505
58.015057,4.4060209
58.026667,3.4292274
58.038277,5.4206688
58.049887,7.5411878
58.061497,5.5481365
58.073107,4.9044776
58.084717,4.9071187
58.096327,5.3496415
58.107937,4.4301388
58.119546,4.6382617
58.131156,5.3308613
58.142766,6.1243517
58.154376,5.6135747
58.165986,5.7896167
58.177596,4.2537425
58.189206,7.6412428
58.200816,7.928614
58.212426,7.2442164
58.224036,6.7981355
58.235646,7.227178
58.247256,6.7380675
58.258866,6.5407108
58.270476,6.3517373
58.282086,6.1359471
58.293696,5.7356338
58.305306,5.7174152
58.316916,5.4783432
58.328526,5.5090861
58.340136,5.6692436
58.351746,4.4766923
58.363356,4.3983216
58.374966,4.8160961
58.386576,4.0464325
58.398186,3.8144542
58.409796,4.0085802
58.421406,4.2057023
58.433016,3.7680928
58.444626,3.9752743
58.456236,4.6511143
58.467846,3.4209522
58.479456,6.9384912
58.491066,9.6493428
58.502676,9.427721
58.514286,9.2958038
58.525896,8.4765148
58.537506,8.2092578
58.549116,7.5739834
58.560726,6.6778608
58.572336,6.5447294
58.583946,6.5738139
58.595556,6.5683365
58.607166,5.9793848
58.618776,8.9980048
58.630385,8.6459895
58.641995,8.696563
58.653605,9.2592655
58.665215,7.2512048
58.676825,6.5263633
58.688435,5.7042328
58.700045,4.5628921
58.711655,4.3510391
58.723265,3.526933
58.734875,4.0683517
58.746485,7.7701731
58.758095,6.361272
58.769705,6.2188525
58.781315,7.4576591
58.792925,6.5121985
58.804535,4.880842
58.816145,4.8014777
58.827755,5.7306778
58.839365,4.7702236
58.850975,4.5881659
58.862585,4.8630168
58.874195,4.4510082
58.885805,3.683817
58.897415,5.5401683
58.909025,6.1507212
58.920635,5.0507951
58.932245,4.537237
58.943855,4.9395972
58.955465,4.9617075
58.967075,3.610782
58.978685,3.8391449
58.990295,3.6693536
59.001905,3.5585582
59.013515,3.1463844
59.025125,3.6247602
59.036735,3.1130981
59.048345,2.8057444
59.059955,3.361454
59.071565,3.2555408
59.083175,4.0201129
59.094785,3.0738939
59.106395,2.7634024
59.118005,2.6837429
59.129615,12.411148
59.141224,11.97935
59.152834,11.188039
59.164444,10.049464
59.176054,10.754019
59.187664,10.582313
59.199274,9.8106955
59.210884,10.2675
59.222494,9.4876911
59.234104,9.0823573
59.245714,9.0984606
59.257324,8.9431713
59.268934,8.4734133
59.280544,8.1710623
59.292154,8.6034868
59.303764,7.7572299
59.315374,6.60104
59.326984,6.3669367
59.338594,5.2982869
59.350204,5.485
59.361814,5.3062149
59.373424,4.9625657
59.385034,5.5711621
59.396644,5.3616532
59.408254,4.8342177
59.419864,4.3731985
59.431474,3.6929944
59.443084,9.6405914
59.454694,12.372556
59.466304,12.10913
59.477914,12.349111
59.489524,11.729751
59.501134,10.201221
59.512744,9.7400556
59.524354,9.6788975
59.535964,8.030841
59.547574,8.807155
59.559184,9.096233
59.570794,8.0514838
59.582404,7.975597
59.594014,9.4751193
59.605624,9.6813512
59.617234,10.365069
59.628844,9.5408337
59.640454,7.8757403
59.652063,7.6366342
59.663673,6.9796003
59.675283,6.0821574
59.686893,6.9493692
59.698503,6.4749082
59.710113,6.0497171
59.721723,5.5126405
59.733333,6.0598563
59.744943,3.8153934
59.756553,5.2334319
59.768163,6.3726933
59.779773,4.9935313
59.791383,5.2684939
59.802993,4.2513487
59.814603,4.2646704
59.826213,4.7758922
59.837823,4.0970969
59.849433,3.1314572
59.861043,2.889345
59.872653,3.9504508
59.884263,5.3087118
59.895873,4.8613693
59.907483,4.7797406
59.919093,4.4774264
59.930703,4.8537043
59.942313,4.387122
59.953923,4.3828766
59.965533,5.6628047
59.977143,5.1870246
59.988753,5.2520618
60.000363,5.0947966
60.011973,3.6692669
60.023583,6.7016666
60.035193,6.2994598
60.046803,6.2115709
60.058413,5.7563109
60.070023,5.758583
60.081633,5.5489568
60.093243,5.48919
60.104853,5.5677794
60.116463,4.9606286
60.128073,5.0804372
60.139683,4.8787387
60.151293,5.12378
60.162902,3.7010985
60.174512,3.8175221
60.186122,3.6296633
60.197732,2.9776583
60.209342,3.5774025
60.220952,3.621864
60.232562,3.8712555
60.244172,3.9424046
60.255782,3.0175834
60.267392,3.9720183
60.279002,3.0815792
60.290612,9.91199
60.302222,10.732535
60.313832,11.429976
60.325442,10.566579
60.337052,9.7097608
60.348662,8.8994461
60.360272,8.681333
60.371882,7.9659347
60.383492,7.3917926
60.395102,8.041068
60.406712,7.7681987
60.418322,7.0279005
60.429932,7.4888333
60.441542,6.7097846
60.453152,6.6577719
60.464762,6.5766364
60.476372,6.3936898
60.487982,6.1164908
60.499592,5.9108051
60.511202,4.729371
60.522812,5.0958011
60.534422,4.6158607
60.546032,4.7042397
60.557642,5.761088
60.569252,5.1279107
60.580862,5.2268699
60.592472,5.3105378
60.604082,5.0915323
60.615692,4.5718352
60.627302,5.2231175
60.638912,5.6507708
60.650522,5.0456722
60.662132,5.5378644
60.673741,4.3663708
60.685351,4.212327
60.696961,4.5387247
60.708571,3.9416247
60.720181,4.3296158
60.731791,4.3957555
60.743401,4.6063341
60.755011,4.7005818
60.766621,4.6197832
60.778231,4.2860806
60.789841,4.8647493
60.801451,4.7448811
60.813061,4.9346112
60.824671,4.7810378
60.836281,4.8866598
60.847891,5.2526904
60.859501,5.3572592
60.871111,5.1686594
60.882721,5.2122115
60.894331,5.1022576
60.905941,4.8268669
60.917551,4.6315373
60.929161,4.6314691
60.940771,4.755002
60.952381,4.3364578
60.963991,4.4405047
60.975601,4.2748592
60.987211,4.2108456
60.998821,4.2664299
61.010431,4.1195948
61.022041,3.5693625
61.033651,3.5771737
61.045261,3.8057032
61.056871,3.1249587
61.068481,2.8839385
61.080091,2.7986452
61.091701,6.6670861
61.103311,4.419961
61.114921,4.0382793
61.126531,3.6516236
61.138141,4.1521466
61.149751,3.2997374
61.161361,3.867722
61.172971,3.796488
61.18458,3.4801212
61.19619,3.369843
61.2078,3.1339787
61.21941,3.0224178
61.23102,2.8433609
61.24263,4.261755
61.25424,4.903304
61.26585,3.9332121
61.27746,3.5818476
61.28907,3.49338
61.30068,3.9293742
61.31229,3.1890656
61.3239,3.3288914
61.33551,3.3500811
61.34712,3.7276357
61.35873,3.3810929
61.37034,3.5622886
61.38195,3.2354687
61.39356,2.7369455
61.40517,2.4895983
61.41678,1.6351312
61.42839,1.7742407
61.44,2.5595216
61.45161,2.7320873
61.46322,2.8162204
61.47483,2.678331
61.48644,2.8099502
61.49805,2.7090055
61.50966,3.0797378
61.52127,2.4969822
61.53288,2.2445
61.54449,2.118352
61.5561,1.8304112
61.56771,1.7943487
61.57932,1.5060061
61.59093,5.1787209
61.60254,7.7461608
61.61415,7.5651855
61.62576,8.2207677
61.63737,7.8858029
61.64898,6.0769167
61.66059,5.6497524
61.6722,4.1906656
61.68381,3.7932701
61.69542,4.0440384
61.707029,3.4890085
61.718639,3.240582
61.730249,5.6932654
61.741859,5.6785354
61.753469,3.8307329
61.765079,5.9698388
61.776689,6.7585726
61.788299,4.8878287
61.799909,4.5395902
61.811519,3.7077747
61.823129,4.3521479
61.834739,3.4667248
61.846349,3.279895
61.857959,2.2710188
61.869569,2.3637548
61.881179,7.2484589
61.892789,5.8072654
61.904399,4.3598872
61.916009,4.6110155
61.927619,4.6109386
61.939229,4.5868324
61.950839,4.3597996
61.962449,4.6640012
61.974059,6.2794928
61.985669,5.0918158
61.997279,4.8383809
62.008889,4.529171
62.020499,3.9551029
62.032109,5.951633
62.043719,6.8582937
62.055329,6.7188687
62.066939,6.2881341
62.078549,5.7321088
62.090159,5.9745815
62.101769,5.8277406
62.113379,5.4470959
62.124989,5.9596013
62.136599,5.3910117
62.148209,4.8747126
62.159819,4.9426809
62.171429,4.0514489
62.183039,4.047426
62.194649,5.1882322
62.206259,4.3741732
62.217868,3.8358759
62.229478,4.1714464
62.241088,3.1387738
62.252698,2.7582204
62.264308,3.137582
62.275918,3.1785764
62.287528,4.1332272
62.299138,4.3259018
62.310748,4.2114436
62.322358,4.4223778
62.333968,3.7737843
62.345578,5.8239913
62.357188,7.2148103
62.368798,7.6338613
62.380408,7.4987604
62.392018,7.2839288
62.403628,6.621083
62.415238,5.9427158
62.426848,5.530231
62.438458,5.3278646
62.450068,4.915433
62.461678,5.404925
62.473288,6.4554767
62.484898,8.3261571
62.496508,8.360934
62.508118,9.1748313
62.519728,8.3732178
62.531338,6.951778
62.542948,6.6085276
62.554558,5.922818
62.566168,4.1999205
62.577778,4.0967783
62.589388,3.7054685
62.600998,2.5804195
62.612608,1.9026066
62.624218,3.8414942
62.635828,6.6622481
62.647438,4.6362767
62.659048,6.2314787
62.670658,5.3016141
62.682268,4.367758
62.693878,6.2065946
62.705488,5.118281
62.717098,4.9132063
62.728707,5.738473
62.740317,4.0377008
62.751927,3.7410316
62.763537,3.7548702
62.775147,3.1705635
62.786757,4.3208589
62.798367,4.780437
62.809977,3.7065243
62.821587,3.0805088
62.833197,2.905426
62.844807,3.479873
62.856417,3.1823595
62.868027,3.4094509
62.879637,3.1511792
62.891247,3.3803564
62.902857,3.1190334
62.914467,2.9937464
62.926077,2.6869108
62.937687,2.2751939
62.949297,2.1705105
62.960907,2.3726642
62.972517,2.3438234
62.984127,1.9182594
62.995737,1.8678336
63.007347,3.965725
63.018957,10.253007
63.030567,10.617119
63.042177,9.5186496
63.053787,8.7132617
63.065397,9.5689837
63.077007,8.9418124
63.088617,8.8346096
63.100227,8.7403975
63.111837,8.0295097
63.123447,7.748621
63.135057,7.583944
63.146667,7.3153546
63.158277,6.8555437
63.169887,6.8854912
63.181497,6.048348
63.193107,5.8372797
63.204717,5.6154328
63.216327,5.8175585
63.227937,6.3605394
63.239546,5.9050428
63.251156,5.7085989
63.262766,4.766414
63.274376,4.6509868
63.285986,4.3152114
63.297596,3.6998544
63.309206,3.4674804
63.320816,4.1607446
63.332426,4.4249162
63.344036,4.3403437
63.355646,4.3472934
63.367256,2.9880402
63.378866,4.1098458
63.390476,4.4471049
63.402086,4.183027
63.413696,3.8094314
63.425306,9.4819384
63.436916,10.330582
63.448526,10.638397
63.460136,9.8988494
63.471746,9.3056654
63.483356,8.6249528
63.494966,7.9940698
63.506576,7.6388892
63.518186,7.1504527
63.529796,7.4355749
63.541406,7.1749952
63.553016,6.9823317
63.564626,6.2788551
63.576236,5.7584741
63.587846,6.1155178
63.599456,6.1256068
63.611066,5.8407865
63.622676,5.4885803
63.634286,8.6006747
63.645896,8.4526874
63.657506,9.1549126
63.669116,8.9253832
63.680726,7.1762255
63.692336,6.7714339
63.703946,6.1804931
63.715556,5.4979904
63.727166,6.1596109
63.738776,5.7140724
63.750385,6.1074915
63.761995,6.244062
63.773605,5.7869668
63.785215,4.3099881
63.796825,4.198677
63.808435,3.7382548
63.820045,2.8867361
63.831655,3.5550227
63.843265,5.3214031
63.854875,3.8157352
63.866485,5.1307978
63.878095,4.7135132
63.889705,3.4246736
63.901315,2.6239153
63.912925,2.3147628
63.924535,2.9119083
63.936145,2.8384453
63.947755,2.3022689
63.959365,2.5088553
63.970975,2.2212064
63.982585,2.3302194
63.994195,2.5604982
64.005805,2.8866585
64.017415,2.7386262
64.029025,2.4415986
64.040635,2.4396387
64.052245,4.2608551
64.063855,3.3768441
64.075465,2.6095169
64.087075,3.2557789
64.098685,2.7423247
64.110295,2.5672031
64.121905,2.605767
64.133515,3.3916164
64.145125,3.7832897
64.156735,4.0243461
64.168345,3.8345084
64.179955,3.8326329
64.191565,2.7003024
64.203175,4.5329787
64.214785,4.0195156
64.226395,4.02434
64.238005,3.5896193
64.249615,3.6051996
64.261224,2.6594617
64.272834,2.8372663
64.284444,2.0876697
64.296054,3.1581381
64.307664,5.8272921
64.319274,6.2274577
64.330884,5.6553494
64.342494,4.9833794
64.354104,5.6351007
64.365714,5.3534938
64.377324,5.0399353
64.388934,5.1556336
64.400544,4.8549856
64.412154,4.5674821
64.423764,4.5335033
64.435374,4.4283849
64.446984,3.8257488
64.458594,3.9671018
64.470204,3.5809084
64.481814,3.0504909
64.493424,2.9117646
64.505034,3.2145075
64.516644,2.9036908
64.528254,2.7293754
64.539864,3.0191227
64.551474,2.2453774
64.563084,2.7481144
64.574694,5.4699403
64.586304,3.8116362
64.597914,3.027393
64.609524,4.1614208
64.621134,3.65837
64.632744,4.6430316
64.644354,5.1530187
64.655964,5.629592
64.667574,6.0221224
64.679184,5.8091756
64.690794,5.934951
64.702404,5.0080388
64.714014,5.4587203
64.725624,5.4143333
64.737234,5.3833623
64.748844,4.887939
64.760454,4.8230872
64.772063,4.1879482
64.783673,4.147616
64.795283,3.548985
64.806893,3.4451015
64.818503,3.582057
64.830113,3.4476787
64.841723,1.6336535
64.853333,1.9089759
64.864943,2.0385628
64.876553,1.9887303
64.888163,2.0825212
64.899773,2.4037371
64.911383,2.6368868
64.922993,2.2295246
64.934603,2.3361208
64.946213,2.2133675
64.957823,1.9998937
64.969433,1.7577573
64.981043,1.8793734
64.992653,6.9467626
65.004263,10.065914
65.015873,9.7736271
65.027483,10.194308
65.039093,9.4520911
65.050703,8.5191078
65.062313,7.9182411
65.073923,7.7989701
65.085533,6.7704735
65.097143,6.9637448
65.108753,7.5937598
65.120363,6.9046482
65.131973,5.8685879
65.143583,6.0363087
65.155193,6.220742
65.166803,5.3351973
65.178413,6.0357958
65.190023,5.9378004
65.201633,4.8061891
65.213243,4.9797519
65.224853,4.8382754
65.236463,3.7344359
65.248073,4.0069397
65.259683,3.9635903
65.271293,3.596983
65.282902,3.9807923
65.294512,3.492592
65.306122,4.1827927
65.317732,3.4670926
65.329342,3.4395623
65.340952,3.9782982
65.352562,3.1858563
65.364172,3.8388813
65.375782,3.3531979
65.387392,3.3067533
65.399002,3.6071334
65.410612,3.2109922
65.422222,3.7048376
65.433832,2.9959837
65.445442,4.707787
65.457052,6.3793123
65.468662,6.0767817
65.480272,6.3914154
65.491882,5.1434382
65.503492,5.7326351
65.515102,5.7661333
65.526712,5.2543962
65.538322,5.0163463
65.549932,4.9241196
65.561542,4.6546642
65.573152,4.0794391
65.584762,4.1880758
65.596372,3.9103695
65.607982,3.3606697
65.619592,3.2574218
65.631202,3.0937045
65.642812,2.6435078
65.654422,3.0875496
65.666032,3.2007392
65.677642,2.6546649
65.689252,3.1024623
65.700862,2.4559657
65.712472,2.6460213
65.724082,2.8115724
65.735692,2.4439117
65.747302,2.3111407
65.758912,2.7053851
65.770522,2.3784479
65.782132,2.6627874
65.793741,2.9298963
65.805351,2.5793654
65.816961,2.7674863
65.828571,3.0238173
65.840181,2.433166
65.851791,2.3112834
65.863401,2.9631975
65.875011,2.055472
65.886621,1.9844531
65.898231,2.1612999
65.909841,2.0133823
65.921451,1.880583
65.933061,1.9696307
65.944671,1.8561953
65.956281,1.8021028
65.967891,2.0024436
65.979501,1.8149468
65.991111,1.873649
66.002721,2.0397059
66.014331,1.8097586
66.025941,1.900398
66.037551,2.0749322
66.049161,1.8009122
66.060771,1.6652387
66.072381,1.9413494
66.083991,1.7784837
66.095601,1.963033
66.107211,2.8688147
66.118821,3.2938077
66.130431,2.3485613
66.142041,3.9077737
66.153651,3.8242293
66.165261,3.2401136
66.176871,4.0931391
66.188481,3.9405075
66.200091,3.536748
66.211701,4.2083555
66.223311,3.0004102
66.234921,3.5372061
66.246531,4.022381
66.258141,2.6772561
66.269751,3.3329367
66.281361,3.5391951
66.292971,3.0854525
66.30458,2.9223667
66.31619,3.0709424
66.3278,3.018698
66.33941,2.7800604
66.35102,3.2946697
66.36263,2.5109505
66.37424,2.602426
66.38585,3.0785408
66.39746,2.430228
66.40907,3.1262553
66.42068,2.7634965
66.43229,2.4235374
66.4439,3.0447202
66.45551,2.5739285
66.46712,2.9547584
66.47873,2.6505835
66.49034,2.8322471
66.50195,2.6813597
66.51356,2.7447171
66.52517,2.862197
66.53678,2.6997472
66.54839,2.5446704
66.56,2.5375353
66.57161,2.6716181
66.58322,2.8660643
66.59483,2.4717048
66.60644,2.4933221
66.61805,2.429751
66.62966,2.2790358
66.64127,2.4633769
66.65288,2.304166
66.66449,2.5101754
66.6761,2.1256607
66.68771,2.4155544
66.69932,2.4339589
66.71093,1.7662025
66.72254,2.6186383
66.73415,2.0791964
66.74576,2.0413656
66.75737,2.4697237
66.76898,1.7916865
66.78059,2.2961345
66.7922,2.1914285
66.80381,1.9831979
66.81542,2.081841
66.827029,2.0569479
66.838639,2.1102504
66.850249,1.7124881
66.861859,2.0437772
66.873469,1.7086467
66.885079,1.6277557
66.896689,2.0915679
66.908299,1.3724821
66.919909,1.7966685
66.931519,1.8461904
66.943129,1.4500921
66.954739,1.8716808
66.966349,1.6674069
66.977959,1.5503401
66.989569,1.6267326
67.001179,1.6563547
67.012789,1.5467062
67.024399,1.584411
67.036009,1.660594
67.047619,1.2822653
67.059229,1.6506404
67.070839,1.5526441
67.082449,1.040393
67.094059,1.6626334
67.105669,1.2800286
67.117279,1.274495
67.128889,1.6033131
67.140499,1.1510504
67.152109,1.3583297
67.163719,1.5491844
67.175329,1.2989081
67.186939,1.3134916
67.198549,1.5001921
67.210159,1.2949324
67.221769,1.2538259
67.233379,1.5096068
67.244989,1.0423942
67.256599,1.2625699
67.268209,1.4622736
67.279819,1.1075114
67.291429,1.3238939
67.303039,1.32548
67.314649,0.80683398
67.326259,1.3433392
67.337868,1.192779
67.349478,0.99139903
67.361088,0.78112946
67.372698,0.96460108
67.384308,2.1512485
67.395918,5.5857204
67.407528,6.1468674
67.419138,6.5498717
67.430748,6.3952701
67.442358,6.3870588
67.453968,4.8364959
67.465578,4.5214009
67.477188,5.1814961
67.488798,4.239606
67.500408,3.8465121
67.512018,3.6571551
67.523628,3.7910532
67.535238,4.1602921
67.546848,4.5057432
67.558458,4.9454607
67.570068,5.5634601
67.581678,5.7935599
67.593288,5.4846265
67.604898,4.9098833
67.616508,4.7456487
67.628118,5.037767
67.639728,5.2727501
67.651338,5.57617
67.662948,5.5657407
67.674558,5.8487759
67.686168,6.1794672
67.697778,6.0665989
67.709388,6.1598801
67.720998,6.2906463
67.732608,5.8219254
67.744218,5.4538666
67.755828,5.4193584
67.767438,5.5264192
67.779048,5.4243187
67.790658,5.0857069
67.802268,5.0927725
67.813878,4.741425
67.825488,4.6894637
67.837098,4.5808244
67.848707,4.2104562
67.860317,3.9446123
67.871927,3.4525832
67.883537,3.2401043
67.895147,3.0016695
67.906757,2.8487696
67.918367,2.7301225
67.929977,2.7292013
67.941587,2.9916037
67.953197,3.1188699
67.964807,3.3120635
67.976417,3.5548349
67.988027,3.6005692
67.999637,3.4978579
68.011247,3.642314
68.022857,3.5175809
68.034467,4.3945679
68.046077,7.5476554
68.057687,6.3918354
68.069297,7.7833132
68.080907,8.7523377
68.092517,9.4310488
68.104127,9.7999658
68.115737,9.9042648
68.127347,10.033063
68.138957,9.900689
68.150567,10.730305
68.162177,6.5478077
68.173787,10.275839
68.185397,8.6900423
68.197007,10.763373
68.208617,10.337963
68.220227,10.118463
68.231837,10.254666
68.243447,11.114404
68.255057,10.25587
68.266667,8.1134163
68.278277,7.7877056
68.289887,7.7461646
68.301497,7.962296
68.313107,7.7764998
68.324717,8.0784447
68.336327,8.099056
68.347937,8.1328291
68.359546,7.9448405
68.371156,8.6274219
68.382766,8.9618878
68.394376,9.3661869
68.405986,9.7935222
68.417596,10.212324
68.429206,10.011244
68.440816,9.9277304
68.452426,10.070412
68.464036,10.834213
68.475646,10.417081
68.487256,9.9501029
68.498866,10.156435
68.510476,10.024427
68.522086,9.8340739
68.533696,9.1608701
68.545306,9.357924
68.556916,9.0521058
68.568526,9.0156264
68.580136,8.5641738
68.591746,8.0913093
68.603356,7.8157045
68.614966,7.4628692
68.626576,7.1494592
68.638186,6.9284875
68.649796,6.6568755
68.661406,6.3776393
68.673016,7.8007376
68.684626,9.7716549
68.696236,10.213018
68.707846,9.757861
68.719456,9.8113821
68.731066,9.0661255
68.742676,9.2962313
68.754286,8.9810253
68.765896,7.7986013
68.777506,7.1128775
68.789116,5.7566425
68.800726,5.2518417
68.812336,5.3832023
68.823946,4.9162515
68.835556,5.6182665
68.847166,6.175907
68.858776,6.6236239
68.870385,6.5887142
68.881995,6.5856751
68.893605,6.3937581
68.905215,6.6024806
68.916825,6.9536555
68.928435,6.9058317
68.940045,6.9483381
68.951655,7.1043037
68.963265,6.813776
68.974875,6.4398409
68.986485,6.4362289
68.998095,6.5862484
69.009705,6.3445097
69.021315,6.1593804
69.032925,6.1331064
69.044535,5.9948043
69.056145,6.0709841
69.067755,6.1690209
69.079365,6.3670606
69.090975,6.206987
69.102585,6.2195811
69.114195,5.9831287
69.125805,5.8005442
69.137415,5.5329663
69.149025,5.1530012
69.160635,4.09282
69.172245,4.4883863
69.183855,7.9056251
69.195465,6.5363391
69.207075,7.6292634
69.218685,7.9561026
69.230295,7.3426465
69.241905,6.412142
69.253515,6.388987
69.265125,4.8986565
69.276735,6.1406955
69.288345,4.6316608
69.299955,5.7776339
69.311565,4.9589979
69.323175,3.9542958
69.334785,4.1947012
69.346395,4.5891938
69.358005,5.318047
69.369615,4.1743086
69.381224,4.254989
69.392834,4.2770256
69.404444,4.6848444
69.416054,4.5915036
69.427664,3.7917392
69.439274,3.8847632
69.450884,4.2755423
69.462494,4.3715444
69.474104,3.6551315
69.485714,4.3064279
69.497324,4.0641077
69.508934,4.3953843
69.520544,3.8999704
69.532154,4.3078935
69.543764,3.9397129
69.555374,4.2528849
69.566984,3.651936
69.578594,4.137302
69.590204,3.7136101
69.601814,6.9577939
69.613424,8.2068831
69.625034,9.0445476
69.636644,8.7741631
69.648254,6.5921829
69.659864,4.6469285
69.671474,5.2747986
69.683084,5.1039644
69.694694,5.8378651
69.706304,3.7877805
69.717914,4.6489207
69.729524,4.8048491
69.741134,5.304715
69.752744,6.7114429
69.764354,6.854915
69.775964,6.2873187
69.787574,8.7158755
69.799184,8.5823926
69.810794,7.977139
69.822404,6.7088657
69.834014,8.0020235
69.845624,8.8407674
69.857234,8.9720678
69.868844,6.0558517
69.880454,7.6666233
69.892063,7.3413424
69.903673,8.5123269
69.915283,8.0222261
69.926893,8.0472119
69.938503,7.7387189
69.950113,7.9141674
69.961723,7.9599606
69.973333,7.614806
69.984943,7.4477534
69.996553,7.5530936
70.008163,7.5833872
70.019773,7.7870746
70.031383,6.3146162
70.042993,6.3668015
70.054603,7.3752
70.066213,7.2898333
70.077823,5.9800735
70.089433,5.1302253
70.101043,6.7362517
70.112653,6.1543331
70.124263,4.8003814
70.135873,4.6804358
70.147483,5.6248682
70.159093,4.6355282
70.170703,4.3001266
70.182313,5.0641167
70.193923,4.2943868
70.205533,4.7334314
70.217143,4.0356641
70.228753,4.8533236
70.240363,3.77341
70.251973,4.3639446
70.263583,4.2172897
70.275193,4.3778416
70.286803,3.184744
70.298413,4.0928482
70.310023,4.2733618
70.321633,3.9289296
70.333243,3.0068423
70.344853,4.4735813
70.356463,4.4532227
70.368073,3.4106624
70.379683,3.1408478
70.391293,4.4780501
70.402902,4.1293233
70.414512,2.8449066
70.426122,3.6254613
70.437732,4.0517309
70.449342,3.3837954
70.460952,2.9444348
70.472562,4.0667086
70.484172,3.7023303
70.495782,2.5976202
70.507392,3.0820269
70.519002,4.0806531
70.530612,3.1204505
70.542222,3.0302459
70.553832,3.3526437
70.565442,3.8909676
70.577052,2.6052509
70.588662,3.1274128
70.600272,3.5527907
70.611882,3.4900934
70.623492,2.8870598
70.635102,3.0619656
70.646712,3.6391728
70.658322,2.7558574
70.669932,3.1687627
70.681542,3.2607213
70.693152,3.4473187
70.704762,2.6248777
70.716372,2.5504598
70.727982,2.7619025
70.739592,2.8946861
70.751202,6.841174
70.762812,6.0420436
70.774422,5.9505535
70.786032,6.0798564
70.797642,6.604207
70.809252,6.3117035
70.820862,5.39373
70.832472,5.1206414
70.844082,4.7354665
70.855692,4.7353102
70.867302,4.5391949
70.878912,4.3483993
70.890522,4.6238259
70.902132,4.5784498
70.913741,4.2404947
70.925351,4.2041293
70.936961,4.7217324
70.948571,4.1127342
70.960181,3.846926
70.971791,3.4554684
70.983401,3.312853
70.995011,3.3019995
71.006621,3.3043994
71.018231,3.6522588
71.029841,3.9793034
71.041451,3.6142743
71.053061,3.7672596
71.064671,3.8931078
71.076281,4.1350439
71.087891,3.837533
71.099501,3.5968996
71.111111,4.0461437
71.122721,5.952203
71.134331,5.909177
71.145941,5.9290961
71.157551,4.5517842
71.169161,4.3533887
71.180771,4.2060893
71.192381,4.423096
71.203991,4.408209
71.215601,4.3327279
71.227211,6.2518006
71.238821,9.6828414
71.250431,10.491368
71.262041,8.0615428
71.273651,9.2846022
71.285261,9.0607905
71.296871,8.8894083
71.308481,9.0514428
71.320091,7.8780842
71.331701,7.2121949
71.343311,6.6696967
71.354921,6.4615696
71.366531,7.2214591
71.378141,7.8627011
71.389751,7.9663926
71.401361,7.9468573
71.412971,8.4739339
71.42458,8.5357397
71.43619,8.0060431
71.4478,7.9570768
71.45941,7.9406849
71.47102,7.8326131
71.48263,7.6933101
71.49424,7.308877
71.50585,7.1474288
71.51746,7.0391822
71.52907,7.0044658
71.54068,7.0911675
71.55229,6.7059144
71.5639,6.8206953
71.57551,6.7449017
71.58712,6.6812688
71.59873,6.8904489
71.61034,7.1112647
71.62195,6.9270762
71.63356,6.8212573
71.64517,6.473391
71.65678,6.2654493
71.66839,6.1511326
71.68,5.803376
71.69161,5.2266497
71.70322,4.7830171
71.71483,4.653671
71.72644,4.2379707
71.73805,3.9536875
71.74966,5.9175509
71.76127,6.0826601
71.77288,9.4239849
71.78449,8.5138143
71.7961,7.9838632
71.80771,7.5223203
71.81932,7.2424562
71.83093,6.1151663
71.84254,6.2115398
71.85415,6.235101
71.86576,5.5886893
71.87737,5.3310222
71.88898,5.2237253
71.90059,5.916439
71.9122,4.9302957
71.92381,4.6928184
71.93542,4.5889807
71.947029,4.5727758
71.958639,3.972776
71.970249,4.1265756
71.981859,3.5304005
71.993469,3.5346923
72.005079,4.5818567
72.016689,4.2219214
72.028299,4.4924692
72.039909,3.8572215
72.051519,3.6232473
72.063129,4.0474605
72.074739,4.1606774
72.086349,4.6913069
72.097959,4.8785907
72.109569,5.2521807
72.121179,5.012798
72.132789,4.8611414
72.144399,4.5268941
72.156009,4.5458435
72.167619,3.8365367
72.179229,3.2540762
72.190839,3.4672915
72.202449,5.6317259
72.214059,6.3944005
72.225669,5.9118265
72.237279,5.6810282
72.248889,5.5025602
72.260499,6.1962833
72.272109,5.6061292
72.283719,7.0225193
72.295329,6.0030667
72.306939,7.816715
72.318549,7.1420721
72.330159,5.159496
72.341769,6.1027615
72.353379,7.0601156
72.364989,5.4131053
72.376599,5.3380353
72.388209,6.5782014
72.399819,5.4398469
72.411429,6.7725815
72.423039,5.6924057
72.434649,6.2346995
72.446259,7.8795849
72.457868,6.130372
72.469478,5.5012524
72.481088,6.3076259
72.492698,6.4641225
72.504308,5.6186021
72.515918,5.4989014
72.527528,4.4134642
72.539138,5.6184105
72.550748,8.0168876
72.562358,9.6911941
72.573968,9.0228625
72.585578,8.8477709
72.597188,10.186209
72.608798,9.1341889
72.620408,11.036523
72.632018,8.4554311
72.643628,10.156094
72.655238,9.0057968
72.666848,7.1681925
72.678458,10.452239
72.690068,11.093758
72.701678,7.9084418
72.713288,9.531216
72.724898,9.0586807
72.736508,7.2781195
72.748118,8.3042843
72.759728,9.157364
72.771338,6.2410631
72.782948,7.1264319
72.794558,8.3348476
72.806168,6.4477124
72.817778,6.9706284
72.829388,8.2629661
72.840998,7.137903
72.852608,7.305986
72.864218,7.5263165
72.875828,7.0637895
72.887438,7.6731339
72.899048,7.0234617
72.910658,6.1273944
72.922268,7.6693004
72.933878,6.9390938
72.945488,6.6834464
72.957098,7.8913246
72.968707,7.1987916
72.980317,6.2288502
72.991927,6.8493318
73.003537,7.2144542
73.015147,5.8875706
73.026757,6.078769
73.038367,7.2540334
73.049977,5.9088124
73.061587,4.8582978
73.073197,6.3297
73.084807,5.2578541
73.096417,4.4930527
73.108027,5.5555499
73.119637,5.2194577
73.131247,4.1493285
73.142857,4.8058385
73.154467,4.1266732
73.166077,3.5627604
73.177687,3.9086591
73.189297,3.5562293
73.200907,3.0694844
73.212517,3.2706593
73.224127,3.6382879
73.235737,2.8238646
73.247347,3.0946538
73.258957,4.0199842
73.270567,3.2358408
73.282177,4.0524269
73.293787,3.9990421
73.305397,3.4675224
73.317007,3.9099545
73.328617,3.7602605
73.340227,3.5188016
73.351837,4.0209308
73.363447,3.6363039
73.375057,3.2396024
73.386667,3.8813988
73.398277,3.1761089
73.409887,3.0334933
73.421497,3.1321801
73.433107,2.9372137
73.444717,2.6937554
73.456327,3.0444042
73.467937,2.9994998
73.479546,2.849395
73.491156,3.1093568
73.502766,3.2220586
73.514376,3.2650533
73.525986,3.1876044
73.537596,2.9403386
73.549206,3.0477657
73.560816,3.2385624
73.572426,5.5904039
73.584036,6.9300014
73.595646,6.9240537
73.607256,8.9612847
73.618866,7.4426793
73.630476,6.9999297
73.642086,8.0044753
73.653696,5.4714599
73.665306,6.00896
73.676916,5.3986755
73.688526,3.8355792
73.700136,4.3610608
73.711746,4.281841
73.723356,2.9543033
73.734966,3.4498309
73.746576,3.7512773
73.758186,2.9361601
73.769796,2.827584
73.781406,2.5565905
73.793016,2.8547538
73.804626,2.840495
73.816236,3.2157022
73.827846,3.1358231
73.839456,3.1549691
73.851066,3.4909234
73.862676,2.7752743
73.874286,2.6551861
73.885896,2.6066114
73.897506,3.3031662
73.909116,4.7257028
73.920726,7.3030339
73.932336,6.2753432
73.943946,6.1870505
73.955556,7.133785
73.967166,3.8485565
73.978776,5.442951
73.990385,5.003939
74.001995,6.5902688
74.013605,7.7753757
74.025215,6.6688473
74.036825,6.6732509
74.048435,8.5011341
74.060045,5.8947661
74.071655,6.9247569
74.083265,8.3806292
74.094875,7.3635735
74.106485,7.1730188
74.118095,6.6300888
74.129705,5.8476259
74.141315,7.1932808
74.152925,6.4326741
74.164535,6.5981987
74.176145,6.1655483
74.187755,6.5209631
74.199365,6.559216
74.210975,7.0378174
74.222585,6.3168267
74.234195,6.0710232
74.245805,7.8626776
74.257415,6.4317501
74.269025,6.2051737
74.280635,7.4944309
74.292245,6.5825129
74.303855,5.9842287
74.315465,6.5376574
74.327075,5.9557192
74.338685,5.4275474
74.350295,5.9070823
74.361905,4.464087
74.373515,5.8086152
74.385125,6.2034302
74.396735,4.7252434
74.408345,6.3494994
74.419955,5.9021224
74.431565,4.8884499
74.443175,6.3056478
74.454785,5.3497498
74.466395,4.7429184
74.478005,4.3872795
74.489615,4.3797398
74.501224,6.2838022
74.512834,11.29235
74.524444,9.9776435
74.536054,9.9163773
74.547664,12.306812
74.559274,10.548311
74.570884,11.547707
74.582494,11.792564
74.594104,11.150188
74.605714,11.916888
74.617324,11.227977
74.628934,11.553026
74.640544,11.996885
74.652154,10.143179
74.663764,10.541411
74.675374,11.053633
74.686984,9.5961035
74.698594,9.8304572
74.710204,10.892426
74.721814,8.5636839
74.733424,9.819183
74.745034,9.2469672
74.756644,7.3943442
74.768254,10.044802
74.779864,7.5099747
74.791474,7.313842
74.803084,9.6477494
74.814694,5.8780554
74.826304,8.3392094
74.837914,8.302444
74.849524,6.2001327
74.861134,8.3210912
74.872744,6.3156024
74.884354,7.0550059
74.895964,7.4142712
74.907574,5.8192901
74.919184,6.2560755
74.930794,4.0360097
74.942404,5.9068793
74.954014,7.4231479
74.965624,7.7841868
74.977234,8.2979175
74.988844,8.3462696
75.000454,9.0388074
75.012063,9.9994409
75.023673,8.592308
75.035283,8.4442137
75.046893,8.8863116
75.058503,6.3399401
75.070113,7.1390895
75.081723,6.743932
75.093333,5.4464351
75.104943,6.1624076
75.116553,5.7511632
75.128163,7.0819302
75.139773,6.2205675
75.151383,6.157954
75.162993,6.9693313
75.174603,5.8956845
75.186213,6.8641597
75.197823,7.4033287
75.209433,6.2357203
75.221043,6.7080814
75.232653,7.611699
75.244263,7.2395737
75.255873,7.295786
75.267483,7.742413
75.279093,6.4043026
75.290703,6.8021591
75.302313,7.3956994
75.313923,6.0723907
75.325533,5.7067346
75.337143,6.0432601
75.348753,5.8295556
75.360363,7.1522202
75.371973,6.7491798
75.383583,6.8081152
75.395193,6.6772926
75.406803,8.6180353
75.418413,8.8843243
75.430023,7.7352966
75.441633,6.6008772
75.453243,5.8601817
75.464853,5.7751933
75.476463,4.88725
75.488073,4.0673959
75.499683,4.2497076
75.511293,3.6910622
75.522902,3.7100089
75.534512,3.3876959
75.546122,3.6201749
75.557732,3.3160475
75.569342,2.9085122
75.580952,3.5973707
75.592562,3.7849625
75.604172,3.0711831
75.615782,3.0641105
75.627392,2.8302837
75.639002,3.0347028
75.650612,2.5723737
75.662222,2.5245809
75.673832,2.8435841
75.685442,2.8852817
75.697052,2.5146922
75.708662,2.6584846
75.720272,1.971314
75.731882,2.1730688
75.743492,2.0702714
75.755102,1.9744546
75.766712,1.8137277
75.778322,1.7423968
75.789932,1.7206883
75.801542,2.1271647
75.813152,1.570134
75.824762,2.091849
75.836372,1.7671552
75.847982,1.5215713
75.859592,1.6791458
75.871202,2.0524297
75.882812,1.5771535
75.894422,1.8242903
75.906032,7.1112995
75.917642,10.423436
75.929252,10.922386
75.940862,10.097782
75.952472,12.590581
75.964082,11.326574
75.975692,12.072145
75.987302,12.227796
75.998912,11.732481
76.010522,12.101447
76.022132,11.825435
76.033741,11.638678
76.045351,10.810497
76.056961,10.67957
76.068571,10.237163
76.080181,10.538298
76.091791,10.59723
76.103401,9.2458835
76.115011,10.797125
76.126621,9.4310933
76.138231,9.362285
76.149841,10.524223
76.161451,8.2527431
76.173061,9.280427
76.184671,9.7523298
76.196281,7.1212457
76.207891,9.8107234
76.219501,7.6409256
76.231111,7.5911047
76.242721,9.4651469
76.254331,5.9800716
76.265941,8.9524832
76.277551,8.1954482
76.289161,7.4051152
76.300771,9.34513
76.312381,7.0339536
76.323991,7.8150699
76.335601,8.9819272
76.347211,7.9635419
76.358821,7.0626422
76.370431,9.4199376
76.382041,9.0084208
76.393651,8.4877666
76.405261,8.5241688
76.416871,8.2497249
76.428481,9.3481758
76.440091,8.5514987
76.451701,7.0999288
76.463311,9.4260325
76.474921,8.296318
76.486531,6.5820076
76.498141,8.8064979
76.509751,7.3477385
76.521361,5.0305952
76.532971,7.2881584
76.54458,5.5484631
76.55619,4.2767541
76.5678,5.6010086
76.57941,4.8231557
76.59102,3.8425842
76.60263,3.9081014
76.61424,6.1379373
76.62585,8.5409123
76.63746,5.284467
76.64907,7.8228354
76.66068,7.5013629
76.67229,8.8891059
76.6839,5.9444539
76.69551,9.3832775
76.70712,7.2558786
76.71873,6.2686682
76.73034,8.083368
76.74195,8.4345451
76.75356,9.2507749
76.76517,8.7120133
76.77678,9.5293929
76.78839,8.1362863
76.8,8.686193
76.81161,7.6363175
76.82322,8.1474095
76.83483,7.2844261
76.84644,7.2117959
76.85805,7.3503964
76.86966,7.5350232
76.88127,6.8126454
76.89288,7.0261041
76.90449,6.7878515
76.9161,7.4279489
76.92771,6.640315
76.93932,7.5828936
76.95093,7.1857645
76.96254,7.5501713
76.97415,6.7526045
76.98576,7.3045855
76.99737,6.3802486
77.00898,7.1339084
77.02059,6.1844041
77.0322,7.0707882
77.04381,5.4341242
77.05542,6.7849166
77.067029,5.2833785
77.078639,6.459152
77.090249,5.1390424
77.101859,5.9956151
77.113469,4.8865064
77.125079,6.162605
77.136689,5.038871
77.148299,6.0237574
77.159909,5.0688374
77.171519,5.8114311
77.183129,4.9923682
77.194739,5.606671
77.206349,5.257902
77.217959,8.3515593
77.229569,8.5317117
77.241179,6.223396
77.252789,8.4308894
77.264399,7.9080116
77.276009,8.4294848
77.287619,6.0302942
77.299229,8.1615312
77.310839,6.275657
77.322449,8.5853018
77.334059,6.7138837
77.345669,7.8659693
77.357279,6.8831853
77.368889,7.4967094
77.380499,7.6240684
77.392109,7.6476778
77.403719,7.4283427
77.415329,8.1718739
77.426939,6.2342428
77.438549,9.1847341
77.450159,6.4383514
77.461769,8.7672081
77.473379,7.194096
77.484989,7.9045076
77.496599,7.2329152
77.508209,7.1177311
77.519819,6.7653156
77.531429,6.2808824
77.543039,7.3054328
77.554649,6.3990404
77.566259,7.6056574
77.577868,6.9243024
77.589478,6.2695582
77.601088,5.799567
77.612698,6.678325
77.624308,8.7559065
77.635918,10.86311
77.647528,9.0568542
77.659138,9.7257683
77.670748,10.252363
77.682358,9.5417718
77.693968,9.3478527
77.705578,6.9974803
77.717188,9.5176056
77.728798,7.5678897
77.740408,7.9291471
77.752018,7.4134606
77.763628,7.6109048
77.775238,7.0446854
77.786848,6.9543923
77.798458,7.5725785
77.810068,6.0435158
77.821678,7.0507709
77.833288,5.9801637
77.844898,7.5523495
77.856508,6.4642681
77.868118,6.7867794
77.879728,6.9291607
77.891338,6.923306
77.902948,6.6029255
77.914558,6.1027943
77.926168,6.8657908
77.937778,6.1918811
77.949388,5.6485225
77.960998,6.2727083
77.972608,6.0785238
77.984218,6.0248554
77.995828,5.556546
78.007438,5.9670708
78.019048,4.9125176
78.030658,5.4095002
78.042268,5.1483511
78.053878,5.8893045
78.065488,5.291241
78.077098,4.6049893
78.088707,4.9838645
78.100317,5.110567
78.111927,5.4642048
78.123537,4.7483212
78.135147,5.1558206
78.146757,4.6690358
78.158367,5.0829481
78.169977,5.129481
78.181587,5.3297717
78.193197,4.6601207
78.204807,4.8250761
78.216417,7.5001167
78.228027,8.8457786
78.239637,7.6037485
78.251247,6.8102861
78.262857,9.3811544
78.274467,7.3534982
78.286077,6.7341888
78.297687,8.0141082
78.309297,7.6811173
78.320907,6.3819251
78.332517,7.2087828
78.344127,7.01444
78.355737,8.3792824
78.367347,10.63719
78.378957,9.5405329
78.390567,6.8931482
78.402177,9.3265233
78.413787,8.328619
78.425397,7.9696568
78.437007,8.0436446
78.448617,8.4262968
78.460227,9.266207
78.471837,8.0411782
78.483447,8.2447925
78.495057,9.2321405
78.506667,9.5567213
78.518277,6.9643445
78.529887,9.1753935
78.541497,8.1184467
78.553107,7.1454233
78.564717,7.1787991
78.576327,6.3920378
78.587937,6.7395187
78.599546,6.3479816
78.611156,6.2847306
78.622766,5.0929145
78.634376,6.239104
78.645986,5.8312298
78.657596,5.9109453
78.669206,6.4957685
78.680816,4.3237956
78.692426,6.0390126
78.704036,5.510301
78.715646,4.8594119
78.727256,4.5411793
78.738866,4.8487114
78.750476,4.4785097
78.762086,5.3463575
78.773696,4.9223395
78.785306,3.7913767
78.796916,5.5920823
78.808526,5.215642
78.820136,4.4084741
78.831746,5.4994735
78.843356,4.1923943
78.854966,5.0308647
78.866576,4.7617871
78.878186,4.6025938
78.889796,3.9146794
78.901406,4.9235032
78.913016,3.8046921
78.924626,3.9541727
78.936236,4.8893384
78.947846,3.4359334
78.959456,4.8302058
78.971066,4.3459425
78.982676,3.5921502
78.994286,3.9595893
79.005896,4.3528331
79.017506,3.3423621
79.029116,3.993816
79.040726,4.1290461
79.052336,3.1588099
79.063946,4.1293758
79.075556,3.5632189
79.087166,3.4174339
79.098776,3.9884978
79.110385,3.045806
79.121995,3.2345367
79.133605,3.5312459
79.145215,3.0363464
79.156825,3.4404124
79.168435,3.5073299
79.180045,2.7907438
79.191655,2.9279944
79.203265,3.7002959
79.214875,2.292409
79.226485,3.4047406
79.238095,2.60128
79.249705,2.8892518
79.261315,3.4085822
79.272925,2.7429779
79.284535,2.7413194
79.296145,3.0205209
79.307755,2.8006292
79.319365,2.2594617
79.330975,3.2845119
79.342585,2.1561614
79.354195,2.9697165
79.365805,2.8378931
79.377415,2.1343886
79.389025,2.9427756
79.400635,2.8683493
79.412245,2.4735646
79.423855,2.8189156
79.435465,2.7567342
79.447075,2.6026389
79.458685,3.1207286
79.470295,2.7508587
79.481905,2.5775577
79.493515,3.1019539
79.505125,2.5852478
79.516735,2.66387
79.528345,3.3209291
79.539955,2.4508462
79.551565,2.7992977
79.563175,2.8827251
79.574785,2.787532
79.586395,2.7361711
79.598005,3.1405434
79.609615,2.3676776
79.621224,2.9613705
79.632834,3.0933144
79.644444,2.3002961
79.656054,3.2058506
79.667664,2.8024126
79.679274,2.6436198
79.690884,2.7540038
79.702494,3.0169524
79.714104,2.3235092
79.725714,3.0648074
79.737324,2.699131
79.748934,2.4966528
79.760544,2.8856118
79.772154,2.7486547
79.783764,2.4770759
79.795374,3.0164425
79.806984,2.4288306
79.818594,2.4878333
79.830204,2.8118164
79.841814,2.5660608
79.853424,2.5208856
79.865034,2.8190509
79.876644,2.4147048
79.888254,2.2753692
79.899864,2.852034
79.911474,2.089395
79.923084,2.6074363
79.934694,2.4475946
79.946304,2.33186
79.957914,2.3417863
79.969524,2.6009397
79.981134,2.1035587
79.992744,2.4839483
80.004354,2.5146293
80.015964,2.1153726
80.027574,2.5585655
80.039184,2.3893981
80.050794,2.1931442
80.062404,2.3578154
80.074014,2.3923785
80.085624,2.044067
80.097234,2.476641
80.108844,1.8669887
80.120454,1.8374195
80.132063,4.0014743
80.143673,2.8661139
80.155283,3.2407146
80.166893,4.5393686
80.178503,5.3830212
80.190113,5.4292553
80.201723,5.5479878
80.213333,5.6569433
80.224943,5.6780793
80.236553,5.733554
80.248163,5.1185699
80.259773,4.5984586
80.271383,4.9792919
80.282993,5.0025061
80.294603,5.0133178
80.306213,5.0472626
80.317823,5.1374274
80.329433,5.0520997
80.341043,5.2973724
80.352653,5.4850097
80.364263,5.6033415
80.375873,5.8338651
80.387483,5.9454387
80.399093,5.8201167
80.410703,5.924397
80.422313,6.07702
80.433923,6.2421126
80.445533,6.0902395
80.457143,5.8764611
80.468753,5.7984994
80.480363,5.4721922
80.491973,5.6265813
80.503583,6.6870315
80.515193,6.7067487
80.526803,7.4544131
80.538413,8.45832
80.550023,6.8474019
80.561633,7.6225557
80.573243,8.00966
80.584853,8.7970113
80.596463,8.4918426
80.608073,7.4613849
80.619683,8.6030196
80.631293,6.4916843
80.642902,6.058399
80.654512,8.2589268
80.666122,6.9673389
80.677732,7.029537
80.689342,6.9273802
80.700952,7.4688925
80.712562,7.6163092
80.724172,7.8043792
80.735782,6.5501532
80.747392,6.5003506
80.759002,7.0345411
80.770612,6.4644861
80.782222,6.1847276
80.793832,6.6306788
80.805442,6.0421538
80.817052,5.8080385
80.828662,5.813228
80.840272,5.7167624
80.851882,6.3631145
80.863492,6.6120774
80.875102,6.7494658
80.886712,6.7440784
80.898322,6.5761448
80.909932,6.9362087
80.921542,7.0490899
80.933152,6.8874832
80.944762,6.3365036
80.956372,6.3403083
80.967982,6.5060237
80.979592,6.4322664
80.991202,6.0745709
81.002812,5.9005944
81.014422,5.8504242
81.026032,5.8120847
81.037642,5.6772566
81.049252,5.5357736
81.060862,5.1006648
81.072472,5.0098507
81.084082,5.0798687
81.095692,4.9970992
81.107302,5.1781923
81.118912,5.2188624
81.130522,5.1652335
81.142132,5.0397663
81.153741,4.6536593
81.165351,4.9193698
81.176961,6.4924186
81.188571,5.9359158
81.200181,5.7905396
81.211791,5.6318497
81.223401,4.9034735
81.235011,5.4082052
81.246621,5.5634739
81.258231,5.5698634
81.269841,5.2818554
81.281451,5.0396738
81.293061,5.0103638
81.304671,4.8439631
81.316281,4.4338272
81.327891,4.2639064
81.339501,4.031141
81.351111,4.0261199
81.362721,3.9752879
81.374331,3.7679798
81.385941,4.3339342
81.397551,4.2032281
81.409161,4.4502727
81.420771,4.6949753
81.432381,4.8913292
81.443991,5.0392174
81.455601,5.1266497
81.467211,4.8690137
81.478821,4.9032623
81.490431,4.8185983
81.502041,4.7050726
81.513651,4.524104
81.525261,4.5209572
81.536871,4.5199834
81.548481,4.3400711
81.560091,4.4376263
81.571701,4.4037073
81.583311,4.3476165
81.594921,4.3780407
81.606531,4.5406701
81.618141,4.4913127
81.629751,4.2826793
81.641361,3.5703945
81.652971,3.0433565
81.66458,2.9363362
81.67619,4.2340153
81.6878,5.5324904
81.69941,5.3163833
81.71102,5.9588722
81.72263,4.8042262
81.73424,6.0683774
81.74585,5.4224232
81.75746,6.4202058
81.76907,5.5093122
81.78068,5.9760526
81.79229,5.624527
81.8039,5.0289693
81.81551,5.7069142
81.82712,4.4301373
81.83873,5.1190177
81.85034,3.972876
81.86195,4.4449
81.87356,3.2881218
81.88517,4.009263
81.89678,3.7130176
81.90839,3.6122398
81.92,3.5798165
81.93161,3.6025115
81.94322,3.7854208
81.95483,3.3861856
81.96644,3.5104388
81.97805,3.3268403
81.98966,3.422979
82.00127,3.4518974
82.01288,3.283973
82.02449,3.4364571
82.0361,3.1857678
82.04771,3.3198534
82.05932,2.8016996
82.07093,3.3046944
82.08254,2.7599142
82.09415,3.162105
82.10576,2.7574049
82.11737,2.988033
82.12898,2.7430089
82.14059,2.8664447
82.1522,4.2751929
82.16381,5.8843982
82.17542,6.698481
82.187029,5.8541703
82.198639,4.4330423
82.210249,4.1192522
82.221859,3.5157504
82.233469,4.3576262
82.245079,3.9944442
82.256689,3.5944123
82.268299,3.7873649
82.279909,2.9633524
82.291519,4.5709627
82.303129,5.6653456
82.314739,5.9243263
82.326349,4.8853872
82.337959,4.6372731
82.349569,5.4841743
82.361179,5.8373931
82.372789,5.4975789
82.384399,5.2480853
82.396009,4.6968927
82.407619,5.2220513
82.419229,5.5516516
82.430839,3.0271216
82.442449,4.9554203
82.454059,5.5103004
82.465669,5.3270965
82.477279,4.7591618
82.488889,4.8838316
82.500499,4.7091693
82.512109,5.4052614
82.523719,5.6409548
82.535329,5.9991887
82.546939,5.8069582
82.558549,4.9754092
82.570159,6.1781686
82.581769,6.4473111
82.593379,5.7189962
82.604989,4.813053
82.616599,5.5198061
82.628209,6.1722387
82.639819,5.3833095
82.651429,3.9589959
82.663039,5.0150582
82.674649,4.7824011
82.686259,4.5602489
82.697868,4.2335871
82.709478,4.7385077
82.721088,4.2279187
82.732698,3.8893305
82.744308,4.123086
82.755918,3.7958216
82.767528,3.8558724
82.779138,3.7829517
82.790748,4.0809591
82.802358,3.2387639
82.813968,3.8378612
82.825578,3.7696342
82.837188,3.6151633
82.848798,3.0797396
82.860408,3.3591136
82.872018,3.8603108
82.883628,3.1636523
82.895238,3.0246903
82.906848,3.5920934
82.918458,3.2747377
82.930068,2.7093077
82.941678,3.020707
82.953288,3.5900952
82.964898,3.0486943
82.976508,2.5519414
82.988118,2.9791339
82.999728,3.1898231
83.011338,2.737629
83.022948,2.5388027
83.034558,2.8291152
83.046168,2.8740626
83.057778,2.3431057
83.069388,2.8844966
83.080998,2.795748
83.092608,2.2744598
83.104218,2.182967
83.115828,2.9756538
83.127438,2.690435
83.139048,1.800776
83.150658,2.0963307
83.162268,2.7089216
83.173878,2.4830328
83.185488,1.9210835
83.197098,2.2024177
83.208707,2.3630965
83.220317,2.1448612
83.231927,2.2503651
83.243537,1.6135048
83.255147,1.5608134
83.266757,1.6999564
83.278367,3.6567482
83.289977,6.3715955
83.301587,4.6233992
83.313197,5.3287165
83.324807,5.632779
83.336417,5.1467806
83.348027,5.9092177
83.359637,5.4490857
83.371247,3.8436838
83.382857,4.9517037
83.394467,5.0276143
83.406077,4.1501468
83.417687,4.0608619
83.429297,4.2422141
83.440907,4.8676133
83.452517,4.7481121
83.464127,4.7979161
83.475737,4.2532912
83.487347,3.9375244
83.498957,3.9910139
83.510567,4.073974
83.522177,4.4515255
83.533787,4.7890519
83.545397,5.057309
83.557007,5.5424143
83.568617,5.7958215
83.580227,5.5755836
83.591837,5.5376972
83.603447,5.4226597
83.615057,5.2954839
83.626667,5.2143833
83.638277,5.6247035
83.649887,5.5139941
83.661497,7.9635955
83.673107,7.5935755
83.684717,7.5244772
83.696327,6.8959742
83.707937,5.7514227
83.719546,5.4317167
83.731156,5.5903753
83.742766,5.917219
83.754376,5.3702524
83.765986,7.2725362
83.777596,8.8746463
83.789206,8.0725566
83.800816,9.1556257
83.812426,8.9687035
83.824036,7.8727922
83.835646,8.6621028
83.847256,8.7016287
83.858866,6.5409169
83.870476,6.3010002
83.882086,6.2624007
83.893696,6.0224145
83.905306,5.3851773
83.916916,4.8654206
83.928526,5.3028065
83.940136,5.8021342
83.951746,6.6907832
83.963356,6.5644633
83.974966,6.3779706
83.986576,6.2940443
83.998186,6.170251
84.009796,6.3905994
84.021406,6.3359976
84.033016,5.7222597
84.044626,5.8873978
84.056236,5.5277359
84.067846,5.0989775
84.079456,4.9127582
84.091066,4.5854871
84.102676,4.5606105
84.114286,4.6276436
84.125896,4.8331302
84.137506,5.1260544
84.149116,5.0752578
84.160726,5.2097209
84.172336,5.2169882
84.183946,4.8986803
84.195556,4.7945544
84.207166,4.8461079
84.218776,4.3704263
84.230385,3.723575
84.241995,3.7219451
84.253605,3.6206441
84.265215,3.2489302
84.276825,7.7541374
84.288435,7.3400344
84.300045,8.7430051
84.311655,9.6422729
84.323265,8.874383
84.334875,9.4706305
84.346485,9.1837109
84.358095,8.3678544
84.369705,8.4203337
84.381315,8.0877705
84.392925,7.574211
84.404535,7.0802162
84.416145,6.943664
84.427755,6.6630312
84.439365,6.496286
84.450975,7.1193601
84.462585,6.8224803
84.474195,5.6540813
84.485805,6.0161057
84.497415,6.0378087
84.509025,6.4627127
84.520635,6.6273981
84.532245,6.5855366
84.543855,6.6001978
84.555465,6.630661
84.567075,6.6225358
84.578685,6.5120558
84.590295,6.3020584
84.601905,6.09723
84.613515,5.8173532
84.625125,5.3956256
84.636735,5.2533327
84.648345,4.8523698
84.659955,4.5490906
84.671565,4.6617075
84.683175,3.6510421
84.694785,3.3038433
84.706395,4.0902683
84.718005,3.6801033
84.729615,5.0939392
84.741224,7.3587455
84.752834,6.2840442
84.764444,6.6909864
84.776054,6.6755262
84.787664,6.217061
84.799274,6.1819825
84.810884,6.7516424
84.822494,7.3596635
84.834104,6.6091455
84.845714,5.1376008
84.857324,8.2674079
84.868934,7.1935689
84.880544,4.4685742
84.892154,7.137787
84.903764,6.3232111
84.915374,6.9043818
84.926984,6.8010628
84.938594,5.2664812
84.950204,7.5691198
84.961814,8.2643373
84.973424,5.8970941
84.985034,6.5240564
84.996644,8.0584552
85.008254,6.1060416
85.019864,6.3727006
85.031474,5.9793947
85.043084,5.9567767
85.054694,6.7528359
85.066304,4.3664924
85.077914,6.3917201
85.089524,10.829036
85.101134,9.6169717
85.112744,8.6621176
85.124354,12.061386
85.135964,8.6995445
85.147574,10.896107
85.159184,11.104624
85.170794,8.7935191
85.182404,11.729086
85.194014,9.3614589
85.205624,14.609566
85.217234,6.9204084
85.228844,12.678273
85.240454,12.343625
85.252063,8.3170223
85.263673,11.093475
85.275283,8.6897527
85.286893,7.6015578
85.298503,9.3963854
85.310113,6.9015497
85.321723,6.7165884
85.333333,7.2997079
85.344943,6.784606
85.356553,7.4230885
85.368163,7.0612041
85.379773,6.2982818
85.391383,6.6836723
85.402993,6.0794767
85.414603,7.8236879
85.426213,6.8275506
85.437823,6.9668925
85.449433,8.2867922
85.461043,6.2514774
85.472653,7.8225716
85.484263,8.279131
85.495873,7.1673544
85.507483,7.0368525
85.519093,7.7828514
85.530703,7.8931653
85.542313,6.7264308
85.553923,7.5892205
85.565533,7.8233899
85.577143,6.5717526
85.588753,7.2655578
85.600363,8.0152206
85.611973,6.5930966
85.623583,7.0711734
85.635193,7.6848026
85.646803,6.3915756
85.658413,6.8096198
85.670023,7.4059895
85.681633,6.2481096
85.693243,7.0282456
85.704853,7.4561128
85.716463,6.134148
85.728073,6.9762177
85.739683,7.7881592
85.751293,6.9774125
85.762902,7.0358859
85.774512,7.6460544
85.786122,7.3734955
85.797732,7.1484049
85.809342,7.3513196
85.820952,7.2781938
85.832562,7.3362929
85.844172,6.7568795
85.855782,6.6886137
85.867392,7.1890102
85.879002,6.5240793
85.890612,6.4592163
85.902222,6.7879569
85.913832,6.2275535
85.925442,6.0199677
85.937052,6.1540677
85.948662,5.7248802
85.960272,5.4526109
85.971882,5.3499614
85.983492,5.0002409
85.995102,4.7964682
86.006712,4.4586962
86.018322,4.3587186
86.029932,4.3581479
86.041542,3.8424298
86.053152,3.7141982
86.064762,3.9858629
86.076372,3.5655276
86.087982,3.211321
86.099592,3.4951736
86.111202,3.4644673
86.122812,2.6698082
86.134422,7.4602965
86.146032,7.2936242
86.157642,7.8255433
86.169252,6.5038891
86.180862,8.1607228
86.192472,6.1490309
86.204082,7.4464667
86.215692,7.5385402
86.227302,4.9678251
86.238912,7.079894
86.250522,4.9516756
86.262132,4.9094278
86.273741,5.2500441
86.285351,4.0997799
86.296961,4.3440072
86.308571,3.7403454
86.320181,3.827659
86.331791,3.9172149
86.343401,3.0490827
86.355011,3.9155485
86.366621,3.1669288
86.378231,3.2376119
86.389841,3.7478054
86.401451,3.1159693
86.413061,3.2287976
86.424671,3.3508591
86.436281,3.2923764
86.447891,2.1261015
86.459501,2.8905425
86.471111,3.1633985
86.482721,4.6676587
86.494331,10.550372
86.505941,7.2512106
86.517551,9.1713718
86.529161,9.0628504
86.540771,6.1184389
86.552381,7.7792936
86.563991,5.8752301
86.575601,4.0698607
86.587211,6.6839111
86.598821,8.6118289
86.610431,7.3730895
86.622041,9.2908964
86.633651,8.9305935
86.645261,6.6359422
86.656871,8.9880149
86.668481,6.4853789
86.680091,6.3773542
86.691701,7.2074418
86.703311,5.1500595
86.714921,5.4094932
86.726531,5.0640262
86.738141,3.924142
86.749751,3.8779289
86.761361,4.0232095
86.772971,4.3268756
86.78458,4.1587471
86.79619,4.0822389
86.8078,4.0992143
86.81941,3.972299
86.83102,3.2258335
86.84263,3.3152266
86.85424,3.6962967
86.86585,3.7030996
86.87746,3.4823708
86.88907,2.933641
86.90068,2.7341573
86.91229,2.9339946
86.9239,2.7358478
86.93551,2.6667611
86.94712,2.6047303
86.95873,2.4499599
86.97034,3.3152802
86.98195,1.828774
86.99356,2.381791
87.00517,1.8509614
87.01678,2.7925633
87.02839,2.0067196
87.04,1.837098
87.05161,2.0562862
87.06322,2.0653431
87.07483,1.414663
87.08644,1.662104
87.09805,1.9342243
87.10966,1.7335013
87.12127,7.1958632
87.13288,10.248231
87.14449,14.705208
87.1561,12.316813
87.16771,13.086708
87.17932,16.037441
87.19093,12.661966
87.20254,14.649564
87.21415,15.3736
87.22576,13.195772
87.23737,14.874567
87.24898,15.647821
87.26059,12.017531
87.2722,13.814522
87.28381,14.1929
87.29542,12.705554
87.307029,13.822335
87.318639,12.205472
87.330249,12.782987
87.341859,13.618389
87.353469,10.195223
87.365079,12.200263
87.376689,10.738107
87.388299,10.029485
87.399909,11.123027
87.411519,8.6961696
87.423129,10.232538
87.434739,9.7021409
87.446349,8.8361438
87.457959,9.7863994
87.469569,7.6451143
87.481179,10.135133
87.492789,8.7198098
87.504399,6.562501
87.516009,10.116261
87.527619,7.4860676
87.539229,7.1636182
87.550839,7.8728719
87.562449,6.180827
87.574059,7.2213478
87.585669,4.8965398
87.597279,6.6042859
87.608889,11.682458
87.620499,9.1798807
87.632109,10.85825
87.643719,11.517391
87.655329,9.3510132
87.666939,9.5328563
87.678549,10.461718
87.690159,9.1694636
87.701769,9.2623747
87.713379,8.7136168
87.724989,7.9087872
87.736599,9.089713
87.748209,8.9071684
87.759819,7.849293
87.771429,7.7763685
87.783039,8.0784026
87.794649,7.1087924
87.806259,6.7279317
87.817868,6.3125947
87.829478,7.6162711
87.841088,6.3549667
87.852698,6.2974051
87.864308,8.0494464
87.875918,7.8362359
87.887528,7.4088315
87.899138,9.8440739
87.910748,8.872462
87.922358,7.6127605
87.933968,8.2340226
87.945578,7.5665277
87.957188,9.1440106
87.968798,7.1114391
87.980408,9.8347294
87.992018,8.3784978
88.003628,9.4151118
88.015238,11.231183
88.026848,12.491081
88.038458,12.212028
88.050068,12.881669
88.061678,11.039099
88.073288,11.636532
88.084898,10.678366
88.096508,9.7579855
88.108118,8.7115745
88.119728,7.7258114
88.131338,6.4813816
88.142948,6.098489
88.154558,5.2117153
88.166168,5.5984082
88.177778,4.8525036
88.189388,4.4813765
88.200998,3.7652885
88.212608,4.1533164
88.224218,4.3707996
88.235828,4.183845
88.247438,4.548028
88.259048,4.9665498
88.270658,4.1572964
88.282268,4.8837209
88.293878,4.1019896
88.305488,4.3824576
88.317098,3.5723913
88.328707,3.658881
88.340317,3.2570578
88.351927,2.9773735
88.363537,3.0332281
88.375147,2.7419322
88.386757,2.6389951
88.398367,3.0819069
88.409977,3.1797506
88.421587,2.216206
88.433197,3.0465912
88.444807,2.5163407
88.456417,2.3580872
88.468027,2.4304799
88.479637,2.43719
88.491247,2.4910883
88.502857,2.5263176
88.514467,2.2577393
88.526077,2.0436536
88.537687,2.4730555
88.549297,2.6156858
88.560907,2.2933264
88.572517,1.9577739
88.584127,1.9279611
88.595737,2.0359578
88.607347,2.1194457
88.618957,1.9492551
88.630567,2.6193925
88.642177,2.0073251
88.653787,5.3529315
88.665397,10.54992
88.677007,13.988144
88.688617,10.053631
88.700227,12.253332
88.711837,14.240101
88.723447,11.184475
88.735057,13.928968
88.746667,13.677909
88.758277,10.737384
88.769887,15.14709
88.781497,12.636263
88.793107,12.5673
88.804717,14.572247
88.816327,10.889721
88.827937,12.877624
88.839546,13.526994
88.851156,12.028382
88.862766,13.721113
88.874376,12.655281
88.885986,12.814849
88.897596,12.843014
88.909206,11.554071
88.920816,12.318396
88.932426,11.444407
88.944036,12.399333
88.955646,11.708302
88.967256,10.276406
88.978866,11.906747
88.990476,10.558454
89.002086,11.151256
89.013696,10.327509
89.025306,9.559635
89.036916,11.582977
89.048526,10.058118
89.060136,9.273458
89.071746,10.316518
89.083356,9.0205394
89.094966,8.5639537
89.106576,8.0205298
89.118186,8.6099973
89.129796,7.6245014
89.141406,6.2755408
89.153016,7.0140282
89.164626,8.3508356
89.176236,10.33455
89.187846,9.4124839
89.199456,11.289146
89.211066,9.7297953
89.222676,9.8672751
89.234286,10.625996
89.245896,7.9567295
89.257506,7.8026408
89.269116,9.2436433
89.280726,7.6639068
89.292336,7.8661581
89.303946,8.3520359
89.315556,8.2007912
89.327166,7.5097557
89.338776,8.5955832
89.350385,8.6635403
89.361995,6.3166641
89.373605,8.1796431
89.385215,8.1746268
89.396825,6.89558
89.408435,8.1274945
89.420045,7.5096502
89.431655,6.6605344
89.443265,7.0033113
89.454875,6.0253495
89.466485,6.9297127
89.478095,7.5050204
89.489705,7.5391439
89.501315,10.732479
89.512925,7.5526163
89.524535,11.18193
89.536145,8.3968221
89.547755,6.9394669
89.559365,7.9279586
89.570975,10.742603
89.582585,9.632133
89.594195,7.804445
89.605805,11.243043
89.617415,8.4011096
89.629025,11.044801
89.640635,9.4381823
89.652245,10.443082
89.663855,10.026685
89.675465,9.2835615
89.687075,9.3115238
89.698685,9.4288812
89.710295,8.6803476
89.721905,8.1840114
89.733515,8.4183775
89.745125,8.2476764
89.756735,7.7149874
89.768345,7.5353062
89.779955,8.129522
89.791565,7.9745793
89.803175,7.8185286
89.814785,7.9153594
89.826395,7.247134
89.838005,7.9054939
89.849615,7.0769115
89.861224,7.4540215
89.872834,6.6275977
89.884444,7.2023508
89.896054,6.1951294
89.907664,7.1397838
89.919274,7.0287281
89.930884,6.9508781
89.942494,6.3642112
89.954104,6.9434535
89.965714,5.9461242
89.977324,6.509391
89.988934,6.3336356
90.000544,6.6299481
90.012154,6.4653505
90.023764,6.2252003
90.035374,5.9060045
90.046984,6.0628119
90.058594,6.0088707
90.070204,6.031249
90.081814,6.2570969
90.093424,6.9183316
90.105034,8.8221764
90.116644,9.5876286
90.128254,10.372589
90.139864,8.4936313
90.151474,9.6061976
90.163084,8.9231566
90.174694,9.4720597
90.186304,8.0348032
90.197914,8.4205901
90.209524,8.1608882
90.221134,7.8527708
90.232744,8.3944058
90.244354,8.191538
90.255964,7.5147214
90.267574,8.9525152
90.279184,8.3072146
90.290794,8.3133427
90.302404,6.8114454
90.314014,9.7807639
90.325624,8.2958428
90.337234,8.5621803
90.348844,8.2659243
90.360454,8.7579695
90.372063,8.7878027
90.383673,7.6060397
90.395283,9.0085446
90.406893,9.2576671
90.418503,7.6635012
90.430113,7.716276
90.441723,7.8755811
90.453333,8.5339973
90.464943,6.3771852
90.476553,7.9033656
90.488163,6.8372016
90.499773,5.910615
90.511383,6.8914383
90.522993,5.7400368
90.534603,5.5317285
90.546213,5.0418125
90.557823,5.4864986
90.569433,4.8823656
90.581043,5.4696176
90.592653,5.9303402
90.604263,8.7646262
90.615873,11.198043
90.627483,10.518932
90.639093,10.993473
90.650703,10.068662
90.662313,9.8328448
90.673923,8.4547714
90.685533,8.4524924
90.697143,8.19998
90.708753,9.4429437
90.720363,7.8564706
90.731973,7.4085189
90.743583,6.2861802
90.755193,6.326322
90.766803,5.9802444
90.778413,6.469811
90.790023,7.0767133
90.801633,5.9947145
90.813243,6.3844987
90.824853,6.2482629
90.836463,5.7566165
90.848073,5.9963502
90.859683,5.8971977
90.871293,5.0982207
90.882902,4.610526
90.894512,4.4867689
90.906122,4.5374936
90.917732,8.9271584
90.929342,10.4312
90.940952,10.022091
90.952562,10.217083
90.964172,10.359871
90.975782,7.3991717
90.987392,8.5985495
90.999002,7.7632524
91.010612,8.5165491
91.022222,8.5369987
91.033832,8.8873403
91.045442,7.9949758
91.057052,8.4187932
91.068662,8.4983202
91.080272,8.1260584
91.091882,6.8422302
91.103492,6.473333
91.115102,6.5329706
91.126712,4.3806806
91.138322,4.8897147
91.149932,5.2944684
91.161542,4.6809877
91.173152,4.4941853
91.184762,5.3327969
91.196372,5.1274029
91.207982,4.8482087
91.219592,4.3499235
91.231202,4.4015932
91.242812,3.8557179
91.254422,4.4135319
91.266032,4.4241724
91.277642,3.0902015
91.289252,2.9295794
91.300862,3.6313787
91.312472,7.9069632
91.324082,10.810669
91.335692,9.6792505
91.347302,11.491998
91.358912,10.64386
91.370522,10.665051
91.382132,10.860171
91.393741,11.340681
91.405351,11.539139
91.416961,11.344611
91.428571,11.817288
91.440181,12.232947
91.451791,12.631825
91.463401,12.204743
91.475011,11.540573
91.486621,11.81573
91.498231,11.627893
91.509841,11.580892
91.521451,10.924732
91.533061,10.406904
91.544671,10.794943
91.556281,9.6105346
91.567891,9.6089871
91.579501,9.2130058
91.591111,9.4578826
91.602721,8.9454611
91.614331,8.7906654
91.625941,8.1251085
91.637551,8.8590959
91.649161,8.61049
91.660771,8.5065206
91.672381,8.2912344
91.683991,8.6051619
91.695601,8.8451981
91.707211,9.1066748
91.718821,8.7832361
91.730431,8.7439147
91.742041,8.5129832
91.753651,8.2404285
91.765261,7.6162835
91.776871,7.056468
91.788481,6.6278175
91.800091,5.9419122
91.811701,5.4549198
91.823311,4.9635361
91.834921,4.9366527
91.846531,4.6561037
91.858141,4.7712425
91.869751,4.6628428
91.881361,4.931469
91.892971,5.3006929
91.90458,5.6458874
91.91619,5.8892395
91.9278,5.7318222
91.93941,5.8610413
91.95102,5.7706427
91.96263,5.5588957
91.97424,5.7977977
91.98585,5.4270098
91.99746,5.4580872
92.00907,5.2455632
92.02068,5.0126896
92.03229,5.0424166
92.0439,5.0348974
92.05551,4.821276
92.06712,4.9413316
92.07873,4.7909182
92.09034,4.7463133
92.10195,4.6031045
92.11356,4.3285766
92.12517,4.2777322
92.13678,3.971259
92.14839,4.3339265
92.16,3.8532755
92.17161,4.2124731
92.18322,3.6854333
92.19483,3.898766
92.20644,3.9427339
92.21805,3.6647918
92.22966,4.0487307
92.24127,3.6847898
92.25288,3.8948458
92.26449,3.829755
92.2761,3.9106109
92.28771,4.0342614
92.29932,4.1366661
92.31093,4.1670598
92.32254,4.2377431
92.33415,4.2996584
92.34576,4.113378
92.35737,4.0455558
92.36898,3.8216568
92.38059,3.9888872
92.3922,3.7345544
92.40381,3.5426563
92.41542,3.3660665
92.427029,3.1950559
92.438639,3.1366379
92.450249,3.0414142
92.461859,3.284505
92.473469,3.1039235
92.485079,3.3252959
92.496689,3.2532973
92.508299,3.3354415
92.519909,3.4580766
92.531519,3.4613955
92.543129,3.643431
92.554739,3.6751863
92.566349,3.7549174
92.577959,3.7537009
92.589569,3.7091296
92.601179,3.6025878
92.612789,3.6459669
92.624399,3.5477667
92.636009,3.4282854
92.647619,3.2381817
92.659229,3.1669093
92.670839,2.8383447
92.682449,3.1882916
92.694059,2.6367074
92.705669,2.7939333
92.717279,2.1449962
92.728889,2.22044
92.740499,1.9632843
92.752109,1.81177
92.763719,2.0656068
92.775329,1.980271
92.786939,1.7990056
92.798549,1.6350286
92.810159,1.5522261
92.821769,1.4202798
92.833379,1.6093947
92.844989,1.3299969
92.856599,1.6315515
92.868209,1.2307209
92.879819,1.6699087
92.891429,1.1817729
92.903039,1.6050209
92.914649,1.4011489
92.926259,1.6941651
92.937868,1.3307366
92.949478,1.4652704
92.961088,1.248391
92.972698,1.399647
92.984308,1.2516701
92.995918,1.3014499
93.007528,1.3257944
93.019138,1.3532606
93.030748,1.2992615
93.042358,1.3445307
93.053968,1.2668491
93.065578,1.2862907
93.077188,1.1901008
93.088798,1.234953
93.100408,1.0875788
93.112018,1.2372351
93.123628,1.1068949
93.135238,1.1832694
93.146848,1.1006578
93.158458,1.1262582
93.170068,1.0755392
93.181678,1.0482408
93.193288,1.0401508
93.204898,1.0167785
93.216508,0.99161809
93.228118,1.0079713
93.239728,0.89316883
93.251338,0.90542392
93.262948,0.86435392
93.274558,0.84337251
93.286168,0.79275381
93.297778,0.82612884
93.309388,0.76901294
93.320998,0.77728985
93.332608,0.72562237
93.344218,0.71829082
93.355828,0.69020083
93.367438,0.73344877
93.379048,0.55865982
93.390658,0.7277891
93.402268,0.56170549
93.413878,0.67802723
93.425488,0.57394779
93.437098,0.66941271
93.448707,0.55412494
93.460317,0.63812573
93.471927,0.53640809
93.483537,0.57597601
93.495147,0.49496458
93.506757,0.51677465
93.518367,0.4377693
93.529977,0.41805174
93.541587,0.30908432
93.553197,0.41591665
93.564807,0.24086746
93.576417,0.37091783
93.588027,0.22634357
93.599637,0.22633952
93.611247,0.266033
93.622857,0.23633352
93.634467,0.1640534
93.646077,0.2128272
93.657687,0.20146645
93.669297,0.15510514
93.680907,0.19302808
93.692517,0.19488729
93.704127,0.20058946
93.715737,0.19921607
93.727347,0.18654784
93.738957,0.19291062
93.750567,0.18359583
93.762177,0.16319683
93.773787,0.1546312
93.785397,0.18445264
93.797007,0.16436159
93.808617,0.15831509
93.820227,0.1259447
93.831837,0.18618598
93.843447,0.1566716
93.855057,0.13395669
93.866667,0.19866643
93.878277,0.13349679
93.889887,0.12289892
93.901497,0.11554819
93.913107,0.13096114
93.924717,0.08861707
93.936327,0.12213296
93.947937,0.12256095
93.959546,0.086937786
93.971156,0.1129636
93.982766,0.12322672
93.994376,0.066931171
94.005986,0.085812651
94.017596,0.052940538
94.029206,0.15318327
94.040816,0.091735797
94.052426,0.092383723
94.064036,0.084699708
94.075646,0.13986049
94.087256,0.1183343
94.098866,0.124473
94.110476,0.076762321
94.122086,0.065319754
94.133696,0.065382304
94.145306,0.071166268
94.156916,0.056180486
94.168526,0.060258667
94.180136,0.049707602
94.191746,0.035798816
94.203356,0.049714933
94.214966,0.031664175
94.226576,0.039087609
94.238186,0.032085119
94.249796,0.012960048
94.261406,0.01056633
94.273016,0.019315215
94.284626,0.05914949
94.296236,0.026134288
94.307846,0.0093342306
94.319456,0.0066920284
94.331066,0.064877095
94.342676,0.015740828
94.354286,0.023692859
94.365896,0.050430352
94.377506,0.022111429
94.389116,0.028483927
94.400726,0.06076831
94.412336,0.031109532
94.423946,0.036026818
94.435556,0.022551176
94.447166,0.037126069
94.458776,0.033313565
94.470385,0.031418788
94.481995,0.029223831
94.493605,0.02951311
94.505215,0.028296485
94.516825,0.024276363
94.528435,0.054217274
94.540045,0.084166157
94.551655,0.021377776
94.563265,0.02263111
94.574875,0.015030498
94.586485,0.043175043
94.598095,0.019190718
94.609705,0.014709087
94.621315,0.021608855
94.632925,0.030119255
94.644535,0.043112191
94.656145,0.015540381
94.667755,0.034735645
94.679365,0.0097240424
94.690975,0.014437688
94.702585,0.017458392
94.714195,0.0053358923
94.725805,0.018339864
94.737415,0.003532429
94.749025,0.0009522793
94.760635,0.0075245972
94.772245,0.02308267
94.783855,0.027367189
94.795465,0
94.807075,2.7951151e-05
94.818685,0.023352076
94.830295,0.0087311285
94.841905,0.031815604
94.853515,0.011347975
94.865125,0.036337474
94.876735,0.0013536309
94.888345,0.020183494
94.899955,0.0044340619
94.911565,0.0050796933
94.923175,0.0036053921
94.934785,0.0079197506
94.946395,0.0060611103
94.958005,0.04838439
94.969615,0.056013332
94.981224,0.010692449
94.992834,0.069661056
95.004444,0.014756851
95.016054,0.013746161
95.027664,0.00034163698
95.039274,0.00085907949
95.050884,0.0023038409
95.062494,0.00067042234
95.074104,0.019073803
95.085714,0.012577754
95.097324,0
95.108934,0.061721715
95.120544,0.0085107713
95.132154,0.015615009
95.143764,0.040456393
95.155374,0.0086218622
95.166984,0.03491976
95.178594,0.0015026118
95.190204,0.0031549753
95.201814,0
95.213424,0.0098964289
95.225034,0
95.236644,2.9487741e-05
95.248254,0.017821592
95.259864,0.037283743
95.271474,0.022157938
95.283084,0.020521748
95.294694,0.032701495
95.306304,0.014252706
95.317914,0.0013300246
95.329524,0.00091573489
95.341134,4.13364e-05
95.352744,0.019138573
95.364354,0.0011625305
95.375964,0.006456346
95.387574,0.0015265899
95.399184,0.025879273
95.410794,0.039813099
95.422404,0.005865761
95.434014,0.057673479
95.445624,0.04075401
95.457234,0.0027950136
95.468844,0.0073729706
95.480454,0.010051262
95.492063,0.0030145579
95.503673,0
95.515283,0.005426428
95.526893,0.0092950132
95.538503,0.0015212337
95.550113,0.0046404954
95.561723,0.05347596
95.573333,0.028689086
95.584943,0.010371552
95.596553,0.0094612986
95.608163,0.023664156
95.619773,0.00016485151
95.631383,0
95.642993,0.00082611129
95.654603,0.017571025
95.666213,0.006809159
95.677823,0.039981235
95.689433,0.018954508
95.701043,0.034047655
95.712653,0.025598899
95.724263,0.0011536927
95.735873,0.04075956
95.747483,0.025774636
95.759093,0.0054368954
95.770703,6.6207753e-05
95.782313,0
95.793923,0.0015184492
95.805533,0.00046879997
95.817143,0.0025964775
95.828753,0.012528052
95.840363,0.0073188378
95.851973,0.029236418
95.863583,0.0092697761
95.875193,0.032794508
95.886803,0.011392424
95.898413,0.015129717
95.910023,0.0049971278
95.921633,0.0029222733
95.933243,0
95.944853,0.0012809748
95.956463,0.0034835481
95.968073,5.1611528e-05
95.979683,0.010555379
95.991293,0.0035604811
96.002902,0.013787636
96.014512,0.018065993
96.026122,0
96.037732,0.0055946013
96.049342,0.00069576524
96.060952,0
96.072562,0
96.084172,0.0023188553
96.095782,0
96.107392,0.0022650968
96.119002,0.054116282
96.130612,0.0004757314
96.142222,0.033375395
96.153832,2.3832361e-06
96.165442,0.0020398428
96.177052,0
96.188662,0.0027660916
96.200272,0.00024578349
96.211882,0
96.223492,0.0026958429
96.235102,0.0026871281
96.246712,0.00027298799
96.258322,0.010726244
96.269932,8.6552817e-05
96.281542,0
96.293152,0.0048017723
96.304762,0.015628064
96.316372,0.019501281
96.327982,0
96.339592,0.0083767435
96.351202,0.00043291616
96.362812,0.0013670758
96.374422,0
96.386032,0.017261601
96.397642,0.027943876
96.409252,0.024154277
96.420862,0.070024546
96.432472,0
96.444082,0.016780992
96.455692,0
96.467302,0.0017212367
96.478912,0
96.490522,0.013801489
96.502132,0.011746257
96.513741,0.039606231
96.525351,0
96.536961,0.024253555
96.548571,0.0059937225
96.560181,0.02732587
96.571791,0.016560137
96.583401,0.017316298
96.595011,0.011982113
96.606621,0.0035670217
96.618231,0.0018478301
96.629841,0.000210883
96.641451,0
96.653061,0.0080727654
96.664671,0.010019087
96.676281,0
96.687891,0.021826629
96.699501,0.0024960909
96.711111,0.031302967
96.722721,0
96.734331,0.00037594095
96.745941,0.0070603102
96.757551,0.00040327638
96.769161,0
96.780771,0.005030058
96.792381,0.0051189126
96.803991,3.6768878e-06
96.815601,0.0092617325
96.827211,0.00041423166
96.838821,0
96.850431,0.0112057
96.862041,0
