0.011609977,0
0.023219955,0
0.034829932,0
0.046439909,0
0.058049887,0
0.069659864,0
0.081269841,0
0.092879819,0.0072593854
0.1044898,0.018921585
0.11609977,0.028544421
0.12770975,0.019810017
0.13931973,0.046335998
0.15092971,0.03003419
0.16253968,0.0079629568
0.17414966,0.057126078
0.18575964,0.063243384
0.19736961,0.027221347
0.20897959,0.076051389
0.22058957,0.062478379
0.23219955,0.027416809
0.24380952,0.016006511
0.2554195,0.053576866
0.26702948,0.005148016
0.27863946,0.086927115
0.29024943,0.098855899
0.30185941,0.010118174
0.31346939,0.077337462
0.32507937,0.032881224
0.33668934,0.013249431
0.34829932,0.093204251
0.3599093,0.018814374
0.37151927,0.048184642
0.38312925,0.067852044
0.39473923,0.01675032
0.40634921,0.027207861
0.41795918,0.028123474
0.42956916,0.026948655
0.44117914,0.031584365
0.45278912,0.016216033
0.46439909,0.04799227
0.47600907,0.029486315
0.48761905,0.010725183
0.49922902,0.072761239
0.510839,0.038099456
0.52244898,0.10295064
0.53405896,0.031059904
0.54566893,0.068338779
0.55727891,0.063249304
0.56888889,0.016199417
0.58049887,0.067970403
0.59210884,0.081553675
0.60371882,0.084162322
0.6153288,0.071156124
0.62693878,0.075474846
0.63854875,0.069177542
0.65015873,0.072051681
0.66176871,0.076732359
0.67337868,0.10479057
0.68498866,0.11029814
0.69659864,0.081939952
0.70820862,0.02708817
0.71981859,0.096753963
0.73142857,0.05102989
0.74303855,0.09716499
0.75464853,0.031204322
0.7662585,0.022560851
0.77786848,0.070020964
0.78947846,0.13645658
0.80108844,0.12721663
0.81269841,0.073331924
0.82430839,0.084928364
0.83591837,0.048665839
0.84752834,0.0056726863
0.85913832,0.010444716
0.8707483,0.058322913
0.88235828,0.22017508
0.89396825,0.012422379
0.90557823,0.0084954541
0.91718821,0.12025685
0.92879819,0.019749909
0.94040816,0.030985624
0.95201814,0.032948563
0.96362812,0.10763213
0.9752381,0.083175821
0.98684807,0.11350251
0.99845805,0.18089759
1.010068,9.6103239
1.021678,11.321495
1.033288,12.681945
1.044898,13.651437
1.0565079,14.056638
1.0681179,15.176005
1.0797279,13.534256
1.0913379,13.536243
1.1029478,13.648856
1.1145578,12.410407
1.1261678,12.515017
1.1377778,14.333468
1.1493878,13.712463
1.1609977,14.362466
1.1726077,13.607272
1.1842177,13.785089
1.1958277,13.227205
1.2074376,13.105053
1.2190476,13.121424
1.2306576,13.277551
1.2422676,12.867755
1.2538776,12.58008
1.2654875,12.732401
1.2770975,12.704426
1.2887075,12.177727
1.3003175,11.995506
1.3119274,11.06521
1.3235374,11.429489
1.3351474,11.513981
1.3467574,11.684402
1.3583673,11.557227
1.3699773,11.321563
1.3815873,11.22227
1.3931973,10.940788
1.4048073,10.566062
1.4164172,10.507002
1.4280272,9.8526398
1.4396372,9.9581934
1.4512472,9.4225312
1.4628571,9.1944615
1.4744671,9.3147041
1.4860771,8.8442765
1.4976871,8.822374
1.5092971,8.6238872
1.520907,8.6125392
1.532517,8.113805
1.544127,7.8023976
1.555737,7.8354224
1.5673469,7.3909485
1.5789569,7.1858658
1.5905669,7.2799
1.6021769,7.1545864
1.6137868,6.9441721
1.6253968,6.7372396
1.6370068,6.6808293
1.6486168,6.6966852
1.6602268,6.6757966
1.6718367,6.5584112
1.6834467,6.6709857
1.6950567,6.6903084
1.7066667,6.3475871
1.7182766,6.1864367
1.7298866,6.0949943
1.7414966,6.1479874
1.7531066,6.0608287
1.7647166,5.9794476
1.7763265,6.042328
1.7879365,6.0836348
1.7995465,5.9548182
1.8111565,6.0865388
1.8227664,6.1748135
1.8343764,6.1644354
1.8459864,6.0732828
1.8575964,5.9883574
1.8692063,5.8188127
1.8808163,5.8292623
1.8924263,5.7239676
1.9040363,5.6849523
1.9156463,5.6387318
1.9272562,5.5332186
1.9388662,5.5939467
1.9504762,5.5419487
1.9620862,5.6109387
1.9736961,5.5624171
1.9853061,5.5190654
1.9969161,5.4630733
2.0085261,5.4057477
2.0201361,5.339083
2.031746,5.1839258
2.043356,5.1912987
2.054966,5.5207846
2.066576,5.5000108
2.0781859,5.6142395
2.0897959,5.599962
2.1014059,5.4197957
2.1130159,5.4526251
2.1246259,5.6201295
2.1362358,5.3785465
2.1478458,5.4366976
2.1594558,5.6807134
2.1710658,5.2250023
2.1826757,4.9271602
2.1942857,5.4101149
2.2058957,5.3012478
2.2175057,4.8684488
2.2291156,5.2189023
2.2407256,5.3683215
2.2523356,5.042518
2.2639456,4.9270571
2.2755556,5.3710299
2.2871655,5.1356323
2.2987755,4.7165755
2.3103855,5.0147436
2.3219955,5.2369768
2.3336054,4.896617
2.3452154,4.6977924
2.3568254,5.1141781
2.3684354,4.9071802
2.3800454,4.4878315
2.3916553,4.7891702
2.4032653,4.9577307
2.4148753,4.4464214
2.4264853,4.5300784
2.4380952,4.6683987
2.4497052,4.4981917
2.4613152,4.0981644
2.4729252,4.479613
2.4845351,4.6110865
2.4961451,4.2369755
2.5077551,4.1289213
2.5193651,4.5378227
2.5309751,4.36051
2.542585,3.9599582
2.554195,4.3387545
2.565805,4.2927725
2.577415,3.9911136
2.5890249,3.8927634
2.6006349,4.1196675
2.6122449,3.9155988
2.6238549,3.5931056
2.6354649,3.7452101
2.6470748,3.7150209
2.6586848,3.3997496
2.6702948,3.3442802
2.6819048,3.4887812
2.6935147,3.1853758
2.7051247,2.9665242
2.7167347,3.0384239
2.7283447,3.0243643
2.7399546,2.801799
2.7515646,2.6275704
2.7631746,2.5082608
2.7747846,2.4284632
2.7863946,2.1480934
2.7980045,2.9909266
2.8096145,3.7284322
2.8212245,3.6373225
2.8328345,3.4579703
2.8444444,3.2482391
2.8560544,4.26308
2.8676644,3.5092819
2.8792744,3.2134872
2.8908844,3.6882564
2.9024943,3.652291
2.9141043,3.0565248
2.9257143,2.9847435
2.9373243,3.3934955
2.9489342,3.24351
2.9605442,2.7412567
2.9721542,2.8186768
2.9837642,3.0328069
2.9953741,2.8613704
3.0069841,2.319777
3.0185941,2.9772807
3.0302041,5.0490517
3.0418141,7.6331638
3.053424,7.5701074
3.065034,7.5418985
3.076644,8.2621783
3.088254,6.6628668
3.0998639,6.8400533
3.1114739,6.2082811
3.1230839,5.6088335
3.1346939,6.257387
3.1463039,5.6689095
3.1579138,6.0300209
3.1695238,4.4617132
3.1811338,3.9845743
3.1927438,3.0104259
3.2043537,3.1204702
3.2159637,5.2154129
3.2275737,5.5313198
3.2391837,5.0580058
3.2507937,6.1175389
3.2624036,6.2590082
3.2740136,7.9562816
3.2856236,10.028356
3.2972336,10.337665
3.3088435,9.7613206
3.3204535,11.928913
3.3320635,7.5227721
3.3436735,10.901368
3.3552834,6.3539478
3.3668934,12.445058
3.3785034,6.6880533
3.3901134,12.535325
3.4017234,7.3151184
3.4133333,11.425506
3.4249433,10.580744
3.4365533,10.125739
3.4481633,10.396444
3.4597732,9.118467
3.4713832,10.227282
3.4829932,8.2479769
3.4946032,10.748008
3.5062132,10.089066
3.5178231,10.591431
3.5294331,10.950979
3.5410431,13.331995
3.5526531,10.462413
3.564263,10.410603
3.575873,12.471691
3.587483,12.418036
3.599093,9.926833
3.6107029,12.704267
3.6223129,8.6036723
3.6339229,12.840504
3.6455329,10.092293
3.6571429,11.255752
3.6687528,9.4572999
3.6803628,9.7756748
3.6919728,9.8159943
3.7035828,10.802465
3.7151927,13.649355
3.7268027,13.706364
3.7384127,16.131487
3.7500227,14.373773
3.7616327,16.365406
3.7732426,13.264393
3.7848526,14.804869
3.7964626,14.005557
3.8080726,12.897502
3.8196825,13.575559
3.8312925,13.220046
3.8429025,14.067742
3.8545125,13.085566
3.8661224,13.237761
3.8777324,11.004747
3.8893424,10.346856
3.9009524,10.00584
3.9125624,9.0251991
3.9241723,9.8545333
3.9357823,9.9152064
3.9473923,10.558037
3.9590023,10.289751
3.9706122,10.798389
3.9822222,11.033553
3.9938322,11.102332
4.0054422,10.628882
4.0170522,11.626786
4.0286621,8.8569084
4.0402721,9.1287204
4.0518821,9.5360155
4.0634921,8.732324
4.075102,8.898378
4.086712,9.8473529
4.098322,8.2276592
4.109932,8.3173064
4.121542,8.911158
4.1331519,6.2453239
4.1447619,5.7735741
4.1563719,6.117923
4.1679819,7.2263141
4.1795918,8.1017669
4.1912018,6.8991415
4.2028118,8.0067792
4.2144218,9.15738
4.2260317,5.3372035
4.2376417,5.9583251
4.2492517,6.421909
4.2608617,4.9803175
4.2724717,6.0671238
4.2840816,7.0451733
4.2956916,4.4169514
4.3073016,4.8782185
4.3189116,5.3949907
4.3305215,4.9564423
4.3421315,4.4100958
4.3537415,5.3246253
4.3653515,4.204852
4.3769615,3.7110137
4.3885714,5.2037078
4.4001814,4.3600861
4.4117914,4.7907254
4.4234014,5.0436908
4.4350113,3.7461197
4.4466213,3.9953724
4.4582313,5.0166275
4.4698413,4.2336119
4.4814512,4.8824637
4.4930612,4.5664353
4.5046712,3.7232906
4.5162812,4.3081085
4.5278912,5.0128092
4.5395011,9.3424002
4.5511111,12.935133
4.5627211,11.130067
4.5743311,9.998695
4.585941,8.4598047
4.597551,8.4384909
4.609161,10.232185
4.620771,10.156859
4.632381,9.1298095
4.6439909,9.1999318
4.6556009,9.1585869
4.6672109,9.0570867
4.6788209,8.2776023
4.6904308,7.0280475
4.7020408,8.5098571
4.7136508,8.6818548
4.7252608,5.4738886
4.7368707,6.8130375
4.7484807,6.9585038
4.7600907,6.0273354
4.7717007,5.4873063
4.7833107,4.3512772
4.7949206,4.9386775
4.8065306,4.4728906
4.8181406,4.6872362
4.8297506,5.3941494
4.8413605,4.6312273
4.8529705,5.1993871
4.8645805,4.1962274
4.8761905,4.8126388
4.8878005,5.0655355
4.8994104,4.9097367
4.9110204,5.6309239
4.9226304,3.6864946
4.9342404,4.6902579
4.9458503,4.3856445
4.9574603,4.4664055
4.9690703,5.1029771
4.9806803,3.9779277
4.9922902,4.6441598
5.0039002,4.0902604
5.0155102,4.1631363
5.0271202,4.4166061
5.0387302,3.781329
5.0503401,4.5109354
5.0619501,3.2392958
5.0735601,3.9057107
5.0851701,3.8767436
5.09678,3.6579963
5.10839,6.277155
5.12,4.8998609
5.13161,5.4797758
5.14322,5.2151436
5.1548299,6.0065723
5.1664399,6.3606933
5.1780499,5.4678477
5.1896599,4.9496734
5.2012698,4.7122155
5.2128798,4.7239785
5.2244898,4.46274
5.2360998,4.1548059
5.2477098,4.3421878
5.2593197,5.0263462
5.2709297,5.3865689
5.2825397,4.2523552
5.2941497,4.1247361
5.3057596,3.6292319
5.3173696,3.3567433
5.3289796,3.4293979
5.3405896,3.1542234
5.3521995,3.0329091
5.3638095,3.4098063
5.3754195,2.9514175
5.3870295,2.4465616
5.3986395,2.3558126
5.4102494,3.0102437
5.4218594,2.5462046
5.4334694,2.4149564
5.4450794,3.1683836
5.4566893,2.9908522
5.4682993,2.9207132
5.4799093,3.0259006
5.4915193,2.9791279
5.5031293,3.2474953
5.5147392,3.3679919
5.5263492,2.7001199
5.5379592,2.8544117
5.5495692,3.2766066
5.5611791,3.4700983
5.5727891,2.9921477
5.5843991,3.190459
5.5960091,3.4835891
5.607619,3.1811064
5.619229,3.2621869
5.630839,3.2861006
5.642449,2.9241532
5.654059,2.9502181
5.6656689,3.1169539
5.6772789,3.1276774
5.6888889,2.6271859
5.7004989,2.872382
5.7121088,2.8353875
5.7237188,2.3424285
5.7353288,2.680494
5.7469388,2.5644892
5.7585488,2.2098365
5.7701587,1.9430578
5.7817687,2.0484853
5.7933787,2.4735076
5.8049887,1.9737783
5.8165986,3.3078125
5.8282086,3.557364
5.8398186,3.0380414
5.8514286,3.5928979
5.8630385,3.9226404
5.8746485,2.9682227
5.8862585,2.8324919
5.8978685,3.5192655
5.9094785,3.3632534
5.9210884,2.5822792
5.9326984,3.1359367
5.9443084,3.5250989
5.9559184,2.9298499
5.9675283,2.5636848
5.9791383,3.4157681
5.9907483,3.286514
6.0023583,7.7015122
6.0139683,9.098273
6.0255782,7.516148
6.0371882,7.3631432
6.0487982,6.8146405
6.0604082,6.9788334
6.0720181,6.7854853
6.0836281,6.6054364
6.0952381,6.883595
6.1068481,7.2231895
6.118458,5.7123063
6.130068,5.9433973
6.141678,5.9906212
6.153288,5.319482
6.164898,5.6933715
6.1765079,5.7182451
6.1881179,6.4959645
6.1997279,5.708835
6.2113379,8.3238736
6.2229478,9.3426035
6.2345578,6.4819969
6.2461678,6.6613926
6.2577778,7.3573921
6.2693878,6.6049297
6.2809977,8.5279765
6.2926077,7.329499
6.3042177,8.623096
6.3158277,7.5523119
6.3274376,11.488902
6.3390476,10.912472
6.3506576,9.0506378
6.3622676,7.2009582
6.3738776,8.2277255
6.3854875,5.6059536
6.3970975,5.5828266
6.4087075,5.4277734
6.4203175,5.4497315
6.4319274,6.2136623
6.4435374,7.2081886
6.4551474,6.5001797
6.4667574,7.2726523
6.4783673,6.8251113
6.4899773,4.4222312
6.5015873,6.7087432
6.5131973,5.8540506
6.5248073,6.0807627
6.5364172,7.422862
6.5480272,6.7501744
6.5596372,7.2946043
6.5712472,7.5507817
6.5828571,7.3096804
6.5944671,7.7748923
6.6060771,7.9587905
6.6176871,7.1137403
6.6292971,7.2358409
6.640907,8.5059347
6.652517,8.6151321
6.664127,7.6541388
6.675737,8.8430888
6.6873469,9.3269984
6.6989569,6.7146758
6.7105669,8.1251391
6.7221769,6.2575679
6.7337868,5.3349069
6.7453968,6.7815687
6.7570068,5.3021575
6.7686168,5.3751785
6.7802268,6.2022001
6.7918367,5.2381443
6.8034467,7.0570129
6.8150567,7.3587559
6.8266667,8.1825617
6.8382766,9.33199
6.8498866,9.1891141
6.8614966,8.3076992
6.8731066,8.2972347
6.8847166,8.2984364
6.8963265,7.3383678
6.9079365,7.2317868
6.9195465,6.8857734
6.9311565,7.6387504
6.9427664,7.8421493
6.9543764,7.5724808
6.9659864,8.1491205
6.9775964,8.4170609
6.9892063,7.0382261
7.0008163,7.5864301
7.0124263,8.6509233
7.0240363,9.2658158
7.0356463,8.709538
7.0472562,8.6307004
7.0588662,8.342081
7.0704762,7.5381284
7.0820862,8.2241655
7.0936961,8.3162224
7.1053061,7.0288721
7.1169161,6.3266686
7.1285261,7.6762861
7.1401361,6.1536657
7.151746,5.9415512
7.163356,5.8198288
7.174966,7.504021
7.186576,5.9515955
7.1981859,4.7358509
7.2097959,6.1639977
7.2214059,6.1572085
7.2330159,4.3731983
7.2446259,5.9024815
7.2562358,4.8039071
7.2678458,4.8625006
7.2794558,4.7733611
7.2910658,4.861372
7.3026757,4.5465787
7.3142857,4.59298
7.3258957,4.6158006
7.3375057,4.576105
7.3491156,4.2605144
7.3607256,4.4572263
7.3723356,4.6120392
7.3839456,4.7267934
7.3955556,4.7653994
7.4071655,3.9627529
7.4187755,4.054887
7.4303855,3.8781987
7.4419955,3.6254508
7.4536054,4.0295408
7.4652154,3.8169829
7.4768254,4.0555269
7.4884354,4.2847042
7.5000454,3.9358497
7.5116553,3.8161911
7.5232653,3.4821942
7.5348753,4.5085711
7.5464853,5.7986065
7.5580952,5.0845663
7.5697052,5.7829432
7.5813152,4.8065929
7.5929252,6.2675469
7.6045351,6.8875992
7.6161451,7.8260787
7.6277551,8.0838991
7.6393651,7.4306224
7.6509751,8.3328043
7.662585,8.654712
7.674195,7.9113696
7.685805,7.7731478
7.697415,8.1908586
7.7090249,7.8376875
7.7206349,7.6870687
7.7322449,7.4688392
7.7438549,6.9097078
7.7554649,7.1519477
7.7670748,6.8903169
7.7786848,5.9244225
7.7902948,5.2718242
7.8019048,5.3423396
7.8135147,5.3034129
7.8251247,5.1915214
7.8367347,5.2843712
7.8483447,4.7377517
7.8599546,4.2855518
7.8715646,4.7507156
7.8831746,4.2372026
7.8947846,4.429402
7.9063946,4.9792597
7.9180045,4.7408447
7.9296145,4.3987369
7.9412245,4.7386458
7.9528345,4.198718
7.9644444,3.898886
7.9760544,4.5963668
7.9876644,4.2362606
7.9992744,4.0678639
8.0108844,4.57966
8.0224943,3.9330712
8.0341043,3.5741973
8.0457143,4.3834036
8.0573243,3.8353671
8.0689342,3.687723
8.0805442,5.0631593
8.0921542,5.340713
8.1037642,5.5843332
8.1153741,5.1396849
8.1269841,4.4464199
8.1385941,5.0654074
8.1502041,3.9354388
8.1618141,5.6664319
8.173424,3.7398409
8.185034,3.9027574
8.196644,5.2339856
8.208254,4.0528869
8.2198639,3.884124
8.2314739,5.5536016
8.2430839,3.6052028
8.2546939,4.4906233
8.2663039,4.2383164
8.2779138,3.3039501
8.2895238,4.1598281
8.3011338,3.2810649
8.3127438,2.797061
8.3243537,4.0394409
8.3359637,2.9498314
8.3475737,2.8117851
8.3591837,3.4914596
8.3707937,3.1723391
8.3824036,2.942651
8.3940136,2.949753
8.4056236,3.0922837
8.4172336,3.0100257
8.4288435,2.9449362
8.4404535,3.1634941
8.4520635,3.1388384
8.4636735,2.8252865
8.4752834,3.0318106
8.4868934,3.1487604
8.4985034,2.7221172
8.5101134,2.6956074
8.5217234,2.8205496
8.5333333,2.6142383
8.5449433,2.5744232
8.5565533,2.6579001
8.5681633,2.5518027
8.5797732,2.3142265
8.5913832,2.3781111
8.6029932,2.5391897
8.6146032,2.1975457
8.6262132,2.0979914
8.6378231,2.3950136
8.6494331,2.2227781
8.6610431,2.1637342
8.6726531,2.2086905
8.684263,2.187911
8.695873,2.1295897
8.707483,1.9855388
8.719093,2.1583822
8.7307029,2.0187855
8.7423129,1.8449503
8.7539229,2.1912689
8.7655329,2.6083723
8.7771429,2.8677859
8.7887528,3.0568131
8.8003628,3.5602375
8.8119728,3.8863517
8.8235828,3.0876538
8.8351927,3.6826717
8.8468027,3.5243461
8.8584127,3.7680174
8.8700227,2.7922875
8.8816327,2.9836062
8.8932426,3.3873305
8.9048526,3.3072176
8.9164626,2.9399571
8.9280726,3.1601817
8.9396825,2.2764423
8.9512925,3.2072722
8.9629025,2.6804357
8.9745125,3.6082114
8.9861224,2.8446701
8.9977324,2.5917741
9.0093424,2.3347588
9.0209524,3.1321455
9.0325624,3.3117327
9.0441723,3.8940334
9.0557823,4.3939084
9.0673923,4.0019306
9.0790023,4.8387414
9.0906122,4.242538
9.1022222,5.0048493
9.1138322,6.1760351
9.1254422,5.5621195
9.1370522,6.5187931
9.1486621,6.8726539
9.1602721,6.5505971
9.1718821,7.4648386
9.1834921,6.941616
9.195102,6.391803
9.206712,7.2286097
9.218322,6.5476614
9.229932,6.7753338
9.241542,6.2913629
9.2531519,6.1988309
9.2647619,6.5993172
9.2763719,6.759034
9.2879819,7.8467573
9.2995918,7.3487087
9.3112018,6.8111432
9.3228118,6.1832177
9.3344218,8.6880958
9.3460317,7.4355662
9.3576417,5.5203115
9.3692517,7.3415591
9.3808617,4.8611824
9.3924717,4.5221946
9.4040816,5.325342
9.4156916,6.0892357
9.4273016,5.1874026
9.4389116,5.2344854
9.4505215,7.1671466
9.4621315,6.0706641
9.4737415,5.7757615
9.4853515,7.8087754
9.4969615,7.8759022
9.5085714,7.1951342
9.5201814,7.0487888
9.5317914,7.6022006
9.5434014,6.6021023
9.5550113,5.6002219
9.5666213,5.6383699
9.5782313,6.614383
9.5898413,7.093504
9.6014512,7.0616297
9.6130612,7.1374928
9.6246712,7.8030898
9.6362812,8.0650655
9.6478912,7.3993548
9.6595011,6.9304831
9.6711111,7.2753386
9.6827211,8.0166441
9.6943311,7.8326665
9.705941,7.6224358
9.717551,7.9972355
9.729161,9.0640596
9.740771,8.1495792
9.752381,6.8228375
9.7639909,8.6892404
9.7756009,8.5193043
9.7872109,6.797108
9.7988209,6.8285319
9.8104308,7.6327453
9.8220408,7.2168996
9.8336508,6.2815272
9.8452608,6.4625606
9.8568707,7.6043681
9.8684807,7.8651158
9.8800907,7.1648496
9.8917007,6.8690816
9.9033107,6.590136
9.9149206,7.6092497
9.9265306,7.0403642
9.9381406,7.197126
9.9497506,7.4272421
9.9613605,7.205522
9.9729705,6.9583081
9.9845805,6.8634916
9.9961905,6.5315357
10.0078,6.8619803
10.01941,6.8043474
10.03102,8.008111
10.04263,8.644278
10.05424,9.7898437
10.06585,9.7250746
10.07746,10.181552
10.08907,9.3470908
10.10068,8.4871487
10.11229,8.7827075
10.1239,8.5454932
10.13551,8.2122488
10.14712,8.0949454
10.15873,7.8751928
10.17034,7.4103369
10.18195,7.7970627
10.19356,7.2420707
10.20517,6.4003562
10.21678,6.8352737
10.22839,6.9226046
10.24,6.3832872
10.25161,6.7188859
10.26322,6.5127585
10.27483,5.9595708
10.28644,6.7441528
10.29805,6.8258262
10.30966,6.3116331
10.32127,5.5773662
10.33288,6.1844369
10.34449,6.2760576
10.3561,5.9037012
10.36771,5.3492496
10.37932,5.5194266
10.39093,5.3774084
10.40254,5.3346681
10.41415,5.1203902
10.42576,5.0754457
10.43737,5.2045426
10.44898,5.357864
10.46059,6.3984989
10.4722,7.8369079
10.48381,9.1693129
10.49542,9.0009065
10.507029,7.9059314
10.518639,8.3038823
10.530249,8.1742065
10.541859,7.0248903
10.553469,6.9417907
10.565079,7.0844555
10.576689,7.0772526
10.588299,6.122974
10.599909,5.5302513
10.611519,7.4580094
10.623129,9.8539198
10.634739,9.5601346
10.646349,9.0675487
10.657959,8.7588369
10.669569,8.8929959
10.681179,8.6407355
10.692789,8.0057671
10.704399,8.671001
10.716009,8.3203767
10.727619,7.6470165
10.739229,7.2704717
10.750839,8.42125
10.762449,7.8643959
10.774059,7.4387295
10.785669,8.19882
10.797279,7.7745315
10.808889,7.8585641
10.820499,7.5455666
10.832109,6.5119127
10.843719,7.3205045
10.855329,7.1395325
10.866939,8.0024552
10.878549,8.9169609
10.890159,9.7501835
10.901769,9.8840065
10.913379,10.189687
10.924989,9.6997558
10.936599,8.6404486
10.948209,9.681916
10.959819,8.3034185
10.971429,8.2840274
10.983039,8.1839227
10.994649,8.5538058
11.006259,7.6544248
11.017868,7.5580394
11.029478,8.1950471
11.041088,9.1706225
11.052698,9.6742872
11.064308,9.9947551
11.075918,11.585119
11.087528,9.4988402
11.099138,9.5347924
11.110748,9.1663791
11.122358,8.2975216
11.133968,10.521668
11.145578,6.5789346
11.157188,8.4517998
11.168798,9.0183451
11.180408,9.4040454
11.192018,10.082077
11.203628,9.9127736
11.215238,10.038633
11.226848,10.360961
11.238458,8.913171
11.250068,8.8555245
11.261678,7.9522197
11.273288,6.7944429
11.284898,8.6087527
11.296508,7.3000253
11.308118,7.7680163
11.319728,6.0860179
11.331338,5.6381008
11.342948,5.704119
11.354558,5.4983721
11.366168,5.657406
11.377778,5.9010405
11.389388,5.6715282
11.400998,5.2895182
11.412608,4.8064583
11.424218,5.5467035
11.435828,5.2148557
11.447438,4.5282246
11.459048,4.0761621
11.470658,4.3996811
11.482268,4.3548933
11.493878,3.598187
11.505488,3.6232355
11.517098,3.9736481
11.528707,3.1200648
11.540317,2.7736137
11.551927,3.0409502
11.563537,3.2207066
11.575147,2.7087748
11.586757,8.5676535
11.598367,9.7241052
11.609977,9.7983527
11.621587,12.579341
11.633197,12.546999
11.644807,11.019716
11.656417,9.6619438
11.668027,11.020581
11.679637,10.574248
11.691247,8.8836106
11.702857,10.848051
11.714467,8.8186594
11.726077,9.1182643
11.737687,7.3728262
11.749297,7.5432698
11.760907,7.5535332
11.772517,6.8459762
11.784127,6.8515482
11.795737,6.0805726
11.807347,6.4235184
11.818957,5.8546436
11.830567,5.9219614
11.842177,5.9909746
11.853787,5.0900502
11.865397,4.6749275
11.877007,4.7347758
11.888617,5.044885
11.900227,5.6285641
11.911837,4.5608361
11.923447,4.1487448
11.935057,3.7935626
11.946667,3.909801
11.958277,3.7194489
11.969887,3.7974124
11.981497,3.2918673
11.993107,3.4029367
12.004717,3.4588023
12.016327,3.1345829
12.027937,3.6216716
12.039546,3.4487421
12.051156,3.2039144
12.062766,3.5922516
12.074376,2.8105686
12.085986,3.5296002
12.097596,6.1330244
12.109206,6.929214
12.120816,7.6049246
12.132426,7.3636076
12.144036,7.567134
12.155646,7.8149867
12.167256,7.3242524
12.178866,7.2713341
12.190476,7.5997759
12.202086,7.198318
12.213696,7.5714653
12.225306,6.882428
12.236916,6.9286396
12.248526,6.5844764
12.260136,7.1021437
12.271746,6.6670596
12.283356,6.6575456
12.294966,6.5567042
12.306576,6.2944481
12.318186,5.9677159
12.329796,6.1226616
12.341406,6.2084237
12.353016,5.7226705
12.364626,5.908273
12.376236,5.7935197
12.387846,5.5393429
12.399456,5.3701994
12.411066,5.3433445
12.422676,4.9676906
12.434286,4.8121391
12.445896,5.1960536
12.457506,4.7039723
12.469116,4.6318675
12.480726,4.6699687
12.492336,4.4868819
12.503946,4.1543698
12.515556,4.3204158
12.527166,4.5246821
12.538776,3.922549
12.550385,3.9816332
12.561995,4.1775257
12.573605,3.8469777
12.585215,3.6076388
12.596825,3.6488941
12.608435,3.6547663
12.620045,4.2451593
12.631655,4.5807451
12.643265,4.6018577
12.654875,4.5060407
12.666485,5.293265
12.678095,5.0757582
12.689705,4.9861851
12.701315,5.0568293
12.712925,4.5624422
12.724535,4.7057143
12.736145,4.6253115
12.747755,4.5864059
12.759365,4.3848785
12.770975,5.041293
12.782585,4.9017747
12.794195,4.5380384
12.805805,4.9532156
12.817415,4.5860103
12.829025,4.5479876
12.840635,4.6652036
12.852245,4.3039556
12.863855,4.2358656
12.875465,3.889942
12.887075,4.7689187
12.898685,4.8967428
12.910295,4.3607079
12.921905,3.2899941
12.933515,4.2444348
12.945125,4.0336807
12.956735,4.5968893
12.968345,3.9457033
12.979955,3.7278191
12.991565,2.8608643
13.003175,4.3946771
13.014785,4.5033314
13.026395,4.138855
13.038005,2.7475251
13.049615,3.573061
13.061224,4.0028084
13.072834,4.3479408
13.084444,3.6318911
13.096054,3.6174345
13.107664,2.8228288
13.119274,5.0750346
13.130884,7.3602082
13.142494,9.1516697
13.154104,8.9954228
13.165714,9.7553824
13.177324,9.8522958
13.188934,8.6750258
13.200544,7.4939304
13.212154,7.2720834
13.223764,7.6655059
13.235374,7.1655131
13.246984,7.1381256
13.258594,6.9671325
13.270204,7.0477066
13.281814,7.0902985
13.293424,7.1083997
13.305034,6.4336836
13.316644,6.3335942
13.328254,6.3884052
13.339864,6.1025111
13.351474,6.1443743
13.363084,5.9118018
13.374694,6.1585017
13.386304,6.7408056
13.397914,6.5311968
13.409524,6.5757771
13.421134,6.2782881
13.432744,6.3179994
13.444354,6.2946886
13.455964,6.0812061
13.467574,6.0125969
13.479184,5.882507
13.490794,5.7246554
13.502404,5.7364896
13.514014,5.9619696
13.525624,5.8691718
13.537234,5.846746
13.548844,5.8969186
13.560454,5.9065988
13.572063,5.6855581
13.583673,5.6060035
13.595283,5.4175044
13.606893,5.4800936
13.618503,5.5730894
13.630113,5.438998
13.641723,5.4017953
13.653333,5.281091
13.664943,5.1926673
13.676553,5.0967862
13.688163,5.0783255
13.699773,5.1076338
13.711383,4.9986298
13.722993,4.8560033
13.734603,4.7321502
13.746213,4.5007387
13.757823,4.3772242
13.769433,4.6853274
13.781043,4.6340073
13.792653,4.9817612
13.804263,4.5314569
13.815873,4.4486814
13.827483,4.6394106
13.839093,4.1840051
13.850703,4.8306588
13.862313,7.7812708
13.873923,8.213434
13.885533,10.782736
13.897143,10.572839
13.908753,11.019121
13.920363,12.295283
13.931973,10.894819
13.943583,9.635323
13.955193,10.277208
13.966803,9.3490725
13.978413,9.2836222
13.990023,10.136063
14.001633,9.5585622
14.013243,8.593477
14.024853,8.4419078
14.036463,8.2505064
14.048073,8.2574138
14.059683,8.6617832
14.071293,9.1054103
14.082902,9.5053821
14.094512,9.5359475
14.106122,8.5906559
14.117732,9.438682
14.129342,9.4966851
14.140952,8.5092399
14.152562,9.3503344
14.164172,8.9804717
14.175782,7.8446634
14.187392,8.8334612
14.199002,7.8448195
14.210612,7.0597354
14.222222,7.7600942
14.233832,6.7572678
14.245442,6.3088639
14.257052,6.9397808
14.268662,6.1738079
14.280272,6.3685819
14.291882,7.0187305
14.303492,6.2545279
14.315102,6.3446321
14.326712,6.3968667
14.338322,5.3591335
14.349932,6.2686913
14.361542,6.2581295
14.373152,5.2234483
14.384762,5.8177081
14.396372,5.6732799
14.407982,4.851414
14.419592,5.426575
14.431202,5.4726628
14.442812,5.0251401
14.454422,5.492541
14.466032,5.1725735
14.477642,4.940192
14.489252,5.1939336
14.500862,4.8820894
14.512472,5.0931246
14.524082,5.436317
14.535692,5.7623188
14.547302,5.4208257
14.558912,4.7805363
14.570522,4.2262524
14.582132,5.2697596
14.593741,4.5950194
14.605351,4.5914846
14.616961,5.0850341
14.628571,5.6599953
14.640181,4.7619485
14.651791,5.0986725
14.663401,4.419474
14.675011,5.0072428
14.686621,4.6259773
14.698231,5.3271722
14.709841,4.7721953
14.721451,4.894855
14.733061,4.7466757
14.744671,5.3138953
14.756281,4.5357407
14.767891,3.9518846
14.779501,3.9055363
14.791111,4.7796424
14.802721,4.4506921
14.814331,4.8931337
14.825941,4.1857153
14.837551,4.1253826
14.849161,4.008568
14.860771,4.7355716
14.872381,3.7328001
14.883991,8.4007689
14.895601,12.968075
14.907211,15.300848
14.918821,14.724388
14.930431,13.26454
14.942041,13.049057
14.953651,11.469606
14.965261,10.846454
14.976871,10.3178
14.988481,8.9219089
15.000091,8.2012777
15.011701,7.9647614
15.023311,7.9037038
15.034921,8.0097914
15.046531,7.1467838
15.058141,6.5556419
15.069751,6.9452029
15.081361,5.9188551
15.092971,4.7349202
15.10458,5.5939803
15.11619,4.9018531
15.1278,4.6169644
15.13941,4.9041041
15.15102,4.8873254
15.16263,3.7757523
15.17424,3.903889
15.18585,5.0899788
15.19746,5.752949
15.20907,5.125853
15.22068,4.9389424
15.23229,5.8471846
15.2439,5.0131638
15.25551,5.0462736
15.26712,5.159741
15.27873,5.2590862
15.29034,4.6857901
15.30195,5.8060319
15.31356,7.3970252
15.32517,6.7498915
15.33678,5.747687
15.34839,6.1338982
15.36,4.7859921
15.37161,4.8516955
15.38322,4.9339234
15.39483,5.6134456
15.40644,6.1849721
15.41805,6.0649573
15.42966,6.8807202
15.44127,4.6944139
15.45288,5.6451038
15.46449,4.4092006
15.4761,5.3693836
15.48771,5.5252332
15.49932,4.8375391
15.51093,5.4617607
15.52254,4.0775186
15.53415,5.964276
15.54576,9.1316339
15.55737,10.187516
15.56898,11.963925
15.58059,10.966403
15.5922,10.811075
15.60381,10.355869
15.61542,11.275327
15.627029,9.9245905
15.638639,9.123714
15.650249,9.0831889
15.661859,7.202385
15.673469,8.0656184
15.685079,7.647963
15.696689,8.4221804
15.708299,7.224055
15.719909,7.3564849
15.731519,7.8273945
15.743129,8.3952346
15.754739,9.6581987
15.766349,9.3919191
15.777959,10.939866
15.789569,9.1781622
15.801179,12.050675
15.812789,6.9416137
15.824399,10.455448
15.836009,6.6142322
15.847619,8.371081
15.859229,8.525705
15.870839,8.5235571
15.882449,8.9567192
15.894059,7.4440294
15.905669,7.1166154
15.917279,6.6045104
15.928889,5.5539341
15.940499,5.9039619
15.952109,7.5160387
15.963719,7.9877224
15.975329,7.6912935
15.986939,8.7173688
15.998549,8.9916694
16.010159,8.6574674
16.021769,8.6866961
16.033379,7.971719
16.044989,8.1998966
16.056599,7.938437
16.068209,7.9876128
16.079819,7.341878
16.091429,7.4285666
16.103039,7.4473637
16.114649,8.9049125
16.126259,7.506149
16.137868,6.0158805
16.149478,8.7302599
16.161088,6.497728
16.172698,5.974204
16.184308,6.2092494
16.195918,5.3829874
16.207528,4.6857013
16.219138,5.0146012
16.230748,5.8649751
16.242358,6.7109293
16.253968,5.2380401
16.265578,7.1816351
16.277188,7.9092046
16.288798,6.0569851
16.300408,5.4570473
16.312018,6.762986
16.323628,5.1592904
16.335238,5.1717184
16.346848,6.7612084
16.358458,4.6765674
16.370068,5.425539
16.381678,5.6118719
16.393288,5.067958
16.404898,4.3836215
16.416508,6.3382657
16.428118,5.1504451
16.439728,5.1436947
16.451338,5.9484455
16.462948,4.6471987
16.474558,5.0544468
16.486168,6.390659
16.497778,4.8603764
16.509388,4.5400593
16.520998,5.7140489
16.532608,4.5650183
16.544218,4.6789089
16.555828,5.3044233
16.567438,7.866398
16.579048,12.236156
16.590658,10.604396
16.602268,8.6463641
16.613878,7.2427031
16.625488,8.4944767
16.637098,9.0659487
16.648707,9.2687745
16.660317,8.4687789
16.671927,8.5948082
16.683537,9.1123819
16.695147,8.2809575
16.706757,6.961043
16.718367,6.4131943
16.729977,7.2971424
16.741587,7.1891105
16.753197,5.7899488
16.764807,5.7972656
16.776417,6.977397
16.788027,6.6090624
16.799637,5.4790677
16.811247,5.1672088
16.822857,5.027579
16.834467,4.4830968
16.846077,4.4085083
16.857687,4.0397476
16.869297,4.1230568
16.880907,4.7940429
16.892517,5.1763911
16.904127,5.3361
16.915737,5.5378734
16.927347,5.6905944
16.938957,5.0076348
16.950567,4.4883027
16.962177,3.9309707
16.973787,3.5521015
16.985397,3.9359698
16.997007,3.8922358
17.008617,4.329237
17.020227,4.3740589
17.031837,4.4335208
17.043447,4.0734014
17.055057,3.7036381
17.066667,3.7316486
17.078277,3.5562287
17.089887,3.2647567
17.101497,3.2661415
17.113107,4.8133956
17.124717,4.8011768
17.136327,5.1324437
17.147937,5.0129434
17.159546,4.9301456
17.171156,6.8356392
17.182766,4.6400955
17.194376,4.8137979
17.205986,4.811915
17.217596,4.1895523
17.229206,4.3538402
17.240816,4.1315536
17.252426,3.9642256
17.264036,4.3737892
17.275646,5.8108912
17.287256,4.9831246
17.298866,3.760306
17.310476,3.1443887
17.322086,3.4742885
17.333696,3.5022487
17.345306,3.0672783
17.356916,3.1090534
17.368526,3.1023982
17.380136,3.3995298
17.391746,3.3189438
17.403356,2.5231979
17.414966,2.6120472
17.426576,3.6816648
17.438186,3.1167583
17.449796,3.2643048
17.461406,3.8723315
17.473016,2.8952677
17.484626,3.3093649
17.496236,3.8067428
17.507846,3.2054132
17.519456,3.2719024
17.531066,3.8658449
17.542676,3.4117172
17.554286,2.9171922
17.565896,3.7029614
17.577506,3.6971767
17.589116,2.8898271
17.600726,3.3382595
17.612336,3.5244207
17.623946,3.1501776
17.635556,3.1479853
17.647166,2.8929323
17.658776,3.0424044
17.670385,2.8171257
17.681995,3.025069
17.693605,2.9941753
17.705215,2.5609337
17.716825,3.1332111
17.728435,3.1943793
17.740045,3.4247268
17.751655,3.1659771
17.763265,3.4452082
17.774875,3.2669913
17.786485,2.82722
17.798095,3.1771842
17.809705,2.9185092
17.821315,3.0113076
17.832925,3.0512015
17.844535,2.6322266
17.856145,2.4340004
17.867755,3.1668252
17.879365,2.4734115
17.890975,2.4743506
17.902585,2.6407312
17.914195,2.75348
17.925805,3.0343177
17.937415,3.2621147
17.949025,5.085466
17.960635,9.0370161
17.972245,8.8124984
17.983855,9.0259964
17.995465,9.0055494
18.007075,8.2554182
18.018685,8.6669333
18.030295,8.4437612
18.041905,7.2704266
18.053515,7.3064494
18.065125,6.6432721
18.076735,6.3125568
18.088345,5.8511069
18.099955,6.6846845
18.111565,5.3029738
18.123175,5.293512
18.134785,4.0783494
18.146395,4.3205575
18.158005,4.6390591
18.169615,4.4675113
18.181224,5.0820032
18.192834,4.2823387
18.204444,5.0213308
18.216054,5.3582698
18.227664,4.8481872
18.239274,5.837863
18.250884,5.3066339
18.262494,8.3474567
18.274104,6.2693974
18.285714,9.1385533
18.297324,8.1251333
18.308934,8.8982945
18.320544,8.8049745
18.332154,7.332275
18.343764,8.1282541
18.355374,5.7810686
18.366984,8.5109639
18.378594,5.8092862
18.390204,7.9823097
18.401814,8.0578376
18.413424,11.542354
18.425034,9.9610501
18.436644,8.4280291
18.448254,7.3067231
18.459864,9.3954216
18.471474,10.800107
18.483084,9.6495414
18.494694,8.6427281
18.506304,6.8575989
18.517914,6.9811611
18.529524,6.8519364
18.541134,8.753455
18.552744,8.1462115
18.564354,7.0092903
18.575964,8.1003648
18.587574,6.5135323
18.599184,6.7471212
18.610794,6.6767638
18.622404,7.0681454
18.634014,7.2324081
18.645624,6.7706508
18.657234,8.1234895
18.668844,6.0351261
18.680454,5.9142649
18.692063,5.7992448
18.703673,5.7281675
18.715283,5.4945687
18.726893,5.6633905
18.738503,6.4693665
18.750113,6.9902557
18.761723,6.7597144
18.773333,6.1266043
18.784943,5.8856949
18.796553,7.2348898
18.808163,7.1606876
18.819773,6.0952865
18.831383,6.0626082
18.842993,7.5342693
18.854603,7.1365712
18.866213,6.4212162
18.877823,6.5524748
18.889433,6.8821731
18.901043,7.0665821
18.912653,7.5175291
18.924263,7.1856095
18.935873,6.5791379
18.947483,8.3305055
18.959093,6.7304037
18.970703,6.9176219
18.982313,8.6591987
18.993923,8.2733354
19.005533,6.7251886
19.017143,5.4414567
19.028753,7.031277
19.040363,7.679569
19.051973,5.7392134
19.063583,5.7164306
19.075193,6.7273785
19.086803,5.8438143
19.098413,4.4712394
19.110023,5.4907471
19.121633,5.9144336
19.133243,4.4033742
19.144853,5.8918827
19.156463,5.5377079
19.168073,5.1341526
19.179683,4.2964671
19.191293,5.1882797
19.202902,5.4683366
19.214512,4.2246671
19.226122,4.5317237
19.237732,5.2299671
19.249342,4.4388247
19.260952,4.2808847
19.272562,4.8626052
19.284172,4.1976977
19.295782,4.5700124
19.307392,4.3466454
19.319002,5.4141925
19.330612,3.4929177
19.342222,3.8260405
19.353832,4.4851664
19.365442,4.2426208
19.377052,4.1651639
19.388662,3.4898024
19.400272,4.9018231
19.411882,4.9155583
19.423492,5.2998279
19.435102,3.8261083
19.446712,5.4980075
19.458322,5.672077
19.469932,6.3009897
19.481542,7.6783544
19.493152,7.1641655
19.504762,7.7900426
19.516372,8.5078274
19.527982,7.0122029
19.539592,8.2195849
19.551202,6.7585425
19.562812,7.6011102
19.574422,7.7489352
19.586032,7.2463103
19.597642,7.0984004
19.609252,7.3755581
19.620862,6.3840834
19.632472,6.5719934
19.644082,5.8020539
19.655692,4.6036293
19.667302,5.259893
19.678912,5.0922645
19.690522,4.717863
19.702132,5.071553
19.713741,4.490637
19.725351,4.2104917
19.736961,4.3288398
19.748571,4.3134266
19.760181,4.4771147
19.771791,4.7428788
19.783401,4.5501619
19.795011,4.2277062
19.806621,4.1084126
19.818231,3.8754286
19.829841,3.7881369
19.841451,4.1078354
19.853061,3.6760181
19.864671,4.1248266
19.876281,3.9935564
19.887891,3.3788253
19.899501,4.3612396
19.911111,4.3406806
19.922721,3.7470941
19.934331,3.8732102
19.945941,4.6167368
19.957551,3.6719058
19.969161,5.0380523
19.980771,4.4629919
19.992381,3.4262633
20.003991,4.7624521
20.015601,4.1727525
20.027211,3.43253
20.038821,5.0918075
20.050431,3.7519737
20.062041,3.7905902
20.073651,5.3000141
20.085261,3.0417833
20.096871,4.1310749
20.108481,4.4902696
20.120091,2.9224772
20.131701,4.403661
20.143311,3.4378834
20.154921,2.8679397
20.166531,4.056319
20.178141,2.5999383
20.189751,3.2541033
20.201361,3.3991893
20.212971,2.4577944
20.22458,2.7708751
20.23619,3.1077425
20.2478,2.4787711
20.25941,2.3884871
20.27102,2.3589214
20.28263,2.5256549
20.29424,2.3796803
20.30585,2.2077665
20.31746,2.2876796
20.32907,2.4569363
20.34068,1.9459393
20.35229,2.0909167
20.3639,2.3657378
20.37551,2.1713408
20.38712,1.9095829
20.39873,2.1573177
20.41034,2.2512955
20.42195,1.8684832
20.43356,1.8421888
20.44517,2.1648008
20.45678,1.8195017
20.46839,1.9768368
20.48,2.3273069
20.49161,2.6874791
20.50322,2.3082005
20.51483,2.2155432
20.52644,2.7434166
20.53805,3.1706551
20.54966,2.8837285
20.56127,2.3572971
20.57288,2.3454763
20.58449,2.2929836
20.5961,2.5108773
20.60771,2.866138
20.61932,2.0129373
20.63093,1.7618498
20.64254,2.6051036
20.65415,2.9347264
20.66576,2.5167984
20.67737,2.4240685
20.68898,2.0935016
20.70059,2.394911
20.7122,2.5528451
20.72381,3.2405639
20.73542,3.6318689
20.747029,3.0782907
20.758639,4.0383557
20.770249,3.4393993
20.781859,4.2529345
20.793469,5.3493849
20.805079,5.0889195
20.816689,5.6039399
20.828299,6.372634
20.839909,5.9846851
20.851519,6.5489963
20.863129,6.1253383
20.874739,5.6157319
20.886349,6.1916266
20.897959,5.7356475
20.909569,5.8708128
20.921179,5.6523806
20.932789,5.5476985
20.944399,6.9772812
20.956009,6.3318255
20.967619,6.0335897
20.979229,5.073377
20.990839,7.2745796
21.002449,6.7549505
21.014059,4.2650328
21.025669,6.7713012
21.037279,4.3199822
21.048889,3.7817186
21.060499,4.5406021
21.072109,4.8850205
21.083719,3.9419768
21.095329,4.0946838
21.106939,6.5649057
21.118549,5.0928711
21.130159,4.29276
21.141769,6.108509
21.153379,6.7003323
21.164989,5.1341932
21.176599,5.0898581
21.188209,5.5946555
21.199819,4.7808973
21.211429,4.4877323
21.223039,4.1855677
21.234649,5.5891664
21.246259,6.0071948
21.257868,5.6066369
21.269478,5.5656659
21.281088,6.2667087
21.292698,6.3047324
21.304308,5.7190173
21.315918,5.5411356
21.327528,5.5004222
21.339138,5.2965245
21.350748,5.5479494
21.362358,5.2959136
21.373968,5.0736599
21.385578,5.535601
21.397188,6.1400979
21.408798,5.62483
21.420408,6.6525763
21.432018,7.5888068
21.443628,6.3001998
21.455238,6.7049206
21.466848,6.5203073
21.478458,5.1474997
21.490068,6.0252831
21.501678,6.0906068
21.513288,6.3690299
21.524898,7.2437418
21.536508,6.9923149
21.548118,6.2164458
21.559728,7.2220771
21.571338,7.0072553
21.582948,5.8905836
21.594558,5.3959
21.606168,5.1124483
21.617778,5.153658
21.629388,6.180687
21.640998,4.958338
21.652608,5.1900996
21.664218,5.4679569
21.675828,4.7984613
21.687438,4.6308966
21.699048,5.2909436
21.710658,4.6676363
21.722268,5.3005274
21.733878,5.3507185
21.745488,5.537107
21.757098,6.0248955
21.768707,6.0280834
21.780317,5.6797636
21.791927,6.1650697
21.803537,5.2416829
21.815147,6.2521793
21.826757,5.3912952
21.838367,5.3853088
21.849977,5.4975031
21.861587,6.2497357
21.873197,5.2938418
21.884807,6.942429
21.896417,5.7342022
21.908027,6.8809983
21.919637,6.1915552
21.931247,6.6236071
21.942857,6.2728267
21.954467,6.4391584
21.966077,5.160407
21.977687,6.2188845
21.989297,6.0532265
22.000907,6.1025596
22.012517,6.0701078
22.024127,5.1855696
22.035737,4.6292982
22.047347,5.0132208
22.058957,4.8159741
22.070567,4.7953131
22.082177,4.8012837
22.093787,5.7156649
22.105397,5.3651987
22.117007,4.931459
22.128617,5.4427277
22.140227,5.7546438
22.151837,4.8277674
22.163447,3.7393624
22.175057,5.1546487
22.186667,3.8110395
22.198277,3.7683578
22.209887,3.8895479
22.221497,3.439016
22.233107,4.2140747
22.244717,3.0680977
22.256327,3.617431
22.267937,4.4135776
22.279546,4.900606
22.291156,6.2249611
22.302766,6.5051705
22.314376,6.1150366
22.325986,5.5831573
22.337596,5.4641987
22.349206,5.1892257
22.360816,4.9811148
22.372426,5.2328763
22.384036,4.8470397
22.395646,5.1618165
22.407256,4.8883062
22.418866,5.0312542
22.430476,4.3163285
22.442086,4.8980344
22.453696,4.3249784
22.465306,4.4640001
22.476916,3.6400844
22.488526,4.0780442
22.500136,3.4010183
22.511746,3.4577799
22.523356,2.9466232
22.534966,3.6791472
22.546576,3.0953509
22.558186,3.3850274
22.569796,3.0875806
22.581406,3.3973519
22.593016,2.8514922
22.604626,3.7730958
22.616236,3.8757191
22.627846,4.7465122
22.639456,3.8525365
22.651066,3.5284509
22.662676,3.8567865
22.674286,4.0116639
22.685896,3.7022777
22.697506,3.7425626
22.709116,3.8004063
22.720726,3.4421408
22.732336,3.3969114
22.743946,3.8225021
22.755556,3.8736676
22.767166,2.9173758
22.778776,2.6730341
22.790385,3.1889928
22.801995,2.7028279
22.813605,2.3948869
22.825215,2.7082344
22.836825,2.5612361
22.848435,3.1696895
22.860045,3.104018
22.871655,4.0155801
22.883265,4.8747354
22.894875,4.2901641
22.906485,3.4835442
22.918095,2.6011438
22.929705,3.8454604
22.941315,3.4597326
22.952925,3.4798851
22.964535,2.8890006
22.976145,3.2585679
22.987755,3.205108
22.999365,3.6614388
23.010975,3.157493
23.022585,3.0970954
23.034195,5.0861247
23.045805,3.5425667
23.057415,3.8663261
23.069025,5.2473466
23.080635,5.5830365
23.092245,4.530621
23.103855,4.1624878
23.115465,3.4869513
23.127075,4.5621053
23.138685,4.1403779
23.150295,3.6976743
23.161905,3.9429827
23.173515,4.4370239
23.185125,4.6047671
23.196735,3.1056053
23.208345,5.1011317
23.219955,4.6632974
23.231565,5.4425825
23.243175,5.4818256
23.254785,4.2456576
23.266395,4.6397357
23.278005,4.9299144
23.289615,5.4735776
23.301224,3.9292914
23.312834,4.3754622
23.324444,4.0136207
23.336054,4.4923808
23.347664,4.0602919
23.359274,3.3830549
23.370884,3.5394767
23.382494,3.8121989
23.394104,4.1489395
23.405714,3.281964
23.417324,3.5253041
23.428934,3.86982
23.440544,2.9808246
23.452154,2.8036648
23.463764,2.7729105
23.475374,2.7894632
23.486984,2.6478166
23.498594,2.7664511
23.510204,2.4696009
23.521814,2.5225634
23.533424,3.2495963
23.545034,3.8673877
23.556644,4.4918445
23.568254,4.0283264
23.579864,4.0849778
23.591474,5.2331003
23.603084,4.2430761
23.614694,3.6512158
23.626304,4.3595534
23.637914,3.4534263
23.649524,3.240862
23.661134,3.2756148
23.672744,2.713088
23.684354,2.961123
23.695964,2.7902159
23.707574,3.0326736
23.719184,2.7845556
23.730794,2.6279089
23.742404,2.2761903
23.754014,2.6987187
23.765624,2.365265
23.777234,3.0879396
23.788844,2.7113855
23.800454,3.1497096
23.812063,2.4628599
23.823673,3.0177932
23.835283,3.2972072
23.846893,3.8345967
23.858503,3.552796
23.870113,3.8133631
23.881723,3.6800934
23.893333,3.7366036
23.904943,3.2191872
23.916553,3.3423564
23.928163,2.7316232
23.939773,2.6737896
23.951383,2.4740473
23.962993,2.5084695
23.974603,2.4006181
23.986213,2.5324985
23.997823,2.4394433
24.009433,2.4485437
24.021043,2.4869341
24.032653,2.3756803
24.044263,2.1944565
24.055873,2.2420667
24.067483,2.3421081
24.079093,2.2193578
24.090703,2.192052
24.102313,2.1658175
24.113923,2.1727652
24.125533,1.9272815
24.137143,2.10213
24.148753,2.1477386
24.160363,2.07614
24.171973,1.9788443
24.183583,2.1804979
24.195193,2.0373935
24.206803,1.8071323
24.218413,2.020825
24.230023,2.1310199
24.241633,2.0138334
24.253243,1.8475272
24.264853,2.1559252
24.276463,1.9519414
24.288073,1.7735477
24.299683,1.9021158
24.311293,2.0631106
24.322902,1.7242195
24.334512,1.656827
24.346122,1.9092037
24.357732,1.7843013
24.369342,1.5259047
24.380952,1.8264997
24.392562,1.7132657
24.404172,1.6761369
24.415782,1.6877117
24.427392,1.8675562
24.439002,2.0597304
24.450612,1.8395525
24.462222,1.3707254
24.473832,2.2454583
24.485442,2.0888384
24.497052,1.8744658
24.508662,1.7523622
24.520272,1.6550476
24.531882,1.5310404
24.543492,1.9350816
24.555102,1.8422548
24.566712,1.649314
24.578322,1.6502112
24.589932,1.9562414
24.601542,2.0705854
24.613152,1.6251282
24.624762,1.6058782
24.636372,1.7562271
24.647982,1.9437726
24.659592,1.826251
24.671202,2.1325588
24.682812,1.2266322
24.694422,1.3160164
24.706032,1.7626803
24.717642,2.2475291
24.729252,1.7436933
24.740862,1.8971452
24.752472,1.1690577
24.764082,1.846409
24.775692,1.7621476
24.787302,1.9470217
24.798912,1.0201593
24.810522,1.7603447
24.822132,1.413663
24.833741,2.153167
24.845351,1.6167267
24.856961,1.3585572
24.868571,0.96371234
24.880181,1.9838583
24.891791,1.705146
24.903401,1.963022
24.915011,1.3133995
24.926621,1.3198209
24.938231,1.1780343
24.949841,1.7764205
24.961451,1.4896479
24.973061,1.4749003
24.984671,1.0807242
24.996281,1.7322916
25.007891,1.6720015
25.019501,1.4272289
25.031111,1.0707942
25.042721,1.3551246
25.054331,1.2601294
25.065941,1.6775004
25.077551,1.6284809
25.089161,1.0897786
25.100771,1.0609051
25.112381,1.2844153
25.123991,1.3629415
25.135601,1.1826313
25.147211,1.4602121
25.158821,1.6864999
25.170431,2.4154354
25.182041,2.4150693
25.193651,2.6467381
25.205261,2.3049957
25.216871,2.4588812
25.228481,2.3648019
25.240091,2.2099195
25.251701,1.7734033
25.263311,1.8851088
25.274921,2.1630484
25.286531,2.1281158
25.298141,1.8098898
25.309751,1.95307
25.321361,2.0123095
25.332971,1.8721396
25.34458,1.9265516
25.35619,1.8236705
25.3678,1.7177499
25.37941,1.6536358
25.39102,1.8029664
25.40263,2.0749861
25.41424,1.9763332
25.42585,1.858889
25.43746,1.9213996
25.44907,1.9060681
25.46068,1.8358383
25.47229,1.8762235
25.4839,1.8283808
25.49551,1.7850959
25.50712,1.7159839
25.51873,1.781035
25.53034,1.8707737
25.54195,1.8402528
25.55356,1.8386055
25.56517,1.8187303
25.57678,1.87837
25.58839,1.8042831
25.6,1.7442863
25.61161,1.6826801
25.62322,1.6835655
25.63483,1.7209532
25.64644,1.7105524
25.65805,1.7046828
25.66966,1.6497444
25.68127,1.598942
25.69288,1.6073635
25.70449,1.5807412
25.7161,1.6302367
25.72771,1.6037949
25.73932,1.5297048
25.75093,1.5561534
25.76254,1.5836383
25.77415,1.6872967
25.78576,1.6158744
25.79737,1.3338398
25.80898,1.555486
25.82059,1.7725565
25.8322,1.4480128
25.84381,1.8236452
25.85542,2.5267591
25.867029,2.4420906
25.878639,2.3434606
25.890249,2.0963901
25.901859,2.1732155
25.913469,2.1020549
25.925079,1.8604942
25.936689,2.104196
25.948299,2.0397933
25.959909,2.3715638
25.971519,1.9949916
25.983129,2.1909813
25.994739,1.7148601
26.006349,2.1758192
26.017959,1.8595218
26.029569,2.2755544
26.041179,1.7964288
26.052789,2.1381585
26.064399,1.7811791
26.076009,2.0943636
26.087619,1.5641377
26.099229,1.913344
26.110839,1.5234663
26.122449,1.7389247
26.134059,1.5997475
26.145669,1.8635185
26.157279,1.386636
26.168889,1.4883558
26.180499,1.5972305
26.192109,1.7430962
26.203719,1.4118263
26.215329,1.2670877
26.226939,1.4876766
26.238549,1.6069543
26.250159,1.6090372
26.261769,1.5060882
26.273379,1.5965804
26.284989,1.5659552
26.296599,1.6159209
26.308209,1.618358
26.319819,1.7636215
26.331429,1.4405764
26.343039,1.6527238
26.354649,1.4083575
26.366259,1.7185277
26.377868,1.491882
26.389478,1.6338576
26.401088,1.1629251
26.412698,1.5111719
26.424308,1.4025705
26.435918,1.6855226
26.447528,1.3052195
26.459138,1.415854
26.470748,1.0926488
26.482358,1.9566101
26.493968,2.0653707
26.505578,2.2370836
26.517188,1.9434939
26.528798,1.8292962
26.540408,2.0507982
26.552018,1.9838104
26.563628,2.0494866
26.575238,1.5983718
26.586848,1.1586164
26.598458,1.9656905
26.610068,1.586088
26.621678,1.4564106
26.633288,1.4345073
26.644898,1.7880486
26.656508,1.8394972
26.668118,1.54843
26.679728,1.4016359
26.691338,1.6661164
26.702948,1.5249106
26.714558,1.5080553
26.726168,1.3212817
26.737778,1.6860717
26.749388,1.3259337
26.760998,1.6956315
26.772608,3.42127
26.784218,2.4761288
26.795828,2.7450733
26.807438,3.0719746
26.819048,3.0626868
26.830658,3.1474973
26.842268,2.3754017
26.853878,3.5142333
26.865488,3.0542669
26.877098,3.7842096
26.888707,2.7214248
26.900317,3.6485073
26.911927,3.1153512
26.923537,3.4193294
26.935147,3.3660367
26.946757,3.493313
26.958367,3.263999
26.969977,3.6379573
26.981587,3.5373505
26.993197,3.105491
27.004807,4.2051876
27.016417,3.1413073
27.028027,3.9686905
27.039637,2.4829407
27.051247,4.2646623
27.062857,3.2785709
27.074467,3.4726993
27.086077,3.7847142
27.097687,2.6371647
27.109297,3.205715
27.120907,3.5039569
27.132517,3.8306702
27.144127,2.3228391
27.155737,4.0744719
27.167347,3.0970699
27.178957,3.1440999
27.190567,2.0620102
27.202177,4.4590362
27.213787,3.5111905
27.225397,2.6577995
27.237007,2.498696
27.248617,3.6056507
27.260227,3.8807419
27.271837,3.5072089
27.283447,4.9588022
27.295057,3.8678925
27.306667,3.5546074
27.318277,4.1887169
27.329887,3.5452926
27.341497,3.8359751
27.353107,2.8721618
27.364717,4.1399419
27.376327,4.4491826
27.387937,4.1671571
27.399546,4.3347612
27.411156,4.698019
27.422766,2.6210564
27.434376,4.7796712
27.445986,4.6210772
27.457596,3.2919272
27.469206,3.3690942
27.480816,3.7973546
27.492426,4.4901068
27.504036,4.0551124
27.515646,3.9758294
27.527256,3.1928279
27.538866,2.5373397
27.550476,5.0957685
27.562086,5.1673884
27.573696,3.605985
27.585306,4.4904216
27.596916,3.532346
27.608526,3.2301394
27.620136,4.4095078
27.631746,2.2581834
27.643356,2.5371325
27.654966,3.5800384
27.666576,2.8754335
27.678186,2.6848214
27.689796,3.9256333
27.701406,5.2429329
27.713016,4.2593736
27.724626,4.9008097
27.736236,6.3993491
27.747846,4.804582
27.759456,5.1157122
27.771066,5.6439496
27.782676,3.5527764
27.794286,3.6102541
27.805896,4.1649355
27.817506,3.6827806
27.829116,3.2723949
27.840726,3.4031328
27.852336,2.7105544
27.863946,2.7962249
27.875556,3.0489171
27.887166,1.9724589
27.898776,2.4270191
27.910385,2.4714893
27.921995,2.3923398
27.933605,2.1412192
27.945215,2.5011091
27.956825,1.9192037
27.968435,1.9325419
27.980045,1.8729011
27.991655,1.7936367
28.003265,1.5747469
28.014875,2.2055699
28.026485,2.1660305
28.038095,1.8402047
28.049705,2.5092439
28.061315,2.1860718
28.072925,1.9777462
28.084535,2.1318282
28.096145,1.8501799
28.107755,1.7207102
28.119365,3.6423489
28.130975,3.8134976
28.142585,5.1933192
28.154195,5.5900501
28.165805,5.7924678
28.177415,6.7838657
28.189025,6.1175377
28.200635,6.3736752
28.212245,5.050833
28.223855,5.4972149
28.235465,4.4607355
28.247075,5.7270698
28.258685,5.4403017
28.270295,5.0026657
28.281905,4.7356469
28.293515,3.7580171
28.305125,4.3265902
28.316735,3.5689683
28.328345,4.9472635
28.339955,5.1194067
28.351565,5.5890755
28.363175,5.2608846
28.374785,4.7556778
28.386395,5.4947918
28.398005,4.8708056
28.409615,5.4235759
28.421224,4.7498255
28.432834,5.1642217
28.444444,4.5396123
28.456054,4.7564883
28.467664,4.4453056
28.479274,4.0899359
28.490884,4.2933175
28.502494,3.4177217
28.514104,4.2846232
28.525714,3.7211654
28.537324,4.2056277
28.548934,3.9042076
28.560544,3.9070198
28.572154,4.2594591
28.583764,3.4893317
28.595374,3.8090585
28.606984,3.1242477
28.618594,3.1431534
28.630204,3.5622222
28.641814,2.7122307
28.653424,2.469366
28.665034,3.2847649
28.676644,4.9084965
28.688254,4.9028308
28.699864,5.3975492
28.711474,5.4694515
28.723084,5.5442029
28.734694,5.927961
28.746304,5.4942173
28.757914,5.0514867
28.769524,5.6637737
28.781134,5.2435105
28.792744,5.4825672
28.804354,4.9781642
28.815964,5.0755727
28.827574,5.1059423
28.839184,4.597769
28.850794,4.1776641
28.862404,3.8922841
28.874014,3.5818158
28.885624,3.5600799
28.897234,3.6130534
28.908844,3.5007314
28.920454,3.2069023
28.932063,3.125505
28.943673,2.7560695
28.955283,2.9289335
28.966893,3.0745256
28.978503,2.9224047
28.990113,3.1236562
29.001723,2.9660759
29.013333,2.58434
29.024943,2.6629468
29.036553,2.5570058
29.048163,2.670096
29.059773,2.8426981
29.071383,2.7714357
29.082993,2.7703407
29.094603,2.6869787
29.106213,2.8421815
29.117823,3.2468406
29.129433,2.8840187
29.141043,4.1081289
29.152653,3.8388798
29.164263,3.9784113
29.175873,4.1359432
29.187483,3.8002582
29.199093,3.7184272
29.210703,3.1991815
29.222313,3.1737463
29.233923,2.4091816
29.245533,3.0520909
29.257143,3.0602515
29.268753,3.7309641
29.280363,4.3638739
29.291973,4.7987325
29.303583,4.9501087
29.315193,6.4604577
29.326803,4.9435019
29.338413,5.8958813
29.350023,5.4398993
29.361633,3.8426564
29.373243,3.2614365
29.384853,4.1349829
29.396463,2.8910894
29.408073,3.4218524
29.419683,4.9225926
29.431293,5.2397765
29.442902,4.4115106
29.454512,8.3818803
29.466122,10.604933
29.477732,8.5799994
29.489342,6.6181577
29.500952,6.2452709
29.512562,7.8580245
29.524172,9.3383106
29.535782,8.0710623
29.547392,7.232242
29.559002,7.7601709
29.570612,7.9295277
29.582222,6.6106121
29.593832,6.7543325
29.605442,5.316928
29.617052,5.8039598
29.628662,8.6789067
29.640272,7.7297152
29.651882,9.3594106
29.663492,8.6034284
29.675102,7.3787736
29.686712,6.272128
29.698322,6.8741646
29.709932,6.5040723
29.721542,6.8108902
29.733152,5.3133607
29.744762,4.8040227
29.756372,4.6157311
29.767982,4.0352697
29.779592,3.6830276
29.791202,4.2172994
29.802812,3.9717762
29.814422,4.5260846
29.826032,5.3097688
29.837642,7.8798364
29.849252,6.5064706
29.860862,8.182219
29.872472,5.5929523
29.884082,7.6485474
29.895692,6.5551575
29.907302,6.3766064
29.918912,3.8452565
29.930522,4.6710461
29.942132,3.711886
29.953741,3.4396753
29.965351,3.4317511
29.976961,3.3119816
29.988571,4.5970436
30.000181,4.0327428
30.011791,5.08531
30.023401,7.418496
30.035011,6.2995295
30.046621,7.8358811
30.058231,6.9939385
30.069841,7.2022261
30.081451,6.1750801
30.093061,7.2106319
30.104671,6.3464193
30.116281,6.6439036
30.127891,10.180736
30.139501,7.348059
30.151111,9.9454082
30.162721,9.6691749
30.174331,9.3547432
30.185941,8.7818146
30.197551,7.5375898
30.209161,7.3625573
30.220771,7.5475744
30.232381,7.4548024
30.243991,6.8332213
30.255601,7.3723798
30.267211,5.9994557
30.278821,6.8377167
30.290431,5.6566201
30.302041,6.6177223
30.313651,7.1607462
30.325261,6.6571906
30.336871,7.9039569
30.348481,6.4368895
30.360091,6.7852087
30.371701,7.5533572
30.383311,6.4494586
30.394921,7.3422763
30.406531,6.5130721
30.418141,6.6686465
30.429751,6.5157917
30.441361,5.8858478
30.452971,5.7044563
30.46458,5.5145707
30.47619,4.8522164
30.4878,4.7740243
30.49941,4.6891895
30.51102,4.5290542
30.52263,5.0852659
30.53424,4.7279837
30.54585,5.2856048
30.55746,4.9744853
30.56907,4.8921573
30.58068,4.5570922
30.59229,4.6071914
30.6039,4.1413505
30.61551,4.6761581
30.62712,3.8617476
30.63873,4.400607
30.65034,3.7526047
30.66195,4.3699554
30.67356,3.8406997
30.68517,4.1259188
30.69678,3.8959359
30.70839,3.9265618
30.72,3.8012491
30.73161,3.4047799
30.74322,3.6269307
30.75483,3.5096106
30.76644,3.4856148
30.77805,6.7658964
30.78966,14.850894
30.80127,16.508796
30.81288,16.730813
30.82449,15.399018
30.8361,14.663625
30.84771,14.063173
30.85932,12.770719
30.87093,11.777792
30.88254,11.379171
30.89415,10.379876
30.90576,9.7107072
30.91737,9.8930036
30.92898,8.9862083
30.94059,8.6147488
30.9522,7.7010094
30.96381,7.7893508
30.97542,7.1588566
30.987029,5.98383
30.998639,6.4455338
31.010249,6.2872582
31.021859,4.7449361
31.033469,4.6239845
31.045079,4.5103948
31.056689,3.4915556
31.068299,3.1681361
31.079909,3.2295193
31.091519,3.038925
31.103129,3.4529261
31.114739,3.5954202
31.126349,3.9385984
31.137959,3.2123195
31.149569,3.2108039
31.161179,3.1007632
31.172789,3.4667268
31.184399,3.2828262
31.196009,3.3668554
31.207619,4.3639439
31.219229,4.0965638
31.230839,4.2913297
31.242449,3.9359844
31.254059,4.0333316
31.265669,3.5435451
31.277279,3.724283
31.288889,3.5771516
31.300499,3.9903743
31.312109,3.8001004
31.323719,3.8723948
31.335329,3.8590347
31.346939,3.2701016
31.358549,2.8736737
31.370159,3.1791911
31.381769,2.8978341
31.393379,2.6472458
31.404989,3.0976932
31.416599,2.9396415
31.428209,3.067173
31.439819,3.0278801
31.451429,2.6677019
31.463039,2.8741914
31.474649,2.8607355
31.486259,2.7650585
31.497868,2.5394419
31.509478,2.8099802
31.521088,2.9246112
31.532698,3.0476062
31.544308,3.11857
31.555918,3.0475949
31.567528,3.1522512
31.579138,3.3207304
31.590748,3.2614053
31.602358,3.2078426
31.613968,3.1419523
31.625578,3.2318115
31.637188,3.3801866
31.648798,3.4403301
31.660408,3.1253014
31.672018,3.6658924
31.683628,7.3143617
31.695238,8.1574903
31.706848,8.3962134
31.718458,7.9778041
31.730068,7.9536674
31.741678,7.5445298
31.753288,6.9334023
31.764898,6.5193106
31.776508,6.0859157
31.788118,5.763469
31.799728,5.5105548
31.811338,5.3536457
31.822948,4.858849
31.834558,4.2955138
31.846168,4.1943983
31.857778,4.1733126
31.869388,3.749983
31.880998,3.0436364
31.892608,3.253781
31.904218,2.953351
31.915828,2.4776721
31.927438,2.7250084
31.939048,2.6353582
31.950658,2.2632711
31.962268,2.50539
31.973878,2.6078356
31.985488,2.2472397
31.997098,1.7382659
32.008707,2.0776645
32.020317,2.0709829
32.031927,2.2227188
32.043537,2.1227829
32.055147,2.0962042
32.066757,2.1336288
32.078367,1.5814159
32.089977,1.7962747
32.101587,1.7794168
32.113197,1.806247
32.124807,1.6813719
32.136417,1.4055447
32.148027,1.506665
32.159637,1.5022431
32.171247,1.5972287
32.182857,1.7090673
32.194467,1.5881707
32.206077,1.4934772
32.217687,1.6305407
32.229297,1.7377237
32.240907,1.6192125
32.252517,1.2989172
32.264127,1.3645312
32.275737,1.2048455
32.287347,1.2508681
32.298957,1.3067366
32.310567,1.3875306
32.322177,1.3821749
32.333787,1.2665868
32.345397,1.2651424
32.357007,1.5267169
32.368617,1.6229947
32.380227,1.3505551
32.391837,1.1316574
32.403447,1.2936457
32.415057,1.370602
32.426667,1.6557322
32.438277,1.6688561
32.449887,2.4508114
32.461497,1.7497904
32.473107,1.6368074
32.484717,1.8281515
32.496327,1.5570941
32.507937,1.8435009
32.519546,2.0023509
32.531156,2.220741
32.542766,2.2644468
32.554376,1.544982
32.565986,1.7853558
32.577596,2.2281794
32.589206,1.4375826
32.600816,2.2604231
32.612426,1.7533999
32.624036,1.9208742
32.635646,1.1559259
32.647256,1.574392
32.658866,1.6946841
32.670476,1.703135
32.682086,2.0892963
32.693696,1.531386
32.705306,1.7514406
32.716916,1.2987438
32.728526,1.3982371
32.740136,1.5068917
32.751746,1.5138071
32.763356,2.3734768
32.774966,1.6919312
32.786576,2.09002
32.798186,2.013678
32.809796,1.5945492
32.821406,1.4885761
32.833016,1.5277463
32.844626,1.8773534
32.856236,2.267434
32.867846,2.1740208
32.879456,2.3931014
32.891066,1.6985353
32.902676,1.4035396
32.914286,1.6362712
32.925896,1.9605278
32.937506,2.1310116
32.949116,2.0806543
32.960726,2.1294727
32.972336,2.0469258
32.983946,1.9787931
32.995556,2.1752461
33.007166,1.6646724
33.018776,1.6291065
33.030385,1.9347733
33.041995,3.6026777
33.053605,2.7679757
33.065215,4.0926409
33.076825,2.88836
33.088435,2.0405902
33.100045,1.8400714
33.111655,2.1368288
33.123265,1.6252512
33.134875,2.6530523
33.146485,2.8526508
33.158095,3.3308427
33.169705,3.6796521
33.181315,3.510452
33.192925,2.7260989
33.204535,2.5085779
33.216145,2.3177502
33.227755,2.1038488
33.239365,3.02206
33.250975,4.2488714
33.262585,4.579172
33.274195,4.6665975
33.285805,5.0108838
33.297415,4.3541627
33.309025,4.3907437
33.320635,4.5575793
33.332245,4.1557261
33.343855,3.9974345
33.355465,3.9748392
33.367075,3.5171308
33.378685,3.9779594
33.390295,4.0119295
33.401905,3.4057472
33.413515,2.5662093
33.425125,2.0139075
33.436735,2.5816678
33.448345,1.8706854
33.459955,2.3882641
33.471565,1.9757941
33.483175,3.0891651
33.494785,4.6347784
33.506395,4.5545176
33.518005,5.2636719
33.529615,4.8802401
33.541224,4.9439385
33.552834,5.1808007
33.564444,4.9316176
33.576054,4.6943061
33.587664,4.3446273
33.599274,4.5522144
33.610884,3.9443418
33.622494,4.0929902
33.634104,3.6518148
33.645714,2.9449146
33.657324,4.1438975
33.668934,4.3407752
33.680544,4.3786903
33.692154,5.6838545
33.703764,4.603099
33.715374,5.7970753
33.726984,3.7681558
33.738594,5.407144
33.750204,3.1171506
33.761814,5.3028456
33.773424,4.1986085
33.785034,4.4221675
33.796644,4.1330954
33.808254,4.0527434
33.819864,5.1012552
33.831474,3.3030517
33.843084,4.4379657
33.854694,4.8330787
33.866304,4.8147605
33.877914,5.8095768
33.889524,4.1627345
33.901134,4.3236127
33.912744,2.8260315
33.924354,3.7840049
33.935964,4.1586402
33.947574,4.9874239
33.959184,4.9152813
33.970794,3.5398958
33.982404,4.2531542
33.994014,3.1796457
34.005624,3.7736348
34.017234,4.2179566
34.028844,5.7884366
34.040454,5.7781405
34.052063,5.634623
34.063673,6.0187764
34.075283,6.0642182
34.086893,6.3330772
34.098503,6.1732123
34.110113,5.7413539
34.121723,6.0094436
34.133333,5.9933755
34.144943,5.8177654
34.156553,5.9282175
34.168163,5.5472343
34.179773,5.5194216
34.191383,6.5600643
34.202993,5.992991
34.214603,5.153566
34.226213,5.7000966
34.237823,6.2070342
34.249433,6.3123131
34.261043,7.4650235
34.272653,6.5017964
34.284263,6.5515676
34.295873,7.7530873
34.307483,8.3382882
34.319093,8.7763991
34.330703,8.4805118
34.342313,6.0047268
34.353923,9.0576602
34.365533,8.2008252
34.377143,5.7650432
34.388753,8.1093783
34.400363,5.846092
34.411973,4.9859444
34.423583,6.5626639
34.435193,7.2991553
34.446803,5.3156839
34.458413,5.4213374
34.470023,7.2846648
34.481633,4.6810137
34.493243,5.7006893
34.504853,5.4761486
34.516463,5.2462711
34.528073,4.7433919
34.539683,5.0228832
34.551293,4.8112604
34.562902,3.5773695
34.574512,5.603997
34.586122,5.8330714
34.597732,3.6645993
34.609342,5.2611531
34.620952,6.0872062
34.632562,3.2441678
34.644172,5.3914233
34.655782,5.40254
34.667392,3.9363088
34.679002,5.0900188
34.690612,5.1823923
34.702222,4.0070763
34.713832,3.9589033
34.725442,5.3820136
34.737052,3.7698909
34.748662,4.2259457
34.760272,4.110386
34.771882,3.0962499
34.783492,3.4736787
34.795102,3.8584759
34.806712,2.6292712
34.818322,3.5331839
34.829932,3.3603417
34.841542,3.22736
34.853152,3.1181998
34.864762,3.5160124
34.876372,3.4716194
34.887982,3.3415419
34.899592,3.3718257
34.911202,3.6628356
34.922812,4.0567897
34.934422,4.2058463
34.946032,4.212851
34.957642,3.7005729
34.969252,4.0240959
34.980862,3.8872186
34.992472,4.1842652
35.004082,4.0968298
35.015692,4.0606816
35.027302,3.9627176
35.038912,4.1506404
35.050522,3.973894
35.062132,4.2144496
35.073741,4.1403587
35.085351,4.0286699
35.096961,3.8480234
35.108571,3.7591116
35.120181,3.643982
35.131791,3.543402
35.143401,3.6042084
35.155011,2.9544428
35.166621,3.2464235
35.178231,2.6719191
35.189841,2.9902908
35.201451,2.6647669
35.213061,2.7793322
35.224671,2.5480348
35.236281,2.4535119
35.247891,2.6245124
35.259501,1.9146513
35.271111,2.1024835
35.282721,2.520368
35.294331,2.0394708
35.305941,1.6311418
35.317551,2.0154578
35.329161,2.4635114
35.340771,1.5881102
35.352381,3.2211552
35.363991,6.0509835
35.375601,6.5362294
35.387211,6.544838
35.398821,7.0520959
35.410431,5.9787436
35.422041,6.3541037
35.433651,6.2250369
35.445261,5.5795922
35.456871,5.4097774
35.468481,5.1652175
35.480091,4.5217357
35.491701,4.6511695
35.503311,4.8253488
35.514921,4.6707334
35.526531,3.6765112
35.538141,3.663929
35.549751,3.2075904
35.561361,3.1354958
35.572971,3.6077492
35.58458,5.2334191
35.59619,6.9065274
35.6078,7.4000092
35.61941,7.1829541
35.63102,7.4560023
35.64263,6.2318807
35.65424,6.6308774
35.66585,5.7846104
35.67746,5.3524333
35.68907,5.3317964
35.70068,4.9226534
35.71229,4.5146861
35.7239,5.5201735
35.73551,5.3880042
35.74712,6.0017756
35.75873,5.6553714
35.77034,5.9697079
35.78195,6.0102286
35.79356,6.597727
35.80517,5.1457648
35.81678,6.3435559
35.82839,3.9197885
35.84,6.0875983
35.85161,3.0244045
35.86322,5.7954394
35.87483,2.9626243
35.88644,2.5673836
35.89805,3.0954553
35.90966,3.092361
35.92127,3.2558385
35.93288,4.4946435
35.94449,5.6868951
35.9561,6.5595893
35.96771,6.5728298
35.97932,6.9600711
35.99093,6.0198825
36.00254,6.7518021
36.01415,5.3187148
36.02576,6.2778135
36.03737,5.2472435
36.04898,6.0370777
36.06059,8.1929513
36.0722,7.9919336
36.08381,7.4842827
36.09542,6.0845453
36.107029,5.2286614
36.118639,5.343549
36.130249,6.3371967
36.141859,7.3379363
36.153469,7.1917393
36.165079,6.4017117
36.176689,5.6495359
36.188299,4.1852007
36.199909,5.1308783
36.211519,5.3813243
36.223129,5.5637669
36.234739,6.1028846
36.246349,8.0810259
36.257959,5.9172987
36.269569,6.5479309
36.281179,7.0841043
36.292789,7.3330815
36.304399,7.6983354
36.316009,6.6545105
36.327619,6.3253106
36.339229,6.694226
36.350839,6.1285492
36.362449,6.4431726
36.374059,5.7088263
36.385669,4.6675677
36.397279,4.68229
36.408889,5.2102755
36.420499,5.06316
36.432109,4.7910209
36.443719,5.1051963
36.455329,4.8765812
36.466939,4.5766878
36.478549,4.44186
36.490159,4.3052469
36.501769,4.1157106
36.513379,4.2093131
36.524989,4.4973322
36.536599,3.749833
36.548209,3.9398983
36.559819,3.5984616
36.571429,4.6492487
36.583039,4.3146203
36.594649,3.8903638
36.606259,4.4143328
36.617868,4.7830817
36.629478,4.0985196
36.641088,3.8550789
36.652698,4.3902665
36.664308,3.8351568
36.675918,3.4932878
36.687528,3.4661756
36.699138,3.9640198
36.710748,3.6503625
36.722358,3.2351991
36.733968,3.6976464
36.745578,4.1847603
36.757188,3.5457504
36.768798,3.6008074
36.780408,4.6819292
36.792018,5.4478957
36.803628,4.3250305
36.815238,4.0749276
36.826848,4.5525584
36.838458,4.3450095
36.850068,2.881345
36.861678,2.6415816
36.873288,2.5574841
36.884898,2.8727783
36.896508,3.2445132
36.908118,3.7777897
36.919728,2.6587167
36.931338,3.0961593
36.942948,3.1978757
36.954558,3.3915221
36.966168,2.8027743
36.977778,3.8629614
36.989388,3.4205769
37.000998,4.1997977
37.012608,4.2230566
37.024218,2.8694615
37.035828,4.7858466
37.047438,6.1713254
37.059048,4.7749083
37.070658,6.4262804
37.082268,6.8443492
37.093878,5.3272677
37.105488,6.834075
37.117098,6.4193081
37.128707,5.3386073
37.140317,6.5772857
37.151927,5.8517153
37.163537,5.2222325
37.175147,6.3052881
37.186757,5.2610108
37.198367,4.9070266
37.209977,5.743455
37.221587,3.9393294
37.233197,4.1802756
37.244807,4.546534
37.256417,4.3254037
37.268027,4.3255391
37.279637,4.2016505
37.291247,3.572538
37.302857,3.0254147
37.314467,3.2669341
37.326077,2.7556427
37.337687,3.4891662
37.349297,4.5299419
37.360907,4.5302655
37.372517,4.1579171
37.384127,4.1399359
37.395737,4.1563838
37.407347,3.8936464
37.418957,4.120413
37.430567,3.8084515
37.442177,4.0600811
37.453787,3.7839886
37.465397,3.9874202
37.477007,4.097208
37.488617,3.6326215
37.500227,4.0655291
37.511837,3.6411512
37.523447,3.8956324
37.535057,3.2733687
37.546667,3.713131
37.558277,2.7711205
37.569887,3.0671557
37.581497,2.8150688
37.593107,2.3003197
37.604717,2.9858817
37.616327,2.3459142
37.627937,2.4341645
37.639546,2.3395471
37.651156,2.5266175
37.662766,2.2569218
37.674376,2.4696975
37.685986,2.2143627
37.697596,2.119346
37.709206,2.0494063
37.720816,2.0263838
37.732426,2.1650205
37.744036,2.0271729
37.755646,1.8243738
37.767256,1.8586566
37.778866,2.0786474
37.790476,2.0710274
37.802086,1.8870457
37.813696,2.0941109
37.825306,2.8192682
37.836916,3.5718054
37.848526,3.7839529
37.860136,3.5445099
37.871746,3.5342641
37.883356,3.9417595
37.894966,3.9307809
37.906576,3.2345849
37.918186,3.5398322
37.929796,3.889238
37.941406,2.3746215
37.953016,3.3807811
37.964626,3.4564329
37.976236,2.8207771
37.987846,3.1581098
37.999456,4.7500902
38.011066,4.4499051
38.022676,4.8188472
38.034286,4.3643747
38.045896,4.6525256
38.057506,3.5183814
38.069116,5.0056706
38.080726,4.2291694
38.092336,5.6461043
38.103946,5.3281291
38.115556,4.8894395
38.127166,4.652447
38.138776,3.5846009
38.150385,4.834848
38.161995,5.086643
38.173605,5.2448295
38.185215,5.0217761
38.196825,5.5838399
38.208435,4.3695592
38.220045,5.8100332
38.231655,4.4992133
38.243265,3.7896616
38.254875,4.7750826
38.266485,4.5130477
38.278095,3.8761927
38.289705,3.8778077
38.301315,5.3328089
38.312925,4.5768337
38.324535,4.343964
38.336145,3.2965474
38.347755,4.6126156
38.359365,4.8629138
38.370975,4.310326
38.382585,5.7660385
38.394195,4.0610052
38.405805,4.8202625
38.417415,5.0963387
38.429025,4.7476105
38.440635,5.6466132
38.452245,2.656914
38.463855,4.6276108
38.475465,2.5591551
38.487075,3.5847135
38.498685,4.4801672
38.510295,2.765435
38.521905,4.5059548
38.533515,4.8182082
38.545125,3.7140993
38.556735,2.5398855
38.568345,7.8376916
38.579955,8.5723816
38.591565,7.3761284
38.603175,6.5719466
38.614785,4.9427484
38.626395,6.2373997
38.638005,7.4623268
38.649615,6.3038174
38.661224,4.798819
38.672834,5.2914348
38.684444,5.9740005
38.696054,6.1451064
38.707664,4.5985058
38.719274,3.6629005
38.730884,5.0769082
38.742494,3.7152004
38.754104,4.4812355
38.765714,5.2761712
38.777324,3.1273458
38.788934,4.4363092
38.800544,4.8852134
38.812154,4.065415
38.823764,6.2656037
38.835374,6.567383
38.846984,3.9937314
38.858594,5.4747758
38.870204,5.0765784
38.881814,3.6369686
38.893424,4.3665187
38.905034,4.1113463
38.916644,4.1384894
38.928254,3.643873
38.939864,3.4208399
38.951474,3.205449
38.963084,3.0847478
38.974694,2.432358
38.986304,2.4571759
38.997914,2.0828042
39.009524,2.8566153
39.021134,3.0084208
39.032744,2.8458095
39.044354,3.3524617
39.055964,2.7576132
39.067574,1.6572577
39.079184,2.8275203
39.090794,2.1680697
39.102404,1.9171911
39.114014,2.9684886
39.125624,2.2662616
39.137234,2.6010738
39.148844,3.1756331
39.160454,2.222982
39.172063,2.6678928
39.183673,2.6020641
39.195283,1.9649325
39.206893,2.3138108
39.218503,2.2291189
39.230113,1.5970872
39.241723,2.404674
39.253333,1.7510687
39.264943,1.7894051
39.276553,2.6955778
39.288163,3.9042061
39.299773,5.1614884
39.311383,6.4188977
39.322993,6.630787
39.334603,7.4249142
39.346213,7.8551458
39.357823,7.0114212
39.369433,6.7475975
39.381043,6.4562551
39.392653,6.3582902
39.404263,6.4620223
39.415873,6.9541514
39.427483,6.5557891
39.439093,6.1133034
39.450703,6.0718345
39.462313,5.6384057
39.473923,5.8858477
39.485533,5.5161653
39.497143,6.5684745
39.508753,6.3714504
39.520363,6.3714285
39.531973,6.2208509
39.543583,5.8692308
39.555193,6.6027082
39.566803,5.9887421
39.578413,6.2889496
39.590023,5.75469
39.601633,5.5765452
39.613243,5.2726644
39.624853,4.6296717
39.636463,4.9690599
39.648073,4.2770236
39.659683,4.6590446
39.671293,4.2499899
39.682902,4.5585383
39.694512,4.2349939
39.706122,4.2392101
39.717732,4.4600709
39.729342,4.1426895
39.740952,4.6345387
39.752562,4.0561007
39.764172,4.3831881
39.775782,3.8209457
39.787392,4.3182055
39.799002,4.6206976
39.810612,4.4421751
39.822222,4.6736711
39.833832,4.5475708
39.845442,4.6519223
39.857052,4.9725204
39.868662,5.5410071
39.880272,5.9695307
39.891882,6.729605
39.903492,6.7104488
39.915102,6.8791173
39.926712,6.9605363
39.938322,6.7916492
39.949932,6.6993627
39.961542,6.9380098
39.973152,6.8294665
39.984762,6.6733929
39.996372,6.4665591
40.007982,6.3942836
40.019592,5.8934511
40.031202,5.3831068
40.042812,4.8281581
40.054422,4.5105531
40.066032,4.3076682
40.077642,4.2883202
40.089252,4.1571336
40.100862,3.9616056
40.112472,4.0816725
40.124082,3.9113427
40.135692,3.942147
40.147302,4.1285724
40.158912,4.1426432
40.170522,4.1656903
40.182132,4.0020489
40.193741,3.4178901
40.205351,2.7416562
40.216961,2.9377987
40.228571,3.1449515
40.240181,3.4832975
40.251791,3.6014069
40.263401,3.4297182
40.275011,3.4683277
40.286621,3.6518267
40.298231,3.5728386
40.309841,3.7684129
40.321451,3.5543564
40.333061,4.2614595
40.344671,4.5241833
40.356281,6.0592423
40.367891,6.2465679
40.379501,5.3522325
40.391111,6.6320356
40.402721,7.660458
40.414331,5.074958
40.425941,6.0317935
40.437551,5.8227566
40.449161,4.0843082
40.460771,4.6472531
40.472381,5.3793771
40.483991,4.496494
40.495601,3.6327392
40.507211,6.3354288
40.518821,10.611423
40.530431,10.292396
40.542041,9.089065
40.553651,8.5338344
40.565261,7.7905256
40.576871,9.4321099
40.588481,9.3117254
40.600091,8.3829428
40.611701,9.5253363
40.623311,9.33452
40.634921,8.1651603
40.646531,6.2810253
40.658141,7.0771971
40.669751,8.3530133
40.681361,8.5473923
40.692971,6.9443678
40.70458,7.9206117
40.71619,8.5912422
40.7278,9.538363
40.73941,8.7907734
40.75102,7.2705461
40.76263,6.6705271
40.77424,6.270074
40.78585,7.6767473
40.79746,6.1318658
40.80907,4.5633905
40.82068,4.8443899
40.83229,5.6644432
40.8439,4.5385521
40.85551,6.0023345
40.86712,8.061206
40.87873,7.1703759
40.89034,9.75282
40.90195,8.3470933
40.91356,8.2739542
40.92517,8.2808211
40.93678,8.2597647
40.94839,8.3529999
40.96,5.5225019
40.97161,6.7359645
40.98322,4.4315579
40.99483,5.2806242
41.00644,6.3464516
41.01805,5.4775793
41.02966,6.2187547
41.04127,5.1704209
41.05288,6.2027816
41.06449,7.6620239
41.0761,8.6105098
41.08771,7.7969715
41.09932,9.0532294
41.11093,7.1391119
41.12254,8.4711395
41.13415,7.1142936
41.14576,6.9568967
41.15737,6.4376867
41.16898,7.8872764
41.18059,8.5334356
41.1922,10.245044
41.20381,8.6512563
41.21542,10.666728
41.227029,9.8784865
41.238639,11.31301
41.250249,9.1991548
41.261859,9.5679557
41.273469,8.0415989
41.285079,8.5919355
41.296689,7.3152228
41.308299,8.9962256
41.319909,7.0632194
41.331519,7.3360999
41.343129,6.5420675
41.354739,6.1577657
41.366349,6.3338033
41.377959,6.0028154
41.389569,7.1643303
41.401179,7.3791163
41.412789,6.9827249
41.424399,6.9203528
41.436009,7.1216566
41.447619,7.0877589
41.459229,6.9757327
41.470839,6.5804739
41.482449,6.8311128
41.494059,5.8621503
41.505669,6.5247805
41.517279,5.6058703
41.528889,5.4915315
41.540499,5.6643783
41.552109,4.5374323
41.563719,4.8104332
41.575329,4.2391026
41.586939,4.857417
41.598549,4.8357397
41.610159,4.9122064
41.621769,4.9788383
41.633379,4.7344249
41.644989,4.6374466
41.656599,4.4351731
41.668209,3.9888534
41.679819,4.607503
41.691429,3.6692078
41.703039,4.1866108
41.714649,3.0946648
41.726259,4.4021058
41.737868,3.2848841
41.749478,4.3629194
41.761088,3.6660585
41.772698,4.206443
41.784308,3.9324152
41.795918,4.0348363
41.807528,3.9742792
41.819138,3.8451382
41.830748,3.9833632
41.842358,3.8900232
41.853968,3.9802172
41.865578,3.9420355
41.877188,4.0804482
41.888798,4.0022487
41.900408,3.9017783
41.912018,3.8712195
41.923628,3.9763987
41.935238,3.7893089
41.946848,3.9019041
41.958458,3.8925953
41.970068,3.8901112
41.981678,3.8112802
41.993288,3.7055279
42.004898,3.7263844
42.016508,3.805146
42.028118,9.6375272
42.039728,17.895358
42.051338,19.135072
42.062948,18.594175
42.074558,16.894397
42.086168,15.054568
42.097778,14.716809
42.109388,13.004385
42.120998,11.755754
42.132608,10.94082
42.144218,9.8131447
42.155828,9.1512767
42.167438,9.334981
42.179048,9.0636981
42.190658,8.4437254
42.202268,8.6754178
42.213878,7.3684683
42.225488,6.1902865
42.237098,6.0004183
42.248707,7.1041826
42.260317,7.3066624
42.271927,7.4111142
42.283537,7.2619875
42.295147,7.6855742
42.306757,7.3818698
42.318367,7.682192
42.329977,7.7568158
42.341587,7.3783331
42.353197,6.9083454
42.364807,6.9324861
42.376417,6.6094474
42.388027,6.7222848
42.399637,6.8447349
42.411247,6.6108241
42.422857,6.4642617
42.434467,5.9928601
42.446077,5.6082145
42.457687,5.6705427
42.469297,5.5662787
42.480907,5.0809118
42.492517,4.7677101
42.504127,4.5329863
42.515737,4.5323546
42.527347,4.6908723
42.538957,4.7877091
42.550567,4.7241836
42.562177,4.6212386
42.573787,4.3795592
42.585397,4.0898566
42.597007,3.7042626
42.608617,3.6922139
42.620227,3.4461206
42.631837,3.5002839
42.643447,3.0435901
42.655057,2.994311
42.666667,2.9889876
42.678277,2.890594
42.689887,3.1760456
42.701497,3.2279152
42.713107,3.0391135
42.724717,2.7939124
42.736327,2.9391612
42.747937,2.7183288
42.759546,2.5176731
42.771156,2.4981665
42.782766,2.571888
42.794376,2.3323121
42.805986,2.3276981
42.817596,2.4269306
42.829206,2.0849924
42.840816,2.1263592
42.852426,2.1434973
42.864036,2.1758495
42.875646,2.0602973
42.887256,1.901953
42.898866,1.6558321
42.910476,1.570391
42.922086,1.4666501
42.933696,1.4572007
42.945306,1.5103055
42.956916,1.5836111
42.968526,1.644724
42.980136,1.6516893
42.991746,1.6293221
43.003356,1.602668
43.014966,1.5357109
43.026576,1.4578722
43.038186,1.4071493
43.049796,1.338518
43.061406,1.2799038
43.073016,1.2423494
43.084626,1.1966632
43.096236,1.2658828
43.107846,1.2813702
43.119456,1.5849241
43.131066,1.3924839
43.142676,1.4352228
43.154286,1.5265394
43.165896,1.4132309
43.177506,1.4954137
43.189116,1.465629
43.200726,1.5943708
43.212336,1.6991095
43.223946,1.860841
43.235556,1.8349448
43.247166,1.9344841
43.258776,1.902036
43.270385,1.9508491
43.281995,2.1213275
43.293605,2.0092519
43.305215,1.9216435
43.316825,1.8886862
43.328435,1.8278166
43.340045,1.8428224
43.351655,1.8648854
43.363265,1.8430077
43.374875,1.8149492
43.386485,1.8014639
43.398095,1.748139
43.409705,1.733653
43.421315,1.6243578
43.432925,1.4775476
43.444535,1.3655843
43.456145,1.2999068
43.467755,1.2372266
43.479365,1.2735057
43.490975,1.2999205
43.502585,1.302911
43.514195,1.3119703
43.525805,1.3450269
43.537415,1.338199
43.549025,1.4103094
43.560635,3.4065065
43.572245,4.4618488
43.583855,4.6424884
43.595465,5.5141978
43.607075,5.0914592
43.618685,5.253228
43.630295,5.0391937
43.641905,5.0181733
43.653515,4.5730828
43.665125,4.1666889
43.676735,4.3413097
43.688345,4.4006638
43.699955,4.1479794
43.711565,4.4209652
43.723175,4.1236136
43.734785,4.0858513
43.746395,3.5658142
43.758005,3.3403341
43.769615,3.4522521
43.781224,3.0795804
43.792834,2.8005716
43.804444,3.1351443
43.816054,2.8209073
43.827664,2.3660176
43.839274,2.6344223
43.850884,2.6119454
43.862494,2.4052768
43.874104,2.9378564
43.885714,3.4347683
43.897324,3.1310484
43.908934,3.241102
43.920544,3.2877167
43.932154,2.7202615
43.943764,2.7969664
43.955374,2.9724787
43.966984,2.7277542
43.978594,2.8051161
43.990204,4.4262782
44.001814,5.4170804
44.013424,4.5272403
44.025034,2.4568365
44.036644,2.8737572
44.048254,2.9023998
44.059864,2.1957947
44.071474,2.6630279
44.083084,2.7538248
44.094694,1.9912767
44.106304,2.9462875
44.117914,2.26825
44.129524,2.239227
44.141134,2.6193334
44.152744,1.9261723
44.164354,1.8910921
44.175964,2.6462218
44.187574,2.0280922
44.199184,2.6536244
44.210794,3.1186633
44.222404,2.3820624
44.234014,3.0915539
44.245624,2.8492387
44.257234,2.0241887
44.268844,3.0106108
44.280454,2.9428475
44.292063,2.6831338
44.303673,2.9565556
44.315283,2.4550384
44.326893,2.0846838
44.338503,2.5489677
44.350113,1.8751915
44.361723,1.8051801
44.373333,2.0468588
44.384943,1.8160748
44.396553,2.2670691
44.408163,2.3021988
44.419773,1.9085041
44.431383,1.8559018
44.442993,1.8776941
44.454603,5.9019973
44.466213,7.3603379
44.477823,8.0335637
44.489433,7.5536731
44.501043,7.1095699
44.512653,6.8521429
44.524263,5.9840788
44.535873,5.810887
44.547483,5.4900088
44.559093,4.623508
44.570703,4.4873844
44.582313,4.3199665
44.593923,4.0942157
44.605533,3.9709144
44.617143,3.571099
44.628753,4.3483643
44.640363,5.245663
44.651973,6.9448643
44.663583,5.8085416
44.675193,5.9006526
44.686803,5.8077983
44.698413,5.2036649
44.710023,6.1064106
44.721633,5.530881
44.733243,5.8993268
44.744853,5.747705
44.756463,5.4455257
44.768073,4.4520521
44.779683,4.0547615
44.791293,4.4127291
44.802902,2.9792141
44.814512,4.597464
44.826122,5.0053904
44.837732,5.7162967
44.849342,5.5949635
44.860952,5.3041092
44.872562,5.749213
44.884172,5.9028009
44.895782,5.7159155
44.907392,5.5910478
44.919002,5.8316238
44.930612,5.498204
44.942222,5.4463965
44.953832,5.5898247
44.965442,4.4377454
44.977052,5.0931903
44.988662,3.6414157
45.000272,4.3020052
45.011882,4.4176964
45.023492,3.4728196
45.035102,3.3768758
45.046712,3.9631932
45.058322,4.1815797
45.069932,3.1534949
45.081542,4.492366
45.093152,3.2703642
45.104762,4.2240931
45.116372,3.3463106
45.127982,3.0989721
45.139592,3.6352145
45.151202,3.4631373
45.162812,3.7934368
45.174422,4.8207603
45.186032,6.3019512
45.197642,6.1642806
45.209252,6.349221
45.220862,5.578996
45.232472,6.260863
45.244082,5.7025995
45.255692,6.3503264
45.267302,5.8498604
45.278912,5.176309
45.290522,4.320194
45.302132,2.9609031
45.313741,5.0578313
45.325351,3.0218463
45.336961,5.2743129
45.348571,3.1013772
45.360181,4.3931757
45.371791,3.4381796
45.383401,4.4410605
45.395011,4.0457526
45.406621,4.0860799
45.418231,4.4576081
45.429841,4.3059324
45.441451,3.9794197
45.453061,4.6440145
45.464671,3.4533915
45.476281,5.1264362
45.487891,3.3426145
45.499501,4.4581752
45.511111,4.0071608
45.522721,3.7918125
45.534331,5.4504892
45.545941,4.376329
45.557551,5.7674168
45.569161,4.0963378
45.580771,5.2898422
45.592381,4.7454874
45.603991,5.4858498
45.615601,4.5546749
45.627211,4.9487869
45.638821,4.4514811
45.650431,3.9923139
45.662041,4.552662
45.673651,3.15966
45.685261,4.1050144
45.696871,2.1845659
45.708481,4.0857813
45.720091,3.4866859
45.731701,5.5311639
45.743311,4.3053807
45.754921,5.49574
45.766531,5.3531603
45.778141,3.8972077
45.789751,4.6138073
45.801361,2.8734948
45.812971,4.5024657
45.82458,3.0968001
45.83619,4.2266928
45.8478,2.9509379
45.85941,2.2114594
45.87102,2.3991736
45.88263,2.2137778
45.89424,2.2562613
45.90585,2.0680699
45.91746,1.8690681
45.92907,1.7017631
45.94068,1.9868196
45.95229,1.82254
45.9639,1.7403893
45.97551,2.4211708
45.98712,2.198613
45.99873,3.2258435
46.01034,2.9875087
46.02195,2.8972087
46.03356,2.9050126
46.04517,2.8263415
46.05678,2.6684363
46.06839,2.0332162
46.08,1.902296
46.09161,1.547597
46.10322,1.9989615
46.11483,1.8976816
46.12644,1.8717168
46.13805,1.941984
46.14966,1.6758717
46.16127,2.0298179
46.17288,1.5249918
46.18449,2.4256452
46.1961,2.1508462
46.20771,3.875812
46.21932,1.3554218
46.23093,2.744744
46.24254,1.7558514
46.25415,3.6124167
46.26576,1.6000422
46.27737,3.3290812
46.28898,2.7255111
46.30059,3.3909444
46.3122,3.028086
46.32381,2.6554031
46.33542,2.6321154
46.347029,2.0060251
46.358639,2.3301666
46.370249,1.1719888
46.381859,2.0648468
46.393469,2.1125971
46.405079,1.9185733
46.416689,3.6033824
46.428299,5.0599847
46.439909,2.715654
46.451519,3.2073091
46.463129,3.287058
46.474739,2.463184
46.486349,3.5033595
46.497959,2.8794323
46.509569,2.8767884
46.521179,3.8644388
46.532789,2.8384847
46.544399,3.4014818
46.556009,2.3383443
46.567619,2.4486386
46.579229,2.3632617
46.590839,2.0402828
46.602449,2.6017672
46.614059,2.3676368
46.625669,3.0013738
46.637279,2.5878882
46.648889,2.2203385
46.660499,2.6402912
46.672109,1.965169
46.683719,2.7256098
46.695329,2.528917
46.706939,2.2099456
46.718549,2.6760691
46.730159,2.241527
46.741769,2.78149
46.753379,2.2519216
46.764989,2.8590475
46.776599,2.6766545
46.788209,2.4330259
46.799819,2.2148055
46.811429,2.2942204
46.823039,2.7117291
46.834649,3.7356713
46.846259,3.0990654
46.857868,2.7236915
46.869478,2.0737254
46.881088,3.3652321
46.892698,2.2856669
46.904308,2.3906905
46.915918,2.2739878
46.927528,2.166929
46.939138,2.6386768
46.950748,2.7422584
46.962358,2.4111144
46.973968,2.2767784
46.985578,2.3594034
46.997188,2.7373836
47.008798,2.9999479
47.020408,2.5328653
47.032018,2.2335058
47.043628,3.2335034
47.055238,2.6098141
47.066848,2.9863866
47.078458,3.6810664
47.090068,3.1838236
47.101678,3.783337
47.113288,4.4624032
47.124898,3.4661052
47.136508,3.9701446
47.148118,4.11553
47.159728,3.0750758
47.171338,3.9042348
47.182948,3.5563876
47.194558,2.288718
47.206168,3.8217171
47.217778,3.3412974
47.229388,2.2155552
47.240998,3.2205475
47.252608,2.5623323
47.264218,2.1412238
47.275828,2.7188681
47.287438,2.1166062
47.299048,1.4356869
47.310658,1.9972921
47.322268,2.0322427
47.333878,1.4244466
47.345488,1.7773704
47.357098,1.8642553
47.368707,1.6525283
47.380317,2.2424845
47.391927,2.1579813
47.403537,2.2478258
47.415147,2.9196476
47.426757,2.8526851
47.438367,3.0647821
47.449977,3.3259056
47.461587,3.2236351
47.473197,3.2114063
47.484807,3.1999748
47.496417,2.7139826
47.508027,3.250616
47.519637,3.0106372
47.531247,2.9081508
47.542857,3.1872475
47.554467,2.6373268
47.566077,3.2693222
47.577687,2.9597657
47.589297,1.4262244
47.600907,3.0129384
47.612517,2.8219832
47.624127,2.3199331
47.635737,2.7964734
47.647347,2.3707338
47.658957,1.2101812
47.670567,1.6798708
47.682177,1.5083415
47.693787,1.1275491
47.705397,1.2502173
47.717007,1.8960921
47.728617,2.2241028
47.740227,1.0779218
47.751837,1.7634386
47.763447,1.6027083
47.775057,1.0439265
47.786667,1.0836428
47.798277,1.5569871
47.809887,1.1700954
47.821497,1.3357724
47.833107,1.9420661
47.844717,1.1966669
47.856327,1.3215398
47.867937,2.2228264
47.879546,1.5492679
47.891156,1.9225038
47.902766,2.3124363
47.914376,1.027911
47.925986,1.5631827
47.937596,1.5705681
47.949206,1.6822192
47.960816,1.5236327
47.972426,1.5493918
47.984036,1.474213
47.995646,1.5808449
48.007256,1.2695769
48.018866,1.4578991
48.030476,1.3294881
48.042086,1.593187
48.053696,1.501203
48.065306,1.3175496
48.076916,1.2687209
48.088526,1.5831312
48.100136,1.5386371
48.111746,1.5288311
48.123356,1.4535201
48.134966,1.2611223
48.146576,1.4174294
48.158186,1.2892751
48.169796,1.4325553
48.181406,1.2439397
48.193016,1.5415649
48.204626,1.3644666
48.216236,1.7157537
48.227846,1.1336765
48.239456,1.4060481
48.251066,0.9893868
48.262676,1.5428198
48.274286,1.2924654
48.285896,1.7180369
48.297506,1.0693511
48.309116,1.3577927
48.320726,1.0771519
48.332336,1.4572733
48.343946,1.0905748
48.355556,1.4488751
48.367166,1.0556707
48.378776,1.5104578
48.390385,1.2021923
48.401995,1.2666107
48.413605,0.72695018
48.425215,1.1165256
48.436825,1.0337742
48.448435,1.5141009
48.460045,1.1883276
48.471655,1.1761349
48.483265,0.91332056
48.494875,1.0755368
48.506485,1.1250601
48.518095,1.2522448
48.529705,1.225726
48.541315,1.4881875
48.552925,1.4594478
48.564535,1.7589922
48.576145,1.567127
48.587755,1.5104873
48.599365,1.722267
48.610975,2.0655551
48.622585,1.5128977
48.634195,1.3962526
48.645805,1.0990954
48.657415,1.5858369
48.669025,1.6832082
48.680635,1.8037184
48.692245,1.4491558
48.703855,1.5949762
48.715465,1.5164438
48.727075,1.7076847
48.738685,1.528441
48.750295,1.596204
48.761905,1.5779799
48.773515,1.7865476
48.785125,1.6517107
48.796735,1.5960595
48.808345,1.1130174
48.819955,1.277777
48.831565,1.5620725
48.843175,1.9682396
48.854785,1.8269003
48.866395,1.5781483
48.878005,1.0769702
48.889615,1.2849135
48.901224,1.2891557
48.912834,1.9773922
48.924444,2.2192834
48.936054,1.9001203
48.947664,1.9788252
48.959274,2.138692
48.970884,2.2196611
48.982494,2.0834374
48.994104,2.0209557
49.005714,2.6155842
49.017324,3.5729184
49.028934,4.6422127
49.040544,4.8958829
49.052154,4.3021037
49.063764,4.327759
49.075374,4.2280284
49.086984,4.0179699
49.098594,4.177362
49.110204,4.1788726
49.121814,4.0293429
49.133424,4.0864008
49.145034,3.8646375
49.156644,3.6642682
49.168254,3.7137128
49.179864,3.4215429
49.191474,3.4919586
49.203084,3.2963706
49.214694,2.7384378
49.226304,2.8787353
49.237914,2.5336048
49.249524,2.8461732
49.261134,2.4716812
49.272744,2.6037102
49.284354,2.3170751
49.295964,2.5832365
49.307574,2.4049643
49.319184,2.476872
49.330794,2.3112515
49.342404,2.2411746
49.354014,2.2627353
49.365624,2.170417
49.377234,1.9356468
49.388844,1.8097708
49.400454,2.1270281
49.412063,2.0418621
49.423673,2.2667974
49.435283,2.0150477
49.446893,2.3373139
49.458503,2.0745953
49.470113,3.2830624
49.481723,2.6471895
49.493333,2.129024
49.504943,3.5700877
49.516553,4.2075935
49.528163,2.3728686
49.539773,3.2991616
49.551383,3.6046434
49.562993,3.3937502
49.574603,2.5943155
49.586213,3.3298946
49.597823,3.3372187
49.609433,2.4772914
49.621043,3.2997281
49.632653,2.4304564
49.644263,2.7290275
49.655873,2.2930592
49.667483,3.0508148
49.679093,2.9040242
49.690703,3.3011766
49.702313,4.8550082
49.713923,3.5247108
49.725533,5.0209784
49.737143,4.0821149
49.748753,5.4749887
49.760363,4.5941911
49.771973,4.5228768
49.783583,4.7758836
49.795193,4.9188948
49.806803,4.9524095
49.818413,4.1251039
49.830023,4.4750633
49.841633,4.9903324
49.853243,5.6265482
49.864853,5.4641733
49.876463,4.5867237
49.888073,5.71294
49.899683,5.8773955
49.911293,5.6463736
49.922902,5.1571884
49.934512,4.6696953
49.946122,7.1501361
49.957732,4.8554609
49.969342,3.7545702
49.980952,4.594412
49.992562,6.6677464
50.004172,4.9292774
50.015782,4.5134014
50.027392,6.4104048
50.039002,5.2134008
50.050612,4.2444987
50.062222,3.6367982
50.073832,5.9234606
50.085442,5.5611996
50.097052,5.7818168
50.108662,6.3424181
50.120272,7.9041979
50.131882,5.9688161
50.143492,7.0998167
50.155102,5.6852697
50.166712,5.1784276
50.178322,5.2039816
50.189932,4.932542
50.201542,6.9224757
50.213152,5.1958814
50.224762,5.8426735
50.236372,6.1086369
50.247982,3.2320359
50.259592,3.9468863
50.271202,4.4779819
50.282812,4.3628743
50.294422,4.2951689
50.306032,6.9973171
50.317642,5.4384654
50.329252,5.2154141
50.340862,4.8178063
50.352472,5.0621097
50.364082,6.0419385
50.375692,4.3960315
50.387302,7.6999266
50.398912,7.2856209
50.410522,4.3224994
50.422132,3.8630407
50.433741,4.953704
50.445351,4.4654309
50.456961,3.4222208
50.468571,4.7530136
50.480181,3.2568905
50.491791,3.6016087
50.503401,3.8389043
50.515011,4.4301233
50.526621,3.7463729
50.538231,5.3113068
50.549841,7.6903348
50.561451,6.0401546
50.573061,5.3139666
50.584671,7.0252703
50.596281,6.0515517
50.607891,4.1580459
50.619501,5.5094628
50.631111,3.6063163
50.642721,4.8956382
50.654331,3.8968515
50.665941,4.5257464
50.677551,3.6665846
50.689161,3.0735094
50.700771,4.2710941
50.712381,2.6093857
50.723991,3.564613
50.735601,3.4840341
50.747211,1.6808722
50.758821,3.1566754
50.770431,2.895115
50.782041,2.4630723
50.793651,3.0243965
50.805261,2.9472695
50.816871,1.4914023
50.828481,2.9894531
50.840091,2.2445054
50.851701,2.2521722
50.863311,3.4515189
50.874921,3.0777443
50.886531,2.3483222
50.898141,3.2471837
50.909751,2.230248
50.921361,2.1330771
50.932971,2.899875
50.94458,2.0416978
50.95619,2.3393385
50.9678,2.7257432
50.97941,1.3055798
50.99102,2.3182963
51.00263,2.4279899
51.01424,3.1055717
51.02585,4.5047986
51.03746,5.4663931
51.04907,5.804752
51.06068,6.7055121
51.07229,7.0696892
51.0839,5.9776173
51.09551,5.8161589
51.10712,5.580826
51.11873,5.745141
51.13034,5.4545661
51.14195,5.8236711
51.15356,5.4700018
51.16517,4.8493095
51.17678,4.9485664
51.18839,4.4484709
51.2,4.9974293
51.21161,4.2695366
51.22322,5.3644786
51.23483,5.0004643
51.24644,5.0651497
51.25805,4.96374
51.26966,4.6543818
51.28127,5.5900428
51.29288,4.9438871
51.30449,5.3604918
51.3161,4.5577777
51.32771,4.5885202
51.33932,4.2521638
51.35093,3.7043064
51.36254,4.0908964
51.37415,3.2909153
51.38576,3.73272
51.39737,2.8006001
51.40898,2.9177746
51.42059,2.4791265
51.4322,2.3720107
51.44381,2.7102592
51.45542,2.3398914
51.467029,2.9547606
51.478639,2.3691861
51.490249,2.9941295
51.501859,3.2478896
51.513469,3.2279915
51.525079,3.2058832
51.536689,3.4768805
51.548299,3.4737489
51.559909,4.7894537
51.571519,5.0879668
51.583129,4.8503247
51.594739,5.8888129
51.606349,5.7375859
51.617959,5.6430417
51.629569,6.1721819
51.641179,5.3164484
51.652789,5.7095292
51.664399,5.749426
51.676009,5.4838155
51.687619,4.9607251
51.699229,5.1037602
51.710839,4.9580901
51.722449,4.2540356
51.734059,4.2277863
51.745669,3.6609963
51.757279,3.3933797
51.768889,3.6861161
51.780499,3.1570791
51.792109,3.3689297
51.803719,3.2299413
51.815329,2.6555816
51.826939,2.9393997
51.838549,2.8754162
51.850159,2.7825494
51.861769,3.1794203
51.873379,3.028159
51.884989,3.1180576
51.896599,3.1309384
51.908209,3.9296368
51.919819,4.1970755
51.931429,4.723506
51.943039,4.4927095
51.954649,4.7389553
51.966259,4.0394979
51.977868,3.6224211
51.989478,3.4913041
52.001088,3.4278008
52.012698,2.9966389
52.024308,3.3577474
52.035918,2.6628912
52.047528,5.0965755
52.059138,5.4597542
52.070748,6.0875575
52.082358,5.2000699
52.093968,4.6036452
52.105578,7.4483111
52.117188,6.106012
52.128798,4.5805126
52.140408,4.2693072
52.152018,3.839569
52.163628,3.6086882
52.175238,4.6900288
52.186848,4.6811414
52.198458,3.4750257
52.210068,5.9023536
52.221678,10.508681
52.233288,9.0635142
52.244898,7.8509411
52.256508,6.7899971
52.268118,6.9941937
52.279728,8.6235858
52.291338,7.0623294
52.302948,7.0706106
52.314558,6.6613204
52.326168,8.3841034
52.337778,6.7078217
52.349388,4.5731228
52.360998,6.4144437
52.372608,6.526635
52.384218,7.1715008
52.395828,6.3526194
52.407438,5.8665178
52.419048,8.9581105
52.430658,8.0053914
52.442268,8.5455345
52.453878,6.4955918
52.465488,7.4257136
52.477098,5.851544
52.488707,7.2803169
52.500317,7.5958359
52.511927,6.2506267
52.523537,7.0492132
52.535147,4.7709976
52.546757,5.6491179
52.558367,5.2509742
52.569977,5.7609853
52.581587,6.4545308
52.593197,5.2831663
52.604807,6.1701673
52.616417,4.8840936
52.628027,5.7608243
52.639637,4.2472526
52.651247,3.0118673
52.662857,3.0667069
52.674467,2.5538426
52.686077,3.1021501
52.697687,3.1565698
52.709297,5.4538101
52.720907,5.9403329
52.732517,6.7452159
52.744127,7.3459575
52.755737,6.0413527
52.767347,6.4762518
52.778957,6.4754338
52.790567,6.2046043
52.802177,5.672343
52.813787,6.0839373
52.825397,5.0081038
52.837007,5.6475692
52.848617,3.946313
52.860227,5.0244721
52.871837,2.9813346
52.883447,3.6421149
52.895057,2.6220407
52.906667,3.2319962
52.918277,2.3005781
52.929887,2.940723
52.941497,1.9063717
52.953107,3.3928382
52.964717,3.2882256
52.976327,2.8974139
52.987937,2.5008419
52.999546,6.5400181
53.011156,6.9838701
53.022766,7.1412707
53.034376,7.7538425
53.045986,7.0237052
53.057596,7.4088693
53.069206,7.5702561
53.080816,6.8917
53.092426,6.5066903
53.104036,6.2953357
53.115646,5.8243013
53.127256,5.6201437
53.138866,5.8721942
53.150476,4.2120018
53.162086,5.7434457
53.173696,4.9886732
53.185306,7.0915588
53.196916,6.1026143
53.208526,7.7021976
53.220136,5.8462351
53.231746,6.1426513
53.243356,5.7637509
53.254966,3.8511842
53.266576,6.144078
53.278186,3.7410724
53.289796,5.4714238
53.301406,3.7895895
53.313016,4.4730672
53.324626,3.5453722
53.336236,3.997899
53.347846,3.6217698
53.359456,4.7260593
53.371066,4.7208725
53.382676,4.6847884
53.394286,4.5370146
53.405896,4.6759752
53.417506,4.9230693
53.429116,4.5351979
53.440726,4.8188977
53.452336,4.2922337
53.463946,4.3253597
53.475556,4.3134682
53.487166,3.6036689
53.498776,3.7517927
53.510385,3.2802932
53.521995,3.4434752
53.533605,2.6241725
53.545215,3.1250889
53.556825,3.05368
53.568435,3.2749315
53.580045,3.3531759
53.591655,3.4385837
53.603265,3.4265667
53.614875,3.1409857
53.626485,3.3380566
53.638095,2.9225292
53.649705,3.3334273
53.661315,3.0232933
53.672925,3.0054485
53.684535,2.863545
53.696145,2.8997749
53.707755,2.8513145
53.719365,2.9696137
53.730975,2.9124953
53.742585,2.9651032
53.754195,3.0139543
53.765805,2.8569436
53.777415,2.7105282
53.789025,3.0710244
53.800635,2.9498633
53.812245,2.7790582
53.823855,3.2300668
53.835465,2.8018392
53.847075,2.760026
53.858685,2.7707196
53.870295,2.7875347
53.881905,6.4643918
53.893515,12.677782
53.905125,14.248942
53.916735,14.190625
53.928345,12.865248
53.939955,12.725629
53.951565,11.742674
53.963175,10.982479
53.974785,10.117538
53.986395,9.2598478
53.998005,8.8892122
54.009615,7.8987541
54.021224,8.093551
54.032834,7.4132477
54.044444,6.9853473
54.056054,6.4637473
54.067664,6.8066642
54.079274,6.0691341
54.090884,5.0514468
54.102494,5.6864822
54.114104,5.1781198
54.125714,4.1013271
54.137324,4.0095798
54.148934,3.745998
54.160544,3.1433066
54.172154,3.1411428
54.183764,2.8322703
54.195374,2.8119021
54.206984,2.7209255
54.218594,3.0932817
54.230204,3.2701985
54.241814,2.6943498
54.253424,2.801741
54.265034,3.1113685
54.276644,3.7055244
54.288254,3.1713281
54.299864,3.5978817
54.311474,3.5614734
54.323084,3.716278
54.334694,3.6879663
54.346304,3.311392
54.357914,3.7000618
54.369524,3.3455261
54.381134,3.5669095
54.392744,3.6005867
54.404354,3.7730311
54.415964,3.3955832
54.427574,3.5096357
54.439184,3.4934303
54.450794,2.9641407
54.462404,3.0854881
54.474014,3.3849598
54.485624,3.0029735
54.497234,3.0746187
54.508844,2.675233
54.520454,2.6977449
54.532063,2.7738456
54.543673,2.6943349
54.555283,2.6222072
54.566893,3.0516086
54.578503,3.0609535
54.590113,2.7964173
54.601723,2.8221648
54.613333,2.5882817
54.624943,2.6336718
54.636553,2.7961366
54.648163,2.9141211
54.659773,3.0836378
54.671383,3.2672162
54.682993,3.3161183
54.694603,3.2984995
54.706213,3.0785208
54.717823,2.8852511
54.729433,2.9808628
54.741043,3.1041499
54.752653,3.2363842
54.764263,3.2058647
54.775873,2.9536766
54.787483,3.2158554
54.799093,3.3192186
54.810703,3.1590814
54.822313,2.9807633
54.833923,5.4274392
54.845533,7.9166136
54.857143,9.0590548
54.868753,8.7970269
54.880363,8.2038959
54.891973,7.8989988
54.903583,7.4712177
54.915193,7.254078
54.926803,6.506853
54.938413,5.8997031
54.950023,5.4389889
54.961633,5.5749779
54.973243,5.370953
54.984853,4.9790838
54.996463,4.2205857
55.008073,3.9478198
55.019683,4.2691306
55.031293,3.9002206
55.042902,3.3810272
55.054512,3.63106
55.066122,3.0766678
55.077732,2.8644924
55.089342,2.9875731
55.100952,2.8043498
55.112562,2.0374799
55.124172,2.1761224
55.135782,2.5069211
55.147392,1.9880389
55.159002,2.0045876
55.170612,2.0531279
55.182222,1.765098
55.193832,1.8514031
55.205442,1.8188301
55.217052,1.9263374
55.228662,1.9111957
55.240272,1.2663021
55.251882,1.2146467
55.263492,1.3990176
55.275102,1.5520645
55.286712,1.6252666
55.298322,1.3896776
55.309932,1.2380596
55.321542,1.1953067
55.333152,1.3181245
55.344762,1.6161394
55.356372,1.4297301
55.367982,1.2975071
55.379592,1.2086517
55.391202,1.3598156
55.402812,1.2950044
55.414422,1.2308591
55.426032,1.2135063
55.437642,1.0110682
55.449252,1.2269627
55.460862,0.98704079
55.472472,1.3003033
55.484082,1.4085866
55.495692,1.7927961
55.507302,1.7484392
55.518912,2.5188418
55.530522,2.3552313
55.542132,2.2463073
55.553741,2.4509729
55.565351,2.0929813
55.576961,3.023608
55.588571,1.9084062
55.600181,2.3628559
55.611791,2.7939527
55.623401,1.9519309
55.635011,2.7402288
55.646621,2.6104561
55.658231,2.3280912
55.669841,2.1393654
55.681451,1.8564149
55.693061,2.1521901
55.704671,1.992429
55.716281,2.5986915
55.727891,1.8026103
55.739501,2.5820512
55.751111,1.7319311
55.762721,1.7700488
55.774331,2.9796663
55.785941,2.2965932
55.797551,2.4200655
55.809161,1.851037
55.820771,1.7958528
55.832381,1.8354142
55.843991,1.9303669
55.855601,1.6704118
55.867211,2.5057832
55.878821,2.3635995
55.890431,2.8391239
55.902041,1.8391061
55.913651,2.4008429
55.925261,1.9800222
55.936871,2.213462
55.948481,2.3520929
55.960091,2.3596347
55.971701,2.3756444
55.983311,2.3170627
55.994921,1.909918
56.006531,2.1621935
56.018141,3.5966396
56.029751,3.4421261
56.041361,2.8843447
56.052971,2.8640324
56.06458,2.8454698
56.07619,3.2888028
56.0878,3.5236662
56.09941,3.6797419
56.11102,4.0477142
56.12263,3.9551875
56.13424,4.1021975
56.14585,3.9956795
56.15746,3.8985235
56.16907,3.8314376
56.18068,4.2225861
56.19229,5.4816531
56.2039,6.8195414
56.21551,7.0091015
56.22712,6.782108
56.23873,6.5804363
56.25034,6.5724574
56.26195,6.8969432
56.27356,6.6727564
56.28517,6.5149539
56.29678,5.8958648
56.30839,5.7862474
56.32,5.4918919
56.33161,5.6921769
56.34322,5.3630951
56.35483,5.3468123
56.36644,5.6039232
56.37805,4.859446
56.38966,4.473098
56.40127,3.4393313
56.41288,4.310529
56.42449,6.9892756
56.4361,7.0814879
56.44771,7.5876811
56.45932,7.2689346
56.47093,7.0504506
56.48254,6.3918508
56.49415,6.4296662
56.50576,5.7581246
56.51737,5.5959183
56.52898,5.4360914
56.54059,4.5818885
56.5522,4.8044766
56.56381,4.4669106
56.57542,5.1654337
56.587029,5.4636695
56.598639,4.0918489
56.610249,6.3550711
56.621859,4.5484278
56.633469,7.1688656
56.645079,6.6387595
56.656689,6.5427858
56.668299,6.365369
56.679909,5.5835262
56.691519,6.7216466
56.703129,4.8184559
56.714739,6.9543684
56.726349,3.7716813
56.737959,5.8137633
56.749569,4.2922941
56.761179,4.4094915
56.772789,5.2722822
56.784399,5.8663481
56.796009,8.4143835
56.807619,7.5126679
56.819229,8.6167628
56.830839,7.5732318
56.842449,8.210534
56.854059,7.1261412
56.865669,7.6843812
56.877279,7.0642778
56.888889,7.1334632
56.900499,7.2752407
56.912109,5.678884
56.923719,6.7917558
56.935329,5.8293559
56.946939,6.7414318
56.958549,6.9197754
56.970159,7.4396369
56.981769,7.9510687
56.993379,7.2766099
57.004989,7.4940413
57.016599,8.0210505
57.028209,7.9805706
57.039819,7.8854277
57.051429,7.391227
57.063039,7.3642983
57.074649,7.6590993
57.086259,7.1233061
57.097868,6.6656651
57.109478,5.9761272
57.121088,5.9182177
57.132698,5.9681551
57.144308,5.1141084
57.155918,5.0690597
57.167528,6.0151339
57.179138,5.3996074
57.190748,7.2518164
57.202358,7.392712
57.213968,7.4588904
57.225578,8.1365804
57.237188,7.9872315
57.248798,6.7151621
57.260408,8.8200561
57.272018,7.9741543
57.283628,7.3379437
57.295238,9.2501605
57.306848,7.7753377
57.318458,6.3530389
57.330068,9.4011805
57.341678,7.6537096
57.353288,6.446116
57.364898,7.3405456
57.376508,6.6615393
57.388118,5.2346519
57.399728,6.2113052
57.411338,7.8453252
57.422948,4.6593456
57.434558,6.7178351
57.446168,7.5846969
57.457778,5.6297792
57.469388,4.4210154
57.480998,5.4301525
57.492608,4.3606498
57.504218,4.4908937
57.515828,4.1417902
57.527438,3.1721755
57.539048,3.518431
57.550658,4.8513154
57.562268,4.5595211
57.573878,3.03191
57.585488,5.3073416
57.597098,4.9015375
57.608707,2.8893251
57.620317,4.7993759
57.631927,4.0077987
57.643537,3.2521881
57.655147,4.3164724
57.666757,4.5211076
57.678367,3.5617757
57.689977,3.3951334
57.701587,4.4367632
57.713197,3.2229605
57.724807,3.6833456
57.736417,3.8817494
57.748027,2.4197185
57.759637,3.4674298
57.771247,2.8235723
57.782857,2.0687149
57.794467,3.0960642
57.806077,2.5005878
57.817687,2.7549519
57.829297,3.2130204
57.840907,2.966947
57.852517,3.0258365
57.864127,2.7621811
57.875737,2.9098824
57.887347,3.0796188
57.898957,3.4943607
57.910567,3.7477134
57.922177,3.7072617
57.933787,3.2058857
57.945397,3.5244191
57.957007,3.497485
57.968617,3.7368334
57.980227,3.6752471
57.991837,3.6607278
58.003447,3.5573228
58.015057,3.7959867
58.026667,3.690091
58.038277,3.9171396
58.049887,3.9165547
58.061497,3.8184254
58.073107,3.6665859
58.084717,3.6528659
58.096327,3.4613498
58.107937,3.4350227
58.119546,3.024996
58.131156,3.3690087
58.142766,2.9792529
58.154376,3.2515758
58.165986,2.9105408
58.177596,2.9902048
58.189206,2.4330576
58.200816,2.3960221
58.212426,2.0958729
58.224036,2.5252839
58.235646,2.2797472
58.247256,2.1921635
58.258866,2.3268014
58.270476,2.0875706
58.282086,1.8951457
58.293696,1.9020408
58.305306,1.9986155
58.316916,1.7278756
58.328526,3.1136042
58.340136,5.8033205
58.351746,6.8204622
58.363356,6.33635
58.374966,7.0772121
58.386576,5.9215019
58.398186,6.2492801
58.409796,6.071317
58.421406,5.4965918
58.433016,5.2531102
58.444626,4.7559633
58.456236,4.4736
58.467846,4.1292046
58.479456,4.8156741
58.491066,4.0553382
58.502676,4.3033686
58.514286,2.9500518
58.525896,3.3451005
58.537506,3.0089304
58.549116,3.0811638
58.560726,3.63016
58.572336,2.9039224
58.583946,3.9660906
58.595556,3.0573663
58.607166,4.2073057
58.618776,2.8329053
58.630385,5.7707773
58.641995,6.3969013
58.653605,6.8412681
58.665215,6.8622233
58.676825,6.2187385
58.688435,6.4347886
58.700045,6.0150237
58.711655,6.165654
58.723265,5.0113712
58.734875,5.8214374
58.746485,4.3273621
58.758095,5.3557691
58.769705,4.4782082
58.781315,5.8733385
58.792925,5.8494964
58.804535,4.1376843
58.816145,6.5057968
58.827755,5.0057444
58.839365,6.9214348
58.850975,5.8460163
58.862585,5.2815569
58.874195,5.2149352
58.885805,4.4887881
58.897415,5.761015
58.909025,4.0988923
58.920635,5.6071406
58.932245,4.2489149
58.943855,4.0291596
58.955465,3.3949151
58.967075,3.1844803
58.978685,2.4374447
58.990295,3.3251819
59.001905,2.7801412
59.013515,4.9878638
59.025125,4.7171886
59.036735,5.2151533
59.048345,5.3097774
59.059955,4.5194908
59.071565,4.8316626
59.083175,4.7155642
59.094785,4.7950877
59.106395,4.8549712
59.118005,5.1663928
59.129615,5.704027
59.141224,8.2310876
59.152834,7.0063002
59.164444,6.1421868
59.176054,4.5421422
59.187664,3.4600406
59.199274,5.5963218
59.210884,6.116682
59.222494,6.7672398
59.234104,6.2605466
59.245714,5.1929017
59.257324,4.8372448
59.268934,4.0985048
59.280544,5.1672978
59.292154,5.0603881
59.303764,5.7416886
59.315374,5.0238641
59.326984,3.5974402
59.338594,2.3130308
59.350204,2.6605912
59.361814,2.2897806
59.373424,2.6909866
59.385034,3.504358
59.396644,4.4696715
59.408254,3.8854992
59.419864,3.7143196
59.431474,2.6600567
59.443084,2.8149462
59.454694,3.2719572
59.466304,3.5537761
59.477914,3.7520873
59.489524,4.0302345
59.501134,3.8028789
59.512744,3.6602246
59.524354,3.3076525
59.535964,2.575909
59.547574,3.3783117
59.559184,3.6581906
59.570794,3.0937139
59.582404,2.9177816
59.594014,2.8848081
59.605624,2.3470782
59.617234,2.2048266
59.628844,2.2441466
59.640454,2.6444284
59.652063,2.2952428
59.663673,2.3173826
59.675283,2.7610811
59.686893,2.6741331
59.698503,2.4917741
59.710113,2.5473252
59.721723,2.512477
59.733333,2.1141687
59.744943,2.5056227
59.756553,2.7044217
59.768163,2.4549687
59.779773,2.3359583
59.791383,2.5315318
59.802993,2.9196647
59.814603,2.6725589
59.826213,2.4497652
59.837823,2.3391687
59.849433,2.397328
59.861043,2.3809484
59.872653,1.7871679
59.884263,2.0727641
59.895873,1.9472612
59.907483,1.8294443
59.919093,1.8877856
59.930703,1.8202086
59.942313,1.8616199
59.953923,1.8135017
59.965533,1.6109412
59.977143,1.5600758
59.988753,1.4672606
60.000363,1.8049122
60.011973,2.7299213
60.023583,2.6545564
60.035193,2.6808118
60.046803,2.8784588
60.058413,3.1622939
60.070023,3.4457934
60.081633,2.8799158
60.093243,2.2880288
60.104853,1.6774134
60.116463,1.5748644
60.128073,1.7017356
60.139683,2.2614608
60.151293,2.3582701
60.162902,3.0223897
60.174512,3.0457074
60.186122,2.9831142
60.197732,2.6101979
60.209342,2.1870459
60.220952,2.2458081
60.232562,1.9437488
60.244172,2.7965554
60.255782,3.1227612
60.267392,2.3033161
60.279002,3.0051112
60.290612,2.949403
60.302222,2.5577579
60.313832,4.5779464
60.325442,4.6642929
60.337052,4.0571406
60.348662,5.3440866
60.360272,5.0725257
60.371882,4.5978711
60.383492,5.5515201
60.395102,4.2943639
60.406712,4.5112709
60.418322,5.5611151
60.429932,4.6461928
60.441542,4.184177
60.453152,5.1687838
60.464762,3.6771282
60.476372,3.7400608
60.487982,4.3795868
60.499592,2.3762375
60.511202,3.4009019
60.522812,3.8497372
60.534422,2.6434096
60.546032,3.0042801
60.557642,3.611257
60.569252,2.5823281
60.580862,3.7239397
60.592472,2.9825577
60.604082,3.0658854
60.615692,3.4202147
60.627302,3.1901132
60.638912,2.3545334
60.650522,3.2192458
60.662132,3.7207093
60.673741,3.2918325
60.685351,3.3441734
60.696961,3.1975751
60.708571,3.1651058
60.720181,3.1041207
60.731791,2.9988735
60.743401,3.3367446
60.755011,3.1391038
60.766621,3.1877541
60.778231,2.8839527
60.789841,3.1667273
60.801451,2.7894124
60.813061,3.5014892
60.824671,2.5338303
60.836281,2.796484
60.847891,2.810251
60.859501,2.4772089
60.871111,2.6288137
60.882721,2.3974761
60.894331,2.4991612
60.905941,2.0436733
60.917551,2.5807808
60.929161,1.9726669
60.940771,2.6714167
60.952381,2.2609809
60.963991,2.149836
60.975601,2.4632409
60.987211,1.8457121
60.998821,2.1788075
61.010431,1.7146068
61.022041,1.8292862
61.033651,1.6412064
61.045261,1.9971699
61.056871,1.612124
61.068481,1.8696876
61.080091,1.8456656
61.091701,1.6579108
61.103311,1.8551819
61.114921,1.8533813
61.126531,1.9107002
61.138141,2.4598924
61.149751,2.8407651
61.161361,2.6976467
61.172971,3.140073
61.18458,3.2498963
61.19619,2.7320856
61.2078,3.0915247
61.21941,3.5275345
61.23102,3.607496
61.24263,2.3978673
61.25424,3.1339179
61.26585,3.6363393
61.27746,2.6675564
61.28907,2.6055143
61.30068,3.156642
61.31229,3.1704477
61.3239,2.0853181
61.33551,4.1332989
61.34712,3.978774
61.35873,4.0146249
61.37034,4.3820157
61.38195,3.7016024
61.39356,4.5736467
61.40517,3.2236099
61.41678,4.7564101
61.42839,3.8040509
61.44,4.7256827
61.45161,4.2135543
61.46322,5.1045757
61.47483,4.5674539
61.48644,4.3326279
61.49805,4.7059596
61.50966,5.1193759
61.52127,5.1117289
61.53288,4.1318655
61.54449,5.6121788
61.5561,4.2599777
61.56771,4.9514812
61.57932,5.408191
61.59093,5.2486949
61.60254,4.8102321
61.61415,4.2372441
61.62576,5.4991753
61.63737,4.5903917
61.64898,4.3419472
61.66059,5.6328357
61.6722,6.2119987
61.68381,3.6574108
61.69542,3.5454224
61.707029,3.3438528
61.718639,4.8209612
61.730249,5.5596516
61.741859,5.5195574
61.753469,7.0652229
61.765079,6.1838337
61.776689,6.4642258
61.788299,6.0254705
61.799909,4.4631442
61.811519,5.3917782
61.823129,4.8841277
61.834739,5.6330585
61.846349,5.6388189
61.857959,4.6649433
61.869569,5.7175775
61.881179,3.7712581
61.892789,4.3386293
61.904399,4.1261767
61.916009,5.561148
61.927619,5.2273343
61.939229,4.0640485
61.950839,4.2364851
61.962449,4.5378527
61.974059,7.008727
61.985669,5.1247525
61.997279,4.3518825
62.008889,4.713467
62.020499,6.8262575
62.032109,6.4991189
62.043719,4.0953177
62.055329,6.473311
62.066939,5.3712928
62.078549,4.824794
62.090159,5.1821826
62.101769,6.2724419
62.113379,4.7302814
62.124989,4.0561572
62.136599,4.4302614
62.148209,3.7004779
62.159819,5.6253643
62.171429,4.5086528
62.183039,4.0449183
62.194649,3.7328858
62.206259,5.93981
62.217868,3.8078931
62.229478,6.8653447
62.241088,6.6028295
62.252698,3.9394882
62.264308,6.3715215
62.275918,5.581372
62.287528,4.5848477
62.299138,4.6404505
62.310748,4.9952667
62.322358,4.3613934
62.333968,3.7123594
62.345578,4.3117308
62.357188,3.1267113
62.368798,2.8873573
62.380408,2.9293041
62.392018,2.4264392
62.403628,2.2281089
62.415238,3.4036111
62.426848,3.0013894
62.438458,3.2168028
62.450068,3.5193808
62.461678,2.1127901
62.473288,3.2741402
62.484898,3.3669325
62.496508,2.0503813
62.508118,3.034019
62.519728,3.1801546
62.531338,2.1696909
62.542948,3.0341238
62.554558,2.2012068
62.566168,2.4717044
62.577778,2.8540585
62.589388,2.0960405
62.600998,2.3221817
62.612608,2.7952892
62.624218,1.3611382
62.635828,2.6248324
62.647438,2.5303202
62.659048,1.6044337
62.670658,2.5469465
62.682268,4.857931
62.693878,4.4462991
62.705488,5.7628235
62.717098,6.4530794
62.728707,6.7290736
62.740317,7.8886491
62.751927,7.2670946
62.763537,6.7103781
62.775147,6.5714482
62.786757,5.866446
62.798367,5.7833774
62.809977,6.2417129
62.821587,6.3003531
62.833197,6.0726185
62.844807,5.2634203
62.856417,5.7834728
62.868027,4.735399
62.879637,5.2092901
62.891247,4.9518894
62.902857,5.864642
62.914467,6.0049614
62.926077,5.5990769
62.937687,5.5978306
62.949297,5.6563383
62.960907,6.1132499
62.972517,5.3203424
62.984127,5.8514124
62.995737,5.0933346
63.007347,5.3467144
63.018957,5.0284171
63.030567,4.7807737
63.042177,4.8485962
63.053787,4.1468419
63.065397,4.2456278
63.077007,3.7372267
63.088617,4.2885575
63.100227,4.0572306
63.111837,4.3905287
63.123447,4.4019531
63.135057,4.1812885
63.146667,4.2276877
63.158277,3.7448696
63.169887,4.1829288
63.181497,4.2526205
63.193107,4.6903403
63.204717,4.4267677
63.216327,4.2222405
63.227937,4.0819927
63.239546,3.9945514
63.251156,5.5266948
63.262766,5.7050538
63.274376,5.9162639
63.285986,6.4294399
63.297596,6.6877208
63.309206,6.863567
63.320816,7.0352842
63.332426,6.2184233
63.344036,6.7324803
63.355646,6.5534917
63.367256,6.4872227
63.378866,5.9033709
63.390476,5.9317618
63.402086,5.9752686
63.413696,5.4741984
63.425306,5.0645626
63.436916,4.6342831
63.448526,4.2022619
63.460136,4.3554285
63.471746,4.1919185
63.483356,4.0107735
63.494966,3.7895511
63.506576,3.5469972
63.518186,3.4430414
63.529796,3.5461995
63.541406,3.6833688
63.553016,3.7827118
63.564626,4.4074128
63.576236,5.0180811
63.587846,5.176179
63.599456,4.8993035
63.611066,5.970344
63.622676,5.2468108
63.634286,4.9387497
63.645896,4.6175382
63.657506,4.0801757
63.669116,4.2418288
63.680726,3.6638662
63.692336,3.8793241
63.703946,3.3578702
63.715556,3.8756017
63.727166,5.1626927
63.738776,5.7101171
63.750385,6.550451
63.761995,7.3916952
63.773605,5.7020437
63.785215,7.1637936
63.796825,7.7012608
63.808435,5.983372
63.820045,4.0796288
63.831655,4.3312376
63.843265,3.9250168
63.854875,4.7686794
63.866485,5.5053423
63.878095,5.8704515
63.889705,9.4372979
63.901315,13.534144
63.912925,9.6688225
63.924535,8.9328601
63.936145,7.2100802
63.947755,8.280246
63.959365,9.8274056
63.970975,8.4558316
63.982585,8.4210542
63.994195,8.5616617
64.005805,8.4137375
64.017415,9.0762802
64.029025,5.5371977
64.040635,8.4179624
64.052245,10.549756
64.063855,9.1686991
64.075465,7.3219006
64.087075,8.7650458
64.098685,8.9653582
64.110295,9.5315996
64.121905,9.125455
64.133515,7.4604891
64.145125,8.1448593
64.156735,7.0224308
64.168345,8.1603877
64.179955,8.0152073
64.191565,6.8650438
64.203175,6.6382743
64.214785,5.2222578
64.226395,6.3837278
64.238005,5.6225552
64.249615,6.5166464
64.261224,6.8946782
64.272834,5.7670092
64.284444,6.4057845
64.296054,6.6458687
64.307664,6.9446957
64.319274,6.3127826
64.330884,8.5265032
64.342494,7.597473
64.354104,9.3379638
64.365714,6.7485254
64.377324,9.1413033
64.388934,6.9012334
64.400544,8.7634861
64.412154,6.0681189
64.423764,7.7921373
64.435374,6.7169982
64.446984,7.3528769
64.458594,7.6654601
64.470204,5.3990771
64.481814,7.3737918
64.493424,4.8226899
64.505034,6.2206907
64.516644,4.7077177
64.528254,6.7285755
64.539864,5.4519084
64.551474,7.9356125
64.563084,9.9475943
64.574694,10.429525
64.586304,10.495769
64.597914,10.860308
64.609524,10.575236
64.621134,9.7554554
64.632744,10.500425
64.644354,8.1872104
64.655964,9.3052521
64.667574,7.8836611
64.679184,8.3088204
64.690794,8.7787156
64.702404,11.430396
64.714014,9.917707
64.725624,12.724745
64.737234,10.196813
64.748844,12.356651
64.760454,8.8751882
64.772063,11.322452
64.783673,8.5549999
64.795283,11.403949
64.806893,9.0788004
64.818503,10.576053
64.830113,9.6494607
64.841723,8.9158025
64.853333,9.6063536
64.864943,7.7950464
64.876553,9.8935598
64.888163,8.415969
64.899773,10.582057
64.911383,9.2499735
64.922993,9.4833041
64.934603,9.2712607
64.946213,9.6908673
64.957823,9.6209975
64.969433,8.9502833
64.981043,10.103366
64.992653,8.1567918
65.004263,9.6018339
65.015873,7.5470256
65.027483,8.5548461
65.039093,7.2616755
65.050703,7.162221
65.062313,6.5902036
65.073923,6.6885291
65.085533,6.5036776
65.097143,6.4982584
65.108753,6.7034404
65.120363,6.2659294
65.131973,6.3685412
65.143583,5.5095025
65.155193,5.8873274
65.166803,5.5321087
65.178413,5.5136948
65.190023,5.3855563
65.201633,5.013874
65.213243,5.0759497
65.224853,4.9817205
65.236463,4.8644305
65.248073,5.0910638
65.259683,4.7219335
65.271293,5.1243587
65.282902,4.5521527
65.294512,4.9051224
65.306122,4.1953352
65.317732,4.8579683
65.329342,4.1935644
65.340952,4.5721531
65.352562,4.4273077
65.364172,4.4311594
65.375782,4.7059005
65.387392,3.8913269
65.399002,4.8350366
65.410612,3.710749
65.422222,4.8030931
65.433832,3.458797
65.445442,4.7296604
65.457052,3.5684947
65.468662,4.628819
65.480272,3.7335627
65.491882,4.4322121
65.503492,3.9455346
65.515102,4.2399741
65.526712,4.4130006
65.538322,7.5642548
65.549932,17.982692
65.561542,20.324303
65.573152,20.39854
65.584762,18.058638
65.596372,16.349996
65.607982,15.657986
65.619592,14.4624
65.631202,13.136115
65.642812,12.052779
65.654422,11.0246
65.666032,9.8683687
65.677642,10.29292
65.689252,9.7752719
65.700862,9.4298693
65.712472,9.2196068
65.724082,7.792091
65.735692,6.5766948
65.747302,6.5160389
65.758912,6.9795568
65.770522,7.2329667
65.782132,7.4089605
65.793741,6.9853412
65.805351,7.362653
65.816961,7.5063236
65.828571,7.775003
65.840181,8.0255307
65.851791,7.9644573
65.863401,7.2346256
65.875011,7.6472616
65.886621,7.1074854
65.898231,7.192869
65.909841,7.2096509
65.921451,6.9014408
65.933061,6.6368835
65.944671,6.2687349
65.956281,5.6210452
65.967891,6.0034376
65.979501,5.9148646
65.991111,5.1385615
66.002721,5.109388
66.014331,5.0519355
66.025941,4.3571026
66.037551,4.0941535
66.049161,4.5813079
66.060771,4.2138667
66.072381,4.0304458
66.083991,4.1828108
66.095601,4.0604915
66.107211,3.8688852
66.118821,3.9272746
66.130431,3.8969078
66.142041,3.8589936
66.153651,3.6799099
66.165261,3.521079
66.176871,3.4494097
66.188481,3.4018934
66.200091,3.7911381
66.211701,3.6840682
66.223311,3.7148524
66.234921,3.7006167
66.246531,3.6647097
66.258141,3.4165739
66.269751,3.549528
66.281361,3.4344277
66.292971,3.4136343
66.30458,3.612184
66.31619,3.5676337
66.3278,3.4081958
66.33941,3.3935106
66.35102,3.5947934
66.36263,3.6816103
66.37424,3.7536071
66.38585,3.7964217
66.39746,3.4579551
66.40907,2.9033093
66.42068,2.6784964
66.43229,2.2297361
66.4439,1.9884565
66.45551,1.867532
66.46712,1.9126676
66.47873,1.992441
66.49034,1.9620781
66.50195,1.8883018
66.51356,1.9325098
66.52517,1.8926002
66.53678,1.7298556
66.54839,1.7078158
66.56,1.8323196
66.57161,1.7250513
66.58322,1.7344669
66.59483,1.8321619
66.60644,1.4890596
66.61805,1.4861989
66.62966,1.6772783
66.64127,1.8939213
66.65288,1.6445971
66.66449,1.6559095
66.6761,1.8091662
66.68771,1.781376
66.69932,1.7854142
66.71093,1.8887431
66.72254,2.0428021
66.73415,2.163706
66.74576,2.3578648
66.75737,2.2698335
66.76898,2.4029197
66.78059,2.3137579
66.7922,2.304111
66.80381,2.5069412
66.81542,2.3026906
66.827029,2.1944428
66.838639,2.1083202
66.850249,2.0935966
66.861859,2.1199564
66.873469,2.0595586
66.885079,2.0614146
66.896689,2.0175028
66.908299,2.042538
66.919909,1.9395038
66.931519,1.8303797
66.943129,1.6513321
66.954739,1.5341537
66.966349,1.4840192
66.977959,1.5610368
66.989569,1.5285169
67.001179,1.5673368
67.012789,1.6349322
67.024399,1.6107784
67.036009,1.6660174
67.047619,2.0431458
67.059229,3.2280234
67.070839,5.3540116
67.082449,5.1373007
67.094059,6.2152743
67.105669,6.1597903
67.117279,5.9781244
67.128889,5.7303688
67.140499,5.6342695
67.152109,4.9613049
67.163719,4.5973874
67.175329,5.0341715
67.186939,4.8893473
67.198549,4.8187152
67.210159,5.0463384
67.221769,4.6947032
67.233379,4.2941863
67.244989,3.9168632
67.256599,3.7557867
67.268209,3.8360461
67.279819,3.3386023
67.291429,3.1976487
67.303039,3.4278832
67.314649,2.9122351
67.326259,2.7219059
67.337868,2.9678278
67.349478,3.0224481
67.361088,2.8898707
67.372698,3.591538
67.384308,3.8050491
67.395918,3.6419846
67.407528,3.677684
67.419138,3.4886175
67.430748,3.1277216
67.442358,2.9186654
67.453968,3.1969427
67.465578,3.1508908
67.477188,2.9106474
67.488798,4.7734715
67.500408,7.2921519
67.512018,6.1635405
67.523628,4.1570242
67.535238,4.7947319
67.546848,3.7166276
67.558458,2.6792199
67.570068,3.7138987
67.581678,3.0085358
67.593288,2.9144657
67.604898,4.0568405
67.616508,3.0039726
67.628118,2.6277266
67.639728,3.8956845
67.651338,2.4645192
67.662948,2.9050323
67.674558,3.2019537
67.686168,2.5386924
67.697778,3.7034863
67.709388,3.8145297
67.720998,3.2072091
67.732608,4.2848653
67.744218,3.6590907
67.755828,2.8177654
67.767438,3.9688536
67.779048,3.4869387
67.790658,2.9179352
67.802268,4.7293789
67.813878,3.6892535
67.825488,2.8823608
67.837098,3.9570588
67.848707,4.1370077
67.860317,2.8692236
67.871927,3.1964798
67.883537,1.9909067
67.895147,1.786738
67.906757,3.0310349
67.918367,2.2986629
67.929977,2.2772057
67.941587,2.9597538
67.953197,3.327766
67.964807,3.0567231
67.976417,2.750345
67.988027,2.0578093
67.999637,5.6303464
68.011247,7.3134246
68.022857,8.5091786
68.034467,7.9765734
68.046077,7.4528089
68.057687,7.0340341
68.069297,6.3758947
68.080907,6.341672
68.092517,5.7758959
68.104127,5.1317278
68.115737,4.8971431
68.127347,4.4892164
68.138957,4.7604062
68.150567,4.1879865
68.162177,3.6295393
68.173787,4.3627695
68.185397,6.4387691
68.197007,6.2994831
68.208617,7.1049505
68.220227,5.1301338
68.231837,6.7660567
68.243447,5.7371329
68.255057,6.1920947
68.266667,6.5976608
68.278277,6.4105246
68.289887,6.7488551
68.301497,6.0491129
68.313107,5.9052204
68.324717,4.8369532
68.336327,5.4614969
68.347937,4.4424001
68.359546,4.2835119
68.371156,4.6793691
68.382766,3.6330026
68.394376,5.4314799
68.405986,4.0195838
68.417596,4.8185282
68.429206,4.6536837
68.440816,5.3365867
68.452426,5.7569501
68.464036,4.5716481
68.475646,5.8985196
68.487256,5.0994098
68.498866,5.8335475
68.510476,4.4880058
68.522086,5.8626482
68.533696,4.797676
68.545306,5.0412146
68.556916,3.574413
68.568526,2.89648
68.580136,4.8420306
68.591746,4.2481357
68.603356,3.8782953
68.614966,3.798559
68.626576,4.1351417
68.638186,3.1529528
68.649796,3.9040054
68.661406,2.4901662
68.673016,2.43344
68.684626,2.2999628
68.696236,2.7204317
68.707846,2.6868151
68.719456,3.7405817
68.731066,5.1959162
68.742676,4.8900486
68.754286,5.9983027
68.765896,4.4348717
68.777506,4.9701409
68.789116,4.6503109
68.800726,5.8654678
68.812336,4.8865008
68.823946,6.210249
68.835556,4.0683232
68.847166,5.0338597
68.858776,3.9030049
68.870385,4.3927453
68.881995,4.6944159
68.893605,2.8800888
68.905215,5.3447351
68.916825,3.0712007
68.928435,4.8111852
68.940045,3.8399695
68.951655,3.5827425
68.963265,3.9397037
68.974875,3.4072918
68.986485,4.3572746
68.998095,4.2201305
69.009705,4.6981949
69.021315,3.9142752
69.032925,4.6659726
69.044535,2.7661812
69.056145,3.6343161
69.067755,2.4270423
69.079365,3.2907457
69.090975,3.0939537
69.102585,5.0091969
69.114195,4.7642164
69.125805,4.9466591
69.137415,5.6440015
69.149025,4.4493264
69.160635,5.8550457
69.172245,3.9862681
69.183855,5.0886884
69.195465,3.8805872
69.207075,4.6560459
69.218685,3.1517959
69.230295,4.2436759
69.241905,3.0469858
69.253515,4.2113028
69.265125,3.5874713
69.276735,3.5612849
69.288345,3.2699982
69.299955,4.3505205
69.311565,3.0535352
69.323175,4.6074772
69.334785,2.7227992
69.346395,4.2872222
69.358005,4.1134962
69.369615,2.8243274
69.381224,3.8906659
69.392834,2.600617
69.404444,3.6048945
69.416054,3.5418215
69.427664,3.9582458
69.439274,3.7328929
69.450884,2.9637458
69.462494,3.1117765
69.474104,1.948965
69.485714,1.5657236
69.497324,2.3366415
69.508934,1.9073865
69.520544,2.3955385
69.532154,1.5965594
69.543764,1.869208
69.555374,2.353658
69.566984,2.478094
69.578594,2.0844503
69.590204,2.0643847
69.601814,1.6264505
69.613424,1.6461642
69.625034,2.0522698
69.636644,2.9570781
69.648254,2.2169176
69.659864,2.8912075
69.671474,3.0292365
69.683084,2.4130082
69.694694,2.3255809
69.706304,2.0786151
69.717914,2.0188325
69.729524,2.2649598
69.741134,2.2359263
69.752744,2.3952171
69.764354,2.0354383
69.775964,2.4572561
69.787574,2.0213183
69.799184,2.4056234
69.810794,2.0469584
69.822404,2.7874537
69.834014,2.6398503
69.845624,2.6731239
69.857234,2.4214934
69.868844,4.0725615
69.880454,2.879254
69.892063,3.1375883
69.903673,1.6434297
69.915283,3.7907011
69.926893,2.2208929
69.938503,3.5233815
69.950113,3.4741025
69.961723,3.1321151
69.973333,3.6071275
69.984943,2.0277035
69.996553,3.0249634
70.008163,1.5078931
70.019773,2.4570213
70.031383,2.0846706
70.042993,1.7542401
70.054603,2.5740227
70.066213,1.2879962
70.077823,4.4639131
70.089433,5.6392179
70.101043,4.8114401
70.112653,3.5951087
70.124263,4.0343989
70.135873,3.9755901
70.147483,3.4267606
70.159093,4.2850565
70.170703,3.0865363
70.182313,4.4629907
70.193923,2.7182368
70.205533,3.5350272
70.217143,3.6301612
70.228753,2.453705
70.240363,3.7321452
70.251973,2.8137025
70.263583,3.1505805
70.275193,2.3154489
70.286803,2.493388
70.298413,2.4275724
70.310023,2.8904138
70.321633,2.9755584
70.333243,2.4343765
70.344853,3.1910617
70.356463,2.4187513
70.368073,2.8871163
70.379683,2.5785848
70.391293,2.7530717
70.402902,3.098137
70.414512,2.5018902
70.426122,3.200687
70.437732,2.5108199
70.449342,3.2041327
70.460952,2.517374
70.472562,3.2092293
70.484172,3.1484938
70.495782,3.7111986
70.507392,3.4534604
70.519002,3.2547605
70.530612,2.9021431
70.542222,2.9801671
70.553832,3.3030135
70.565442,3.3029966
70.577052,2.1924288
70.588662,3.2204754
70.600272,2.4456361
70.611882,3.960303
70.623492,2.7494174
70.635102,2.6633102
70.646712,2.9977303
70.658322,2.3252972
70.669932,3.4436562
70.681542,2.5096976
70.693152,2.7737516
70.704762,2.8384618
70.716372,2.5473185
70.727982,3.2706636
70.739592,3.814411
70.751202,3.4902474
70.762812,4.0946938
70.774422,3.9927867
70.786032,3.034677
70.797642,3.9294638
70.809252,3.1103764
70.820862,3.6231038
70.832472,3.6087569
70.844082,3.5761259
70.855692,2.9249176
70.867302,4.1108418
70.878912,2.8430764
70.890522,2.4292061
70.902132,2.511382
70.913741,2.0714119
70.925351,2.1802391
70.936961,2.7309671
70.948571,1.8337127
70.960181,2.5510139
70.971791,2.3618908
70.983401,1.6355754
70.995011,2.0013847
71.006621,2.0625193
71.018231,1.5569883
71.029841,1.942568
71.041451,1.8035116
71.053061,1.8151361
71.064671,1.682645
71.076281,2.5666416
71.087891,2.0015995
71.099501,2.156577
71.111111,1.8903682
71.122721,2.6040964
71.134331,2.573168
71.145941,2.753825
71.157551,2.8664174
71.169161,3.1227237
71.180771,2.9485016
71.192381,2.9585909
71.203991,3.0066949
71.215601,2.6469313
71.227211,2.6155449
71.238821,2.8783361
71.250431,2.8017122
71.262041,2.4356808
71.273651,1.5763068
71.285261,2.9922313
71.296871,2.5660674
71.308481,1.7182975
71.320091,2.6656627
71.331701,2.3012095
71.343311,1.3852553
71.354921,1.754821
71.366531,2.0688898
71.378141,1.4759675
71.389751,1.3032419
71.401361,2.6084085
71.412971,1.9641625
71.42458,1.375452
71.43619,2.099871
71.4478,1.1786694
71.45941,1.3565417
71.47102,1.2746961
71.48263,1.4446961
71.49424,1.8405317
71.50585,1.6530745
71.51746,1.7860014
71.52907,1.6860584
71.54068,1.4248301
71.55229,2.1025716
71.5639,1.315889
71.57551,2.3432374
71.58712,1.7045072
71.59873,1.6856223
71.61034,1.6685909
71.62195,1.7918515
71.63356,1.55343
71.64517,1.7341115
71.65678,1.5467924
71.66839,1.9069639
71.68,1.4503482
71.69161,1.560437
71.70322,1.6351262
71.71483,1.9210951
71.72644,1.7533732
71.73805,1.6733635
71.74966,1.4287468
71.76127,1.443824
71.77288,1.6996923
71.78449,1.5867642
71.7961,1.5534714
71.80771,1.5057066
71.81932,1.7175083
71.83093,1.4722321
71.84254,1.5319787
71.85415,1.2329698
71.86576,1.312189
71.87737,1.556575
71.88898,1.8625155
71.90059,1.5108148
71.9122,1.6909973
71.92381,1.0206075
71.93542,1.424365
71.947029,1.3522546
71.958639,1.6386861
71.970249,1.2463521
71.981859,1.7002889
71.993469,1.3042625
72.005079,1.6113045
72.016689,1.3759787
72.028299,1.1896976
72.039909,1.1480858
72.051519,1.6321039
72.063129,1.4213019
72.074739,1.7397193
72.086349,1.2981557
72.097959,1.0761035
72.109569,0.91272963
72.121179,1.3613154
72.132789,1.2381855
72.144399,1.5077094
72.156009,1.2986452
72.167619,1.3579143
72.179229,1.286979
72.190839,1.0484255
72.202449,0.84742828
72.214059,1.1209846
72.225669,1.192492
72.237279,1.4485813
72.248889,1.3096441
72.260499,1.1878789
72.272109,1.4991686
72.283719,1.548754
72.295329,2.5864172
72.306939,2.0581607
72.318549,2.0004358
72.330159,1.6925592
72.341769,2.285368
72.353379,1.7493344
72.364989,1.7489576
72.376599,1.7341017
72.388209,2.0667796
72.399819,1.625893
72.411429,1.9733305
72.423039,2.0001544
72.434649,1.5280852
72.446259,1.463474
72.457868,1.9938959
72.469478,1.8649343
72.481088,1.6389545
72.492698,1.8983904
72.504308,1.9882623
72.515918,1.8775832
72.527528,2.166502
72.539138,2.1664672
72.550748,1.7867695
72.562358,1.6884621
72.573968,2.0973511
72.585578,2.1578913
72.597188,1.8551389
72.608798,1.9147046
72.620408,2.0149075
72.632018,2.0025268
72.643628,1.9664965
72.655238,2.0579911
72.666848,1.8346513
72.678458,1.7297203
72.690068,1.9376985
72.701678,2.0750708
72.713288,1.7136667
72.724898,1.6627132
72.736508,1.8090926
72.748118,1.9419378
72.759728,1.7827658
72.771338,1.768873
72.782948,1.7378321
72.794558,1.690576
72.806168,1.5934156
72.817778,1.8722656
72.829388,1.7284279
72.840998,1.4605373
72.852608,1.5212658
72.864218,1.73237
72.875828,1.5507274
72.887438,1.4662446
72.899048,1.3984973
72.910658,1.4380018
72.922268,1.3490745
72.933878,1.3410992
72.945488,1.3894957
72.957098,1.4591337
72.968707,1.3092067
72.980317,1.3728611
72.991927,1.4962982
73.003537,1.2144602
73.015147,1.2828108
73.026757,1.3486229
73.038367,1.1410052
73.049977,1.2158531
73.061587,1.2481838
73.073197,1.054838
73.084807,1.2349586
73.096417,1.1999319
73.108027,1.111498
73.119637,5.2325764
73.131247,6.9301297
73.142857,7.9133316
73.154467,7.2461321
73.166077,6.1054558
73.177687,7.2308711
73.189297,8.1898962
73.200907,8.0983665
73.212517,7.9886943
73.224127,8.6373992
73.235737,8.6071458
73.247347,8.3598981
73.258957,8.2669924
73.270567,7.544221
73.282177,7.4823346
73.293787,7.0428594
73.305397,6.646854
73.317007,5.8520027
73.328617,5.5438029
73.340227,5.6082587
73.351837,5.5320138
73.363447,5.1344348
73.375057,5.0142297
73.386667,5.1739153
73.398277,4.9428348
73.409887,4.5683785
73.421497,4.3472947
73.433107,4.205476
73.444717,3.8318077
73.456327,3.8333485
73.467937,3.5139394
73.479546,3.3080917
73.491156,3.3620979
73.502766,3.2303405
73.514376,2.7735703
73.525986,2.8843393
73.537596,3.0283277
73.549206,2.8887829
73.560816,2.6471123
73.572426,2.7974817
73.584036,2.8194127
73.595646,2.7079681
73.607256,2.7763877
73.618866,2.5757874
73.630476,2.2217513
73.642086,2.1857281
73.653696,2.3524573
73.665306,2.4000561
73.676916,2.1837711
73.688526,2.2078083
73.700136,2.1857875
73.711746,1.8204517
73.723356,1.3709036
73.734966,1.4487711
73.746576,1.3777458
73.758186,1.3856574
73.769796,1.331509
73.781406,1.3170977
73.793016,1.233284
73.804626,1.2240179
73.816236,1.1466569
73.827846,1.1894733
73.839456,1.1031974
73.851066,1.1690995
73.862676,1.0530447
73.874286,1.3721734
73.885896,1.7537092
73.897506,1.6497875
73.909116,1.3437526
73.920726,2.1748632
73.932336,1.8627746
73.943946,1.7267919
73.955556,2.0818464
73.967166,2.1028482
73.978776,1.6218832
73.990385,1.784853
74.001995,1.9680761
74.013605,1.7355146
74.025215,1.3870638
74.036825,1.5944227
74.048435,1.6852824
74.060045,1.2241963
74.071655,1.3880803
74.083265,1.7027826
74.094875,1.4364308
74.106485,1.0617709
74.118095,1.6714536
74.129705,1.8536276
74.141315,1.2614254
74.152925,1.5467641
74.164535,1.8811466
74.176145,1.615285
74.187755,1.3051211
74.199365,1.6594913
74.210975,1.7124327
74.222585,1.2754694
74.234195,1.4170436
74.245805,1.7600365
74.257415,1.5818101
74.269025,1.177881
74.280635,1.6194437
74.292245,1.7616621
74.303855,1.2825756
74.315465,1.4121099
74.327075,1.7172443
74.338685,1.3833431
74.350295,1.082177
74.361905,1.5706531
74.373515,1.4512969
74.385125,1.4275221
74.396735,1.0632201
74.408345,1.4748749
74.419955,1.3755343
74.431565,1.3362312
74.443175,1.0573101
74.454785,1.3223594
74.466395,1.3894728
74.478005,1.2424905
74.489615,1.3424828
74.501224,1.3852331
74.512834,1.225641
74.524444,3.3126541
74.536054,5.4454903
74.547664,4.7254664
74.559274,4.1585412
74.570884,3.6165974
74.582494,3.5810741
74.594104,4.4276595
74.605714,4.1817602
74.617324,3.7771357
74.628934,3.8204825
74.640544,3.4891333
74.652154,2.9905725
74.663764,3.1237104
74.675374,3.0306225
74.686984,3.1460741
74.698594,3.4322492
74.710204,3.0620468
74.721814,2.6680156
74.733424,2.7433786
74.745034,2.2578356
74.756644,1.5491127
74.768254,1.468336
74.779864,1.6827317
74.791474,1.7937929
74.803084,2.2154638
74.814694,2.3140769
74.826304,2.12881
74.837914,1.8736864
74.849524,1.8697562
74.861134,2.0645856
74.872744,2.1975354
74.884354,2.2095247
74.895964,2.4815006
74.907574,2.5490039
74.919184,2.6033156
74.930794,2.4610539
74.942404,2.4209278
74.954014,2.2102595
74.965624,1.9616838
74.977234,1.8844277
74.988844,2.1381136
75.000454,2.2474598
75.012063,2.1224151
75.023673,2.2677453
75.035283,3.3569857
75.046893,4.64199
75.058503,3.8789856
75.070113,4.0585868
75.081723,4.4758587
75.093333,3.5431379
75.104943,4.8580351
75.116553,4.6520027
75.128163,4.4312457
75.139773,4.9819283
75.151383,4.4156822
75.162993,4.9112693
75.174603,4.7850774
75.186213,3.8202937
75.197823,4.4994384
75.209433,3.7533452
75.221043,3.6634898
75.232653,3.3362339
75.244263,3.0074524
75.255873,3.3751186
75.267483,3.2236112
75.279093,3.4723176
75.290703,3.6711908
75.302313,3.4348327
75.313923,3.5238465
75.325533,3.5537923
75.337143,3.2052073
75.348753,3.2857055
75.360363,3.0590387
75.371973,3.9610167
75.383583,3.4366724
75.395193,3.2491566
75.406803,3.2363564
75.418413,3.0519003
75.430023,2.5881147
75.441633,2.5884514
75.453243,2.4780988
75.464853,2.6505867
75.476463,2.1150631
75.488073,2.7849447
75.499683,2.8151546
75.511293,1.9909122
75.522902,1.7372212
75.534512,1.987226
75.546122,2.9979382
75.557732,3.3131695
75.569342,3.025314
75.580952,3.664311
75.592562,3.9273339
75.604172,3.4425747
75.615782,3.2138225
75.627392,3.7175475
75.639002,3.3713184
75.650612,5.1980024
75.662222,6.0209228
75.673832,4.4225069
75.685442,3.6010987
75.697052,4.0825562
75.708662,4.7469414
75.720272,5.4747473
75.731882,5.2110546
75.743492,4.4579837
75.755102,4.5061109
75.766712,3.6617709
75.778322,3.2216448
75.789932,3.0724857
75.801542,2.676077
75.813152,3.2436216
75.824762,3.7351903
75.836372,5.5137929
75.847982,5.6808979
75.859592,5.7690698
75.871202,5.0477416
75.882812,4.9694325
75.894422,4.6348405
75.906032,4.9945596
75.917642,4.8461665
75.929252,4.4448417
75.940862,4.0131377
75.952472,3.1301875
75.964082,2.3781344
75.975692,2.4089145
75.987302,2.6739167
75.998912,2.7511519
76.010522,3.8773045
76.022132,4.675393
76.033741,5.221898
76.045351,5.5400218
76.056961,5.8485802
76.068571,5.0017834
76.080181,4.8062162
76.091791,4.707623
76.103401,4.4432897
76.115011,4.3455259
76.126621,4.7659069
76.138231,4.6858576
76.149841,4.7627171
76.161451,4.2426821
76.173061,4.1622152
76.184671,3.7956792
76.196281,3.3196517
76.207891,3.3954232
76.219501,3.8585881
76.231111,3.8169409
76.242721,3.4659191
76.254331,2.8366241
76.265941,3.1497298
76.277551,3.3877306
76.289161,3.8937691
76.300771,4.0311464
76.312381,4.4201152
76.323991,4.2146904
76.335601,4.3006293
76.347211,4.2090312
76.358821,4.0667388
76.370431,3.956179
76.382041,4.0278427
76.393651,3.9716576
76.405261,3.85065
76.416871,3.7567312
76.428481,3.8376874
76.440091,3.642128
76.451701,3.5375765
76.463311,3.4520667
76.474921,3.320158
76.486531,3.2366117
76.498141,3.1327048
76.509751,2.9544783
76.521361,2.762078
76.532971,2.7664556
76.54458,2.6192242
76.55619,2.624237
76.5678,2.6446675
76.57941,2.9739775
76.59102,3.1016522
76.60263,3.2004811
76.61424,2.8402937
76.62585,3.3028713
76.63746,3.0803512
76.64907,2.7356439
76.66068,2.4157305
76.67229,2.2868649
76.6839,1.8140815
76.69551,2.0671822
76.70712,1.9300683
76.71873,2.1893661
76.73034,2.0315744
76.74195,2.2946705
76.75356,2.1982659
76.76517,2.2446025
76.77678,2.214782
76.78839,2.0973248
76.8,2.0047879
76.81161,1.7311508
76.82322,1.9944112
76.83483,1.7198195
76.84644,2.0625285
76.85805,1.7366769
76.86966,1.9228179
76.88127,1.6710502
76.89288,1.9004706
76.90449,1.7122153
76.9161,2.1361647
76.92771,1.8789841
76.93932,2.1452803
76.95093,1.8148719
76.96254,2.1048706
76.97415,1.6643591
76.98576,1.8228229
76.99737,1.4780002
77.00898,1.6252794
77.02059,1.439798
77.0322,1.6473532
77.04381,1.6053364
77.05542,1.6695597
77.067029,1.6522941
77.078639,1.6529989
77.090249,1.6811968
77.101859,2.2994431
77.113469,2.3281846
77.125079,2.1357488
77.136689,2.689576
77.148299,2.59336
77.159909,2.8566825
77.171519,2.2262453
77.183129,3.2607409
77.194739,5.3269068
77.206349,6.3924096
77.217959,7.6118361
77.229569,7.4175112
77.241179,6.5897075
77.252789,7.5353213
77.264399,7.7986492
77.276009,7.6797616
77.287619,7.7203213
77.299229,8.805662
77.310839,8.9055906
77.322449,7.6281909
77.334059,7.3761489
77.345669,8.0177266
77.357279,7.6464485
77.368889,6.3591381
77.380499,6.1221214
77.392109,5.5008507
77.403719,5.4972946
77.415329,5.0914862
77.426939,5.3926364
77.438549,5.0681469
77.450159,3.723313
77.461769,4.6532645
77.473379,5.4457372
77.484989,4.1159133
77.496599,4.0651232
77.508209,4.0507994
77.519819,3.4541437
77.531429,3.3438396
77.543039,3.5723103
77.554649,3.6794518
77.566259,3.0364539
77.577868,2.539447
77.589478,2.874183
77.601088,3.2440678
77.612698,2.4751454
77.624308,3.0118563
77.635918,3.4785467
77.647528,3.2806536
77.659138,2.9216716
77.670748,3.9249199
77.682358,3.9647488
77.693968,3.2282836
77.705578,3.7283873
77.717188,4.6508565
77.728798,4.6163607
77.740408,3.7929354
77.752018,5.1754391
77.763628,5.3772765
77.775238,4.1555316
77.786848,4.4803926
77.798458,5.1471879
77.810068,4.5742628
77.821678,3.9622479
77.833288,3.9246772
77.844898,3.945927
77.856508,4.3800374
77.868118,4.5199843
77.879728,5.1390916
77.891338,5.5019742
77.902948,4.6230818
77.914558,5.0483619
77.926168,4.9599865
77.937778,4.5555646
77.949388,3.909737
77.960998,3.9980652
77.972608,4.0431282
77.984218,3.7935244
77.995828,4.1358642
78.007438,3.9575119
78.019048,4.8624784
78.030658,5.7606547
78.042268,5.0967721
78.053878,5.7134937
78.065488,5.5076522
78.077098,4.7577863
78.088707,6.5335056
78.100317,5.4751872
78.111927,4.2015275
78.123537,4.5506087
78.135147,5.2674358
78.146757,5.5930073
78.158367,4.11399
78.169977,6.0863744
78.181587,6.7718838
78.193197,4.1640425
78.204807,4.3002851
78.216417,4.0432318
78.228027,5.6717856
78.239637,6.2755864
78.251247,6.1538542
78.262857,8.2903344
78.274467,7.0317107
78.286077,7.2291399
78.297687,7.5286
78.309297,6.4751944
78.320907,6.8836343
78.332517,6.3502306
78.344127,7.2136432
78.355737,8.2961952
78.367347,7.3695269
78.378957,11.64515
78.390567,12.078772
78.402177,9.1096016
78.413787,9.8343345
78.425397,12.446846
78.437007,11.870677
78.448617,10.395176
78.460227,12.625269
78.471837,12.841387
78.483447,11.008955
78.495057,11.098076
78.506667,11.524364
78.518277,10.745964
78.529887,9.2980486
78.541497,10.112741
78.553107,9.7079363
78.564717,7.2250682
78.576327,7.9299591
78.587937,9.3256888
78.599546,7.7855834
78.611156,6.9192301
78.622766,8.1503542
78.634376,7.6032605
78.645986,5.9647782
78.657596,7.1022083
78.669206,7.3678896
78.680816,5.4625009
78.692426,5.8616514
78.704036,6.7634251
78.715646,5.5344207
78.727256,4.5651302
78.738866,5.365996
78.750476,6.0356119
78.762086,5.2994881
78.773696,5.2712883
78.785306,6.054852
78.796916,4.7374529
78.808526,5.4150221
78.820136,5.0002227
78.831746,5.8723793
78.843356,8.2239046
78.854966,8.115206
78.866576,9.9104276
78.878186,9.8174398
78.889796,11.425115
78.901406,10.224031
78.913016,9.2757126
78.924626,9.0949691
78.936236,8.3981634
78.947846,8.7581625
78.959456,8.1988243
78.971066,9.1510093
78.982676,8.2399266
78.994286,8.0045542
79.005896,7.3241156
79.017506,6.7527609
79.029116,7.1051202
79.040726,6.9107232
79.052336,7.8401316
79.063946,7.1324738
79.075556,7.6986773
79.087166,6.5222728
79.098776,7.9072531
79.110385,7.2555885
79.121995,7.3105148
79.133605,7.4077349
79.145215,6.576472
79.156825,6.8101116
79.168435,5.6992831
79.180045,6.3807319
79.191655,5.095153
79.203265,5.6533689
79.214875,4.1164076
79.226485,5.1710831
79.238095,4.6093406
79.249705,4.9988823
79.261315,5.0324019
79.272925,4.6792492
79.284535,5.434332
79.296145,4.3352438
79.307755,5.2347894
79.319365,4.3182737
79.330975,5.1090452
79.342585,5.0793371
79.354195,4.745143
79.365805,4.9413038
79.377415,5.0010536
79.389025,5.7740628
79.400635,5.103962
79.412245,4.9397881
79.423855,5.3577545
79.435465,5.2992687
79.447075,5.0949483
79.458685,5.0410043
79.470295,4.78435
79.481905,5.043767
79.493515,5.1447265
79.505125,4.8930391
79.516735,5.0228082
79.528345,4.7698128
79.539955,4.941169
79.551565,4.6499411
79.563175,4.9294866
79.574785,4.5821295
79.586395,4.2722506
79.598005,4.3733582
79.609615,3.7449094
79.621224,5.0120552
79.632834,3.868046
79.644444,4.3576272
79.656054,3.9932985
79.667664,3.8460348
79.679274,4.2268869
79.690884,2.5981387
79.702494,4.8281029
79.714104,4.6341038
79.725714,10.220462
79.737324,14.498455
79.748934,15.148725
79.760544,13.896866
79.772154,11.979218
79.783764,11.364139
79.795374,10.838756
79.806984,10.895272
79.818594,10.275964
79.830204,10.009055
79.841814,8.8193717
79.853424,7.6580926
79.865034,7.7886203
79.876644,6.823117
79.888254,7.5376478
79.899864,6.6111448
79.911474,5.5104809
79.923084,5.1438628
79.934694,5.1667535
79.946304,5.4551982
79.957914,5.042862
79.969524,5.0439367
79.981134,5.1185971
79.992744,5.5807778
80.004354,5.9011087
80.015964,6.4432425
80.027574,6.3677752
80.039184,6.1044843
80.050794,6.1868804
80.062404,9.0682459
80.074014,8.0222387
80.085624,9.0648172
80.097234,10.112917
80.108844,10.884619
80.120454,13.951524
80.132063,13.478817
80.143673,13.83615
80.155283,13.371874
80.166893,12.449976
80.178503,12.655167
80.190113,13.065888
80.201723,12.61897
80.213333,11.737556
80.224943,10.974951
80.236553,10.414207
80.248163,11.004265
80.259773,11.684984
80.271383,9.6884155
80.282993,11.238627
80.294603,13.1925
80.306213,14.09157
80.317823,13.016472
80.329433,13.016585
80.341043,12.043918
80.352653,13.025746
80.364263,12.712151
80.375873,13.713483
80.387483,12.467784
80.399093,9.7603275
80.410703,8.0434818
80.422313,9.3615217
80.433923,10.06898
80.445533,9.9409721
80.457143,10.1129
80.468753,9.1804022
80.480363,8.1717817
80.491973,10.170501
80.503583,9.4172602
80.515193,8.9303644
80.526803,11.218972
80.538413,7.2800764
80.550023,10.827743
80.561633,7.6546257
80.573243,8.6563003
80.584853,7.9347611
80.596463,7.2309738
80.608073,8.9685971
80.619683,8.1589826
80.631293,6.4773283
80.642902,10.650192
80.654512,15.643962
80.666122,15.971955
80.677732,15.156344
80.689342,13.224126
80.700952,11.452572
80.712562,11.733509
80.724172,10.257669
80.735782,10.650082
80.747392,9.6375266
80.759002,8.3739309
80.770612,6.8323479
80.782222,7.9952494
80.793832,6.9100407
80.805442,10.18224
80.817052,13.570235
80.828662,17.526477
80.840272,16.19593
80.851882,15.15199
80.863492,15.130175
80.875102,13.615604
80.886712,13.83594
80.898322,14.512024
80.909932,12.165155
80.921542,13.373244
80.933152,11.349026
80.944762,10.662344
80.956372,10.65793
80.967982,10.655172
80.979592,9.0643122
80.991202,15.871982
81.002812,9.2588707
81.014422,14.765
81.026032,11.728676
81.037642,13.268846
81.049252,11.049241
81.060862,11.011812
81.072472,12.101812
81.084082,9.5158107
81.095692,10.821094
81.107302,7.9205448
81.118912,8.7707094
81.130522,6.3175335
81.142132,7.8864089
81.153741,5.815024
81.165351,8.3593418
81.176961,7.400625
81.188571,6.1835451
81.200181,6.7189721
81.211791,6.5704412
81.223401,7.0406669
81.235011,5.7675706
81.246621,7.514967
81.258231,6.7207885
81.269841,6.3226785
81.281451,6.3847394
81.293061,6.2579813
81.304671,5.6137139
81.316281,5.8877741
81.327891,5.5880825
81.339501,6.9940104
81.351111,6.4284311
81.362721,6.4475472
81.374331,6.3801858
81.385941,4.9239023
81.397551,6.0601072
81.409161,5.0664974
81.420771,4.9606759
81.432381,4.9213091
81.443991,3.9674944
81.455601,4.6508078
81.467211,4.1110529
81.478821,4.5774089
81.490431,4.0863463
81.502041,4.2429855
81.513651,4.4169421
81.525261,4.1416357
81.536871,4.1656421
81.548481,5.1467715
81.560091,4.3254752
81.571701,5.1471263
81.583311,4.7100565
81.594921,4.1645371
81.606531,4.970838
81.618141,5.4078528
81.629751,4.6987103
81.641361,5.3397843
81.652971,3.9758848
81.66458,4.2917965
81.67619,4.648332
81.6878,4.0683723
81.69941,4.456624
81.71102,4.4736834
81.72263,3.8616684
81.73424,4.4087998
81.74585,3.9864789
81.75746,4.0046844
81.76907,3.8349302
81.78068,3.0111252
81.79229,3.893391
81.8039,5.3850048
81.81551,4.9174715
81.82712,4.7635049
81.83873,4.8491683
81.85034,4.6784964
81.86195,5.3562127
81.87356,4.842797
81.88517,5.5458427
81.89678,5.3357269
81.90839,5.6352129
81.92,6.9350368
81.93161,7.0813039
81.94322,7.4126272
81.95483,6.5522806
81.96644,6.6347529
81.97805,6.0334875
81.98966,6.3412791
82.00127,6.5240659
82.01288,6.9935874
82.02449,7.3105677
82.0361,8.4724551
82.04771,8.5326658
82.05932,8.7443602
82.07093,8.330097
82.08254,8.3519314
82.09415,7.8887594
82.10576,7.831023
82.11737,6.9041753
82.12898,6.7238683
82.14059,5.6113855
82.1522,5.7265549
82.16381,5.3329643
82.17542,6.213513
82.187029,6.1064841
82.198639,6.5650744
82.210249,5.9024031
82.221859,6.1064703
82.233469,5.7858284
82.245079,4.9989791
82.256689,5.5906382
82.268299,5.0729303
82.279909,5.4420815
82.291519,4.5772633
82.303129,4.1295753
82.314739,4.828647
82.326349,4.0878273
82.337959,4.6657381
82.349569,4.4133559
82.361179,4.2285053
82.372789,4.2963281
82.384399,3.7931336
82.396009,5.5685441
82.407619,4.1205336
82.419229,4.6302424
82.430839,3.1945505
82.442449,5.7419809
82.454059,2.621498
82.465669,4.286189
82.477279,4.7166414
82.488889,4.2064783
82.500499,5.6407978
82.512109,2.9272952
82.523719,5.0241516
82.535329,3.1881264
82.546939,5.1727915
82.558549,3.3023717
82.570159,5.3633915
82.581769,6.6257559
82.593379,5.3148591
82.604989,6.9298057
82.616599,6.9766346
82.628209,7.8296559
82.639819,7.4967726
82.651429,6.2700986
82.663039,7.3607629
82.674649,8.1724725
82.686259,7.7746331
82.697868,6.2891174
82.709478,6.1433306
82.721088,8.4263088
82.732698,9.4838824
82.744308,8.878178
82.755918,7.0718412
82.767528,8.1310522
82.779138,8.2963511
82.790748,8.3434263
82.802358,8.5359216
82.813968,8.6620023
82.825578,8.2698933
82.837188,7.43554
82.848798,6.6153316
82.860408,7.0252025
82.872018,6.9911083
82.883628,6.0747957
82.895238,5.2733971
82.906848,5.9225073
82.918458,6.4986653
82.930068,5.8983218
82.941678,6.0375704
82.953288,6.1499661
82.964898,6.2701463
82.976508,5.9363308
82.988118,4.8607987
82.999728,4.7983179
83.011338,5.1236541
83.022948,5.0841618
83.034558,4.9091287
83.046168,4.964223
83.057778,4.5634431
83.069388,4.4422916
83.080998,4.3498007
83.092608,4.6027712
83.104218,5.8233662
83.115828,6.3231334
83.127438,6.5000439
83.139048,5.5488326
83.150658,5.1139089
83.162268,4.9973831
83.173878,4.70416
83.185488,4.7432444
83.197098,4.5905857
83.208707,4.18587
83.220317,3.5909395
83.231927,3.4033552
83.243537,2.9310244
83.255147,2.8389339
83.266757,3.0838325
83.278367,2.7921116
83.289977,2.7069884
83.301587,2.5106157
83.313197,2.456679
83.324807,2.2714961
83.336417,2.2986154
83.348027,2.4693221
83.359637,2.6769439
83.371247,2.5629476
83.382857,3.0795429
83.394467,3.1137602
83.406077,3.0721402
83.417687,2.9350735
83.429297,3.528768
83.440907,2.7824248
83.452517,3.2611989
83.464127,3.3014589
83.475737,4.345005
83.487347,5.4750776
83.498957,4.6469668
83.510567,4.8969425
83.522177,4.7818612
83.533787,4.5564875
83.545397,4.1543293
83.557007,3.9219829
83.568617,3.555687
83.580227,3.8457545
83.591837,3.4103361
83.603447,2.7729388
83.615057,3.3927317
83.626667,3.8019125
83.638277,4.0867227
83.649887,4.1691984
83.661497,4.1151345
83.673107,4.1706703
83.684717,4.0577727
83.696327,3.731054
83.707937,3.354546
83.719546,3.4614031
83.731156,3.3346258
83.742766,3.3029727
83.754376,4.2275095
83.765986,2.1354772
83.777596,3.698083
83.789206,2.1267226
83.800816,4.2322163
83.812426,1.4204332
83.824036,3.856022
83.835646,3.2352909
83.847256,3.2839296
83.858866,3.7608239
83.870476,2.9558363
83.882086,4.0066051
83.893696,2.7431733
83.905306,3.9628858
83.916916,2.6798336
83.928526,3.877723
83.940136,2.3042364
83.951746,3.195202
83.963356,2.5036741
83.974966,2.3519188
83.986576,3.101437
83.998186,2.2939579
84.009796,3.1232683
84.021406,2.3977715
84.033016,2.5988791
84.044626,2.597857
84.056236,4.8033653
84.067846,4.2379814
84.079456,4.1730203
84.091066,1.7676031
84.102676,2.4261183
84.114286,3.289231
84.125896,2.0312389
84.137506,2.7545923
84.149116,2.198895
84.160726,2.7704028
84.172336,2.5882386
84.183946,3.1959086
84.195556,3.4429779
84.207166,2.7406946
84.218776,3.3407587
84.230385,2.4759755
84.241995,2.9357829
84.253605,2.7750761
84.265215,2.4361459
84.276825,3.3374132
84.288435,2.3824913
84.300045,2.7918025
84.311655,2.4125588
84.323265,2.158928
84.334875,2.2063125
84.346485,1.9450378
84.358095,2.0766802
84.369705,2.3901336
84.381315,1.9620405
84.392925,1.8672899
84.404535,2.0468983
84.416145,3.5359117
84.427755,3.6865499
84.439365,4.3009928
84.450975,4.0954347
84.462585,4.0295349
84.474195,3.9237129
84.485805,4.3019863
84.497415,3.9969719
84.509025,4.0021049
84.520635,4.2681963
84.532245,3.5747377
84.543855,3.7231572
84.555465,4.0542384
84.567075,3.2841047
84.578685,3.2659496
84.590295,2.9496487
84.601905,2.4380119
84.613515,3.3175111
84.625125,2.441132
84.636735,2.8686749
84.648345,3.0666066
84.659955,2.2771489
84.671565,2.5905905
84.683175,2.2036929
84.694785,1.6570878
84.706395,2.1359989
84.718005,2.0764115
84.729615,2.3787802
84.741224,2.3484582
84.752834,2.2128569
84.764444,2.5192579
84.776054,1.7886329
84.787664,2.0482547
84.799274,1.9998857
84.810884,1.4264657
84.822494,1.6976494
84.834104,1.3631724
84.845714,1.3207139
84.857324,1.6165811
84.868934,1.0810285
84.880544,1.6024324
84.892154,1.760158
84.903764,1.569964
84.915374,2.0326498
84.926984,2.0463729
84.938594,2.8305386
84.950204,2.6709646
84.961814,2.8618275
84.973424,3.3717747
84.985034,3.1999813
84.996644,3.0361109
85.008254,2.6869901
85.019864,2.7490038
85.031474,3.1130135
85.043084,2.6020215
85.054694,2.6422586
85.066304,2.8995275
85.077914,2.705505
85.089524,1.8893061
85.101134,2.6618774
85.112744,2.9295689
85.124354,2.1602207
85.135964,2.1509658
85.147574,3.0169541
85.159184,2.5280067
85.170794,1.7419308
85.182404,2.8558543
85.194014,2.8296431
85.205624,1.9295702
85.217234,2.0484437
85.228844,2.8368766
85.240454,2.4737298
85.252063,1.6505158
85.263673,2.3864465
85.275283,2.6196623
85.286893,1.9421207
85.298503,1.7020548
85.310113,2.446669
85.321723,2.2747143
85.333333,1.716761
85.344943,2.1319372
85.356553,2.4213016
85.368163,2.0897218
85.379773,1.570211
85.391383,2.0846869
85.402993,1.9868929
85.414603,1.9442305
85.426213,1.5841799
85.437823,1.890811
85.449433,4.7847244
85.461043,6.7096714
85.472653,6.4821801
85.484263,5.710966
85.495873,3.5089867
85.507483,3.5122005
85.519093,4.4148865
85.530703,4.4387766
85.542313,3.7913366
85.553923,3.5447154
85.565533,3.2101056
85.577143,3.6093161
85.588753,4.5864494
85.600363,4.7038526
85.611973,5.2366431
85.623583,5.0103276
85.635193,4.5833675
85.646803,3.8513185
85.658413,3.5101967
85.670023,4.0668991
85.681633,4.407612
85.693243,4.2132762
85.704853,3.7828326
85.716463,2.9561441
85.728073,2.2362875
85.739683,3.1811154
85.751293,3.3008175
85.762902,3.1291874
85.774512,3.2759928
85.786122,2.384427
85.797732,2.1490186
85.809342,2.4891729
85.820952,2.8387355
85.832562,2.8200278
85.844172,4.6238314
85.855782,5.9250509
85.867392,5.2619147
85.879002,6.0437835
85.890612,5.071025
85.902222,5.2464664
85.913832,6.5197802
85.925442,5.9314867
85.937052,5.9098425
85.948662,6.2840397
85.960272,5.6332836
85.971882,5.1061738
85.983492,5.5821114
85.995102,4.8759145
86.006712,4.6691646
86.018322,4.3562038
86.029932,2.6652777
86.041542,4.3190411
86.053152,4.6201966
86.064762,4.3878826
86.076372,4.9595356
86.087982,4.842047
86.099592,4.5931261
86.111202,4.4347685
86.122812,3.8483006
86.134422,3.8255344
86.146032,3.4181013
86.157642,2.6881767
86.169252,2.9850863
86.180862,2.7905739
86.192472,3.2029586
86.204082,4.0592798
86.215692,4.1725539
86.227302,5.4929703
86.238912,5.0306523
86.250522,3.7166578
86.262132,4.6347361
86.273741,4.7839544
86.285351,4.8136652
86.296961,5.0274071
86.308571,6.9270874
86.320181,7.1864356
86.331791,6.232272
86.343401,7.3969759
86.355011,7.8534234
86.366621,9.8706396
86.378231,10.778253
86.389841,8.5429911
86.401451,7.2654049
86.413061,7.4131277
86.424671,9.0221553
86.436281,9.8056227
86.447891,9.5303854
86.459501,7.9540288
86.471111,7.1501139
86.482721,7.0202896
86.494331,5.9875607
86.505941,6.8526042
86.517551,7.4765661
86.529161,9.0899436
86.540771,9.2517838
86.552381,8.564689
86.563991,8.3534596
86.575601,6.234313
86.587211,5.2126172
86.598821,5.6898066
86.610431,6.1552952
86.622041,6.934668
86.633651,6.7165183
86.645261,6.6589796
86.656871,5.8976969
86.668481,5.812215
86.680091,5.1502878
86.691701,4.278311
86.703311,3.8560526
86.714921,4.9126008
86.726531,4.934485
86.738141,5.1907781
86.749751,5.9468377
86.761361,5.329733
86.772971,5.2796476
86.78458,6.7408764
86.79619,7.7338916
86.8078,8.4840543
86.81941,7.98503
86.83102,7.2668346
86.84263,7.6714459
86.85424,6.5773058
86.86585,6.8955057
86.87746,7.6326192
86.88907,8.0228052
86.90068,7.4917548
86.91229,6.665609
86.9239,6.2808159
86.93551,5.0232449
86.94712,4.6717553
86.95873,3.4244911
86.97034,4.0565164
86.98195,3.541854
86.99356,6.5297672
87.00517,10.603317
87.01678,11.713946
87.02839,11.681447
87.04,10.827013
87.05161,10.606792
87.06322,9.8026943
87.07483,9.5111389
87.08644,8.9096385
87.09805,7.9832311
87.10966,6.3210527
87.12127,4.8628619
87.13288,5.5560073
87.14449,5.6908601
87.1561,6.1616143
87.16771,6.851688
87.17932,7.0105217
87.19093,6.3684481
87.20254,6.0997609
87.21415,5.9356091
87.22576,6.5637499
87.23737,5.7266297
87.24898,4.908356
87.26059,5.3546576
87.2722,6.7158425
87.28381,7.1688515
87.29542,7.8159448
87.307029,7.7658957
87.318639,8.4684279
87.330249,8.853502
87.341859,8.4964548
87.353469,8.2113026
87.365079,8.4611034
87.376689,8.4622344
87.388299,8.1469548
87.399909,8.1644352
87.411519,8.0968915
87.423129,7.8855974
87.434739,7.3898216
87.446349,7.2418278
87.457959,7.1098323
87.469569,6.8314377
87.481179,6.1302103
87.492789,5.5119573
87.504399,5.4206908
87.516009,5.3035565
87.527619,5.4324818
87.539229,5.2784732
87.550839,4.7814598
87.562449,4.3948385
87.574059,4.1759591
87.585669,5.0235582
87.597279,5.2954029
87.608889,4.8974884
87.620499,4.6845398
87.632109,4.290114
87.643719,3.7554426
87.655329,3.6203436
87.666939,4.2343828
87.678549,4.254097
87.690159,4.2871342
87.701769,3.934418
87.713379,3.7241673
87.724989,3.6360871
87.736599,3.3338967
87.748209,3.3293678
87.759819,3.2747217
87.771429,3.4687657
87.783039,3.0009178
87.794649,2.952062
87.806259,2.7572864
87.817868,2.8234545
87.829478,2.332634
87.841088,2.3915521
87.852698,3.2810794
87.864308,2.0840598
87.875918,2.2026465
87.887528,2.0128429
87.899138,2.4391699
87.910748,2.215245
87.922358,2.3721164
87.933968,3.324625
87.945578,5.2308784
87.957188,7.6830356
87.968798,9.8975339
87.980408,11.778531
87.992018,9.1393068
88.003628,10.001472
88.015238,10.754172
88.026848,9.6998897
88.038458,10.386735
88.050068,10.538103
88.061678,9.8717175
88.073288,9.5635169
88.084898,8.5957026
88.096508,8.7078442
88.108118,9.1859514
88.119728,6.4746804
88.131338,6.0859142
88.142948,7.0943751
88.154558,6.2708172
88.166168,6.8328128
88.177778,7.3498947
88.189388,7.2177444
88.200998,6.2922956
88.212608,5.2901081
88.224218,6.4708355
88.235828,6.5122796
88.247438,4.9771026
88.259048,5.7588897
88.270658,6.8091551
88.282268,6.8354316
88.293878,6.2952131
88.305488,5.9201845
88.317098,5.3328001
88.328707,4.9317307
88.340317,6.0332856
88.351927,6.0948738
88.363537,5.98004
88.375147,5.9694202
88.386757,5.9355274
88.398367,4.0818616
88.409977,3.8966521
88.421587,5.5890425
88.433197,6.3030329
88.444807,4.9649238
88.456417,5.9949021
88.468027,7.7974011
88.479637,7.0322293
88.491247,6.333422
88.502857,6.8876005
88.514467,7.5328737
88.526077,7.4114401
88.537687,6.2939922
88.549297,7.9163583
88.560907,9.5750522
88.572517,8.5403515
88.584127,8.4735157
88.595737,8.4741017
88.607347,6.703398
88.618957,4.9801101
88.630567,5.3990731
88.642177,6.805598
88.653787,7.5169821
88.665397,7.5137317
88.677007,7.5554808
88.688617,7.4409412
88.700227,6.1384337
88.711837,5.6478566
88.723447,6.0167988
88.735057,6.2513237
88.746667,6.5852054
88.758277,6.7168137
88.769887,6.8575395
88.781497,6.0040594
88.793107,5.5908916
88.804717,5.0200041
88.816327,5.5582901
88.827937,5.1401109
88.839546,4.9380228
88.851156,5.6396299
88.862766,5.0562371
88.874376,3.9572217
88.885986,5.7251229
88.897596,5.2705658
88.909206,4.1516749
88.920816,7.2805915
88.932426,4.8937358
88.944036,4.7095701
88.955646,6.1754138
88.967256,4.5519522
88.978866,6.3606159
88.990476,7.661983
89.002086,7.0088918
89.013696,8.4258409
89.025306,8.0089921
89.036916,8.4522763
89.048526,8.8357465
89.060136,6.7116857
89.071746,8.2112269
89.083356,12.514028
89.094966,12.869219
89.106576,10.732192
89.118186,11.839487
89.129796,13.154729
89.141406,11.67646
89.153016,9.6557664
89.164626,13.134308
89.176236,12.841314
89.187846,10.28679
89.199456,9.5007995
89.211066,11.051778
89.222676,10.365933
89.234286,7.5432957
89.245896,7.9094308
89.257506,8.344572
89.269116,7.0426135
89.280726,6.2933661
89.292336,7.4192169
89.303946,8.4403986
89.315556,6.7527943
89.327166,6.1651821
89.338776,7.6253692
89.350385,7.4188186
89.361995,5.539168
89.373605,5.4903868
89.385215,5.8597954
89.396825,6.5107251
89.408435,6.9030551
89.420045,7.6763184
89.431655,7.4079941
89.443265,6.0284386
89.454875,4.6727508
89.466485,6.0488245
89.478095,6.5200635
89.489705,5.3067669
89.501315,4.5264181
89.512925,5.341751
89.524535,6.0020857
89.536145,5.3336723
89.547755,4.4863042
89.559365,5.8687059
89.570975,5.8547971
89.582585,6.6994803
89.594195,8.364301
89.605805,8.1541906
89.617415,7.4659403
89.629025,8.2190782
89.640635,8.6320244
89.652245,8.6714937
89.663855,8.2210497
89.675465,7.5833615
89.687075,7.688088
89.698685,8.2053434
89.710295,8.4379702
89.721905,7.7972832
89.733515,7.1027485
89.745125,7.4361567
89.756735,7.9471873
89.768345,7.890545
89.779955,7.7656896
89.791565,6.9723683
89.803175,7.2051388
89.814785,7.5810555
89.826395,6.95991
89.838005,7.4422207
89.849615,8.7406644
89.861224,7.5524033
89.872834,8.7479763
89.884444,9.1290949
89.896054,7.3397933
89.907664,8.8828162
89.919274,7.5112682
89.930884,9.2246753
89.942494,7.8206642
89.954104,8.9518152
89.965714,7.5298652
89.977324,8.3217814
89.988934,7.1094716
90.000544,9.226057
90.012154,9.7381009
90.023764,9.6818542
90.035374,10.044355
90.046984,8.3007203
90.058594,9.0067963
90.070204,7.6524581
90.081814,8.7705276
90.093424,8.7881759
90.105034,9.1503671
90.116644,7.8678106
90.128254,6.7460847
90.139864,7.4159298
90.151474,8.6676853
90.163084,7.9905789
90.174694,9.1708902
90.186304,8.5876907
90.197914,7.5441306
90.209524,8.655277
90.221134,6.8611554
90.232744,9.1108677
90.244354,10.484259
90.255964,9.8864403
90.267574,12.29823
90.279184,11.421512
90.290794,10.089759
90.302404,11.518673
90.314014,11.417833
90.325624,9.9138044
90.337234,12.005902
90.348844,11.319967
90.360454,12.806394
90.372063,10.233274
90.383673,13.934375
90.395283,15.302774
90.406893,11.763967
90.418503,10.070996
90.430113,13.869383
90.441723,14.522181
90.453333,11.601877
90.464943,10.619029
90.476553,12.265105
90.488163,12.533752
90.499773,9.6258835
90.511383,8.9499043
90.522993,10.268088
90.534603,8.7697222
90.546213,12.593163
90.557823,10.667591
90.569433,12.063608
90.581043,13.309534
90.592653,6.237591
90.604263,11.491839
90.615873,7.2089049
90.627483,9.0397166
90.639093,7.8756088
90.650703,8.5269308
90.662313,10.661038
90.673923,8.6337354
90.685533,10.109513
90.697143,12.576
90.708753,8.417746
90.720363,11.763798
90.731973,11.770549
90.743583,5.6149388
90.755193,8.7048808
90.766803,7.2232748
90.778413,7.2334334
90.790023,10.321837
90.801633,5.5334932
90.813243,7.2848898
90.824853,6.3091137
90.836463,4.9902495
90.848073,6.1195216
90.859683,6.7498674
90.871293,5.3115623
90.882902,5.0560526
90.894512,4.736668
90.906122,5.2284022
90.917732,5.4999418
90.929342,6.3132609
90.940952,6.2336102
90.952562,5.6112935
90.964172,4.4805852
90.975782,7.2247544
90.987392,5.4882062
90.999002,5.7438921
91.010612,4.845601
91.022222,6.8808907
91.033832,5.0549643
91.045442,4.031184
91.057052,4.8250726
91.068662,5.7729045
91.080272,6.8137893
91.091882,5.2857391
91.103492,6.8289831
91.115102,10.346554
91.126712,10.346866
91.138322,9.5583643
91.149932,8.0706532
91.161542,7.6833643
91.173152,7.6451774
91.184762,6.9096639
91.196372,7.1516453
91.207982,6.8364045
91.219592,5.4431159
91.231202,4.800455
91.242812,4.2312968
91.254422,4.479193
91.266032,3.9678092
91.277642,4.4874883
91.289252,3.6979356
91.300862,3.546506
91.312472,3.756534
91.324082,4.9765791
91.335692,6.870649
91.347302,6.9434223
91.358912,7.5047478
91.370522,6.7831728
91.382132,7.1030448
91.393741,5.0078477
91.405351,6.31391
91.416961,5.538416
91.428571,5.8317273
91.440181,6.4639529
91.451791,7.9631031
91.463401,8.0987033
91.475011,8.2245358
91.486621,8.6545467
91.498231,8.7309654
91.509841,9.20934
91.521451,7.9955661
91.533061,8.1384139
91.544671,6.3878843
91.556281,6.5548195
91.567891,5.1222548
91.579501,6.0480625
91.591111,6.0102871
91.602721,7.6862471
91.614331,8.4235403
91.625941,9.2179189
91.637551,9.9676924
91.649161,9.3540418
91.660771,9.1146752
91.672381,9.3980505
91.683991,9.0391939
91.695601,8.0546928
91.707211,6.6718779
91.718821,5.9775053
91.730431,5.5707403
91.742041,5.6006671
91.753651,4.8316908
91.765261,5.0895515
91.776871,5.1859278
91.788481,5.2802735
91.800091,5.1855034
91.811701,5.2787522
91.823311,4.7964234
91.834921,4.3493595
91.846531,4.2575201
91.858141,3.6725279
91.869751,4.2795238
91.881361,4.5039218
91.892971,5.1797016
91.90458,5.1592951
91.91619,5.0140959
91.9278,5.2110878
91.93941,5.2765366
91.95102,5.4381892
91.96263,5.2325055
91.97424,5.4898639
91.98585,8.8719527
91.99746,9.1532804
92.00907,10.037244
92.02068,9.0324743
92.03229,8.3961441
92.0439,8.4362558
92.05551,8.1673887
92.06712,8.6785527
92.07873,6.869644
92.09034,8.5258318
92.10195,5.9974253
92.11356,7.1110138
92.12517,5.5520537
92.13678,6.0327851
92.14839,5.7919625
92.16,5.0604697
92.17161,5.2504297
92.18322,5.2799442
92.19483,4.2522896
92.20644,4.8470398
92.21805,4.2087352
92.22966,4.8678554
92.24127,4.3719922
92.25288,4.146325
92.26449,3.7349651
92.2761,3.8315973
92.28771,3.3379569
92.29932,3.5990586
92.31093,3.3892309
92.32254,3.6000965
92.33415,2.6103487
92.34576,3.055812
92.35737,2.651109
92.36898,2.5926332
92.38059,2.8855171
92.3922,2.6239433
92.40381,3.0037154
92.41542,2.5960213
92.427029,2.9821242
92.438639,2.7611793
92.450249,3.4388876
92.461859,2.9322271
92.473469,3.4098792
92.485079,3.1095017
92.496689,3.000847
92.508299,3.1995198
92.519909,2.975439
92.531519,3.2449676
92.543129,2.9134754
92.554739,2.9612136
92.566349,2.8830425
92.577959,2.7356693
92.589569,2.501101
92.601179,2.5768865
92.612789,2.404243
92.624399,2.7170879
92.636009,2.4950627
92.647619,2.7857963
92.659229,2.3846788
92.670839,2.7307308
92.682449,2.3323238
92.694059,2.624534
92.705669,2.4810058
92.717279,2.1996142
92.728889,2.4676051
92.740499,1.9522382
92.752109,2.3420618
92.763719,1.886859
92.775329,2.2865063
92.786939,1.8573189
92.798549,6.4884271
92.810159,5.4088974
92.821769,6.075207
92.833379,4.9042334
92.844989,5.7300642
92.856599,5.9720497
92.868209,6.9077574
92.879819,6.6835915
92.891429,5.6473338
92.903039,6.1955229
92.914649,6.2142276
92.926259,5.7788413
92.937868,4.8621174
92.949478,4.6482226
92.961088,4.2289749
92.972698,2.9799773
92.984308,2.3248956
92.995918,2.2543857
93.007528,2.7266636
93.019138,2.9229123
93.030748,2.9843367
93.042358,2.7452481
93.053968,2.4187581
93.065578,2.6614222
93.077188,2.6542025
93.088798,2.78006
93.100408,2.8836254
93.112018,2.5727455
93.123628,2.6593193
93.135238,2.3426879
93.146848,2.3440735
93.158458,1.9926098
93.170068,1.5494561
93.181678,1.3781663
93.193288,1.6842713
93.204898,2.1344191
93.216508,2.1424732
93.228118,2.0254217
93.239728,1.8424365
93.251338,1.8406795
93.262948,1.9407753
93.274558,1.8849657
93.286168,1.6591057
93.297778,1.8888637
93.309388,1.7861301
93.320998,1.7653016
93.332608,1.7548915
93.344218,1.7147493
93.355828,1.3701426
93.367438,1.7122393
93.379048,1.4451898
93.390658,1.7298962
93.402268,1.4378059
93.413878,1.5939537
93.425488,1.6122794
93.437098,1.3564648
93.448707,1.7400895
93.460317,1.3591181
93.471927,1.7723204
93.483537,1.3344956
93.495147,1.664314
93.506757,1.5094714
93.518367,1.4590722
93.529977,1.6520263
93.541587,1.4020467
93.553197,1.7031063
93.564807,1.307085
93.576417,1.7535763
93.588027,1.3295855
93.599637,1.6405416
93.611247,1.5238156
93.622857,1.5068265
93.634467,1.7575895
93.646077,1.4601147
93.657687,1.9773192
93.669297,1.4842613
93.680907,1.970761
93.692517,1.6169153
93.704127,1.8274945
93.715737,1.7511981
93.727347,1.5964721
93.738957,1.8810872
93.750567,1.4326664
93.762177,1.8794688
93.773787,1.5357164
93.785397,1.7820785
93.797007,1.6050223
93.808617,1.7190256
93.820227,1.629054
93.831837,1.5926479
93.843447,1.6578544
93.855057,1.4946381
93.866667,1.7108472
93.878277,1.4782217
93.889887,1.7682735
93.901497,1.3934309
93.913107,1.7073314
93.924717,1.427904
93.936327,1.5963805
93.947937,1.3575148
93.959546,1.398117
93.971156,1.123207
93.982766,1.0588105
93.994376,0.60680793
94.005986,0.59373049
94.017596,0.61204505
94.029206,0.64808487
94.040816,0.57696447
94.052426,0.51102487
94.064036,0.50795546
94.075646,0.36797511
94.087256,0.36609333
94.098866,0.27590454
94.110476,0.33929879
94.122086,0.29185114
94.133696,0.35876954
94.145306,0.25859211
94.156916,0.40444868
94.168526,0.21200482
94.180136,0.499078
94.191746,0.34462885
94.203356,0.4102277
94.214966,0.36749276
94.226576,0.35520422
94.238186,0.29291303
94.249796,0.2515997
94.261406,0.26387875
94.273016,0.26490891
94.284626,0.23230726
94.296236,0.30843629
94.307846,0.18526174
94.319456,0.24923837
94.331066,0.21843681
94.342676,0.22848466
94.354286,0.22587191
94.365896,0.19974119
94.377506,0.15144398
94.389116,0.1739166
94.400726,0.077336307
94.412336,0.70372146
94.423946,0.87839236
94.435556,1.0660325
94.447166,1.0646139
94.458776,1.0724262
94.470385,1.201347
94.481995,1.1734563
94.493605,1.1506445
94.505215,1.1539713
94.516825,1.155126
94.528435,2.2721574
94.540045,3.4745199
94.551655,3.4934995
94.563265,3.2241529
94.574875,2.8201786
94.586485,2.7807015
94.598095,2.4755272
94.609705,2.5984303
94.621315,2.4888044
94.632925,2.1160686
94.644535,1.7204224
94.656145,1.6619583
94.667755,1.9644466
94.679365,2.2161023
94.690975,2.127152
94.702585,2.3640316
94.714195,2.3647376
94.725805,2.3518179
94.737415,2.3291567
94.749025,3.0023017
94.760635,2.9127282
94.772245,4.3227746
94.783855,4.4344861
94.795465,4.071242
94.807075,3.884195
94.818685,3.4895915
94.830295,3.101031
94.841905,4.4490475
94.853515,5.2373861
94.865125,5.6111684
94.876735,5.1267459
94.888345,5.0625324
94.899955,5.4085662
94.911565,5.2823273
94.923175,5.5239215
94.934785,5.0610671
94.946395,4.3207134
94.958005,3.3917802
94.969615,3.431933
94.981224,3.8312342
94.992834,3.9366331
95.004444,3.732259
95.016054,3.7221736
95.027664,3.3089884
95.039274,3.3726128
95.050884,2.779384
95.062494,4.3500947
95.074104,4.8424681
95.085714,5.0397266
95.097324,5.4185469
95.108934,5.6846102
95.120544,4.7037907
95.132154,4.3077295
95.143764,3.8377313
95.155374,3.2187048
95.166984,3.2804368
95.178594,3.0064685
95.190204,3.2950342
95.201814,2.8493476
95.213424,3.2276543
95.225034,3.5406366
95.236644,3.7389101
95.248254,4.006849
95.259864,4.0945553
95.271474,3.9577316
95.283084,3.8559518
95.294694,3.6010357
95.306304,3.4107643
95.317914,3.2826629
95.329524,3.4266043
95.341134,3.3302003
95.352744,3.7147212
95.364354,3.7102197
95.375964,3.7323909
95.387574,3.735542
95.399184,5.0083737
95.410794,5.3076094
95.422404,6.1119514
95.434014,5.4182978
95.445624,3.8748127
95.457234,5.1876812
95.468844,6.274874
95.480454,5.4939801
95.492063,6.0395881
95.503673,6.0805682
95.515283,6.500919
95.526893,6.894351
95.538503,5.679045
95.550113,5.8080677
95.561723,6.1912373
95.573333,5.8337535
95.584943,5.545638
95.596553,4.3509482
95.608163,4.7456331
95.619773,4.9362279
95.631383,4.239531
95.642993,4.0020436
95.654603,4.0678564
95.666213,3.9324387
95.677823,4.4574785
95.689433,3.7711646
95.701043,3.2284831
95.712653,3.8815531
95.724263,3.1968307
95.735873,3.3730027
95.747483,3.2926381
95.759093,3.1811151
95.770703,2.9635981
95.782313,1.9157167
95.793923,2.5470292
95.805533,2.0929842
95.817143,2.1718464
95.828753,2.6099583
95.840363,2.6538549
95.851973,2.3392745
95.863583,2.5584239
95.875193,2.4138032
95.886803,2.4542675
95.898413,2.3156033
95.910023,2.1054917
95.921633,2.8505515
95.933243,2.347791
95.944853,1.8632771
95.956463,2.1287805
95.968073,2.4760832
95.979683,1.9325764
95.991293,2.4096463
96.002902,2.336797
96.014512,2.382593
96.026122,1.7018096
96.037732,1.9523087
96.049342,2.5430991
96.060952,2.1011045
96.072562,1.996924
96.084172,2.3450364
96.095782,2.1580679
96.107392,2.1633996
96.119002,2.2218311
96.130612,2.2040083
96.142222,2.4006217
96.153832,2.3575464
96.165442,2.1396193
96.177052,2.3083609
96.188662,2.680925
96.200272,2.0336625
96.211882,2.119428
96.223492,2.7377518
96.235102,2.6622039
96.246712,2.4009985
96.258322,2.1636497
96.269932,2.4195926
96.281542,1.9489102
96.293152,2.9083733
96.304762,2.6389582
96.316372,2.1269518
96.327982,2.1646826
96.339592,2.78307
96.351202,2.3135733
96.362812,2.1408518
96.374422,2.723564
96.386032,2.7382014
96.397642,2.3333152
96.409252,2.6372968
96.420862,2.8869583
96.432472,2.1078294
96.444082,2.0308584
96.455692,2.3903977
96.467302,1.8284639
96.478912,1.7139095
96.490522,2.2732975
96.502132,1.9654538
96.513741,1.6671232
96.525351,2.1162272
96.536961,1.9728979
96.548571,1.878688
96.560181,1.6464918
96.571791,1.728925
96.583401,1.9143544
96.595011,1.754157
96.606621,1.4333785
96.618231,1.7440261
96.629841,1.6832545
96.641451,1.5178056
96.653061,1.6283996
96.664671,1.6609535
96.676281,1.5312031
96.687891,1.7309954
96.699501,1.5591108
96.711111,1.5054718
96.722721,1.5930144
96.734331,1.5682995
96.745941,1.5154443
96.757551,1.5651625
96.769161,1.3251254
96.780771,1.6007584
96.792381,1.3623748
96.803991,1.6185183
96.815601,1.6608544
96.827211,1.5586466
96.838821,1.4350738
96.850431,1.6684754
96.862041,1.464529
96.873651,1.4606521
96.885261,1.4053868
96.896871,1.465446
96.908481,1.5001532
96.920091,1.3379595
96.931701,1.2611688
96.943311,1.5943449
96.954921,1.2079643
96.966531,1.3938547
96.978141,1.3731467
96.989751,1.2920115
97.001361,1.4923755
97.012971,1.4191435
97.02458,1.7617661
97.03619,1.6756737
97.0478,1.4239833
97.05941,1.9787204
97.07102,1.1495554
97.08263,1.5521084
97.09424,1.7457048
97.10585,1.2831432
97.11746,1.6657726
97.12907,1.3279599
97.14068,1.5508467
97.15229,1.7214683
97.1639,1.1269949
97.17551,1.8237181
97.18712,1.7381183
97.19873,1.279711
97.21034,1.8545963
97.22195,1.4731673
97.23356,1.2936518
97.24517,1.6782376
97.25678,1.2326623
97.26839,1.7292467
97.28,1.5577656
97.29161,1.4445228
97.30322,1.9242755
97.31483,1.2645449
97.32644,1.5499901
97.33805,1.8269805
97.34966,1.4639934
97.36127,1.5856488
97.37288,1.4075672
97.38449,1.4677408
97.3961,1.5182189
97.40771,1.2429493
97.41932,1.7090878
97.43093,1.3364036
97.44254,1.479959
97.45415,1.689288
97.46576,1.1487251
97.47737,1.3664376
97.48898,1.4981797
97.50059,2.0635198
97.5122,4.5075815
97.52381,4.8876786
97.53542,5.2161071
97.547029,4.3378433
97.558639,4.4430274
97.570249,5.1129499
97.581859,5.3433197
97.593469,5.527216
97.605079,5.9448383
97.616689,6.4015491
97.628299,6.3669083
97.639909,6.1413235
97.651519,5.990011
97.663129,5.7737425
97.674739,5.6128488
97.686349,5.1947099
97.697959,4.7334365
97.709569,4.0705339
97.721179,3.9105819
97.732789,3.4250633
97.744399,3.4716808
97.756009,3.2623226
97.767619,3.2662671
97.779229,3.5032827
97.790839,3.4577239
97.802449,2.998351
97.814059,2.8365265
97.825669,2.7699282
97.837279,1.8842953
97.848889,1.4917111
97.860499,1.9963645
97.872109,2.1943878
97.883719,1.9025322
97.895329,1.6994127
97.906939,1.8334695
97.918549,1.624526
97.930159,1.2266747
97.941769,0.97231384
97.953379,0.99014957
97.964989,0.98126751
97.976599,0.98043799
97.988209,1.0854414
97.999819,1.3928758
98.011429,1.3380457
98.023039,2.0979919
98.034649,2.3935605
98.046259,2.669349
98.057868,1.9531345
98.069478,1.9640916
98.081088,2.5133125
98.092698,1.9169884
98.104308,1.8790621
98.115918,2.4305074
98.127528,1.9674368
98.139138,1.9445185
98.150748,1.9233118
98.162358,1.8710326
98.173968,1.7142721
98.185578,1.9214783
98.197188,2.0873589
98.208798,1.8598203
98.220408,1.7072836
98.232018,2.1435614
98.243628,2.366072
98.255238,2.3219163
98.266848,1.8703622
98.278458,2.2383263
98.290068,2.4246463
98.301678,1.9916691
98.313288,2.1527484
98.324898,2.4075904
98.336508,1.9388722
98.348118,2.0485282
98.359728,2.3440438
98.371338,2.2726489
98.382948,2.2451077
98.394558,2.1545593
98.406168,2.4200651
98.417778,2.3300949
98.429388,2.0699235
98.440998,2.4868331
98.452608,2.3415992
98.464218,2.0242018
98.475828,2.3632083
98.487438,2.4177657
98.499048,2.2546262
98.510658,2.0863967
98.522268,2.2230661
98.533878,2.1995233
98.545488,1.8543858
98.557098,1.9987788
98.568707,2.1487942
98.580317,2.0107607
98.591927,1.9024376
98.603537,2.1360228
98.615147,2.1183551
98.626757,1.7474344
98.638367,1.9016448
98.649977,2.1693405
98.661587,1.7804849
98.673197,1.3566339
98.684807,1.7861227
98.696417,1.7506427
98.708027,1.670223
98.719637,1.5643344
98.731247,1.5518164
98.742857,1.839011
98.754467,1.9416791
98.766077,1.3386473
98.777687,2.1519306
98.789297,2.0991834
98.800907,1.1865687
98.812517,1.9821855
98.824127,2.0373423
98.835737,1.106952
98.847347,3.7290075
98.858957,4.6066847
98.870567,3.5286163
98.882177,3.0421101
98.893787,2.5395827
98.905397,3.0185241
98.917007,3.5533337
98.928617,3.2835508
98.940227,3.2982561
98.951837,3.108786
98.963447,2.6271972
98.975057,2.6443199
98.986667,2.3889017
98.998277,2.293207
99.009887,2.0234921
99.021497,1.3851643
99.033107,1.2544058
99.044717,1.6366427
99.056327,2.126559
99.067937,1.802659
99.079546,1.9973598
99.091156,1.7628713
99.102766,1.9862856
99.114376,2.383679
99.125986,2.268054
99.137596,2.0773391
99.149206,2.0965453
99.160816,1.7948336
99.172426,1.7823083
99.184036,1.7454989
99.195646,1.9556132
99.207256,2.2180034
99.218866,1.7888525
99.230476,1.9599544
99.242086,1.5671941
99.253696,1.5572642
99.265306,1.7076859
99.276916,1.8139895
99.288526,1.915575
99.300136,1.5556825
99.311746,1.2270657
99.323356,1.4801145
99.334966,1.4982434
99.346576,1.5728941
99.358186,2.9063442
99.369796,3.6545058
99.381406,4.2847671
99.393016,3.2293971
99.404626,3.6738383
99.416236,3.6524758
99.427846,3.9743456
99.439456,4.4014435
99.451066,4.3177938
99.462676,4.8321708
99.474286,4.6510772
99.485896,4.5100106
99.497506,4.835332
99.509116,4.240859
99.520726,4.0661152
99.532336,3.9173584
99.543946,3.5131467
99.555556,3.3965401
99.567166,2.8315667
99.578776,2.4490514
99.590385,3.1450561
99.601995,2.867826
99.613605,3.0816388
99.625215,2.9683312
99.636825,2.7485606
99.648435,3.0508688
99.660045,2.7431023
99.671655,2.2206811
99.683265,2.4801626
99.694875,2.6454232
99.706485,2.6168017
99.718095,2.4899283
99.729705,2.033976
99.741315,1.9086308
99.752925,2.1699766
99.764535,1.9434003
99.776145,1.9816693
99.787755,1.7217505
99.799365,1.9991276
99.810975,2.3995873
99.822585,1.4713036
99.834195,2.238346
99.845805,1.7693655
99.857415,1.9110249
99.869025,1.8640813
99.880635,2.0476605
99.892245,1.8644796
99.903855,1.9800749
99.915465,1.9882262
99.927075,2.8312929
99.938685,2.2324888
99.950295,2.1215885
99.961905,2.781731
99.973515,2.9085287
99.985125,2.2886295
99.996735,3.2739939
100.00834,2.8016097
100.01995,2.3873714
100.03156,2.9708534
100.04317,4.8194491
100.05478,5.6973916
100.06639,4.8536513
100.078,4.0818523
100.08961,3.1618452
100.10122,3.2071396
100.11283,3.8102926
100.12444,3.847458
100.13605,3.5962029
100.14766,4.379366
100.15927,3.4633609
100.17088,3.9030762
100.18249,2.9590859
100.1941,2.876251
100.20571,2.7767729
100.21732,4.3114657
100.22893,5.5637539
100.24054,5.7473703
100.25215,5.1070952
100.26376,4.7974264
100.27537,4.6287552
100.28698,4.212945
100.29859,4.603852
100.3102,4.1625873
100.32181,3.7547898
100.33342,2.9402872
100.34503,2.4688384
100.35664,3.1564496
100.36825,3.9549275
100.37986,3.6121827
100.39147,4.2863192
100.40308,3.9631633
100.41469,4.2360629
100.4263,3.8233558
100.43791,3.5425159
100.44952,3.0212296
100.46113,3.3953538
100.47274,3.7983027
100.48435,4.1881974
100.49596,4.0403264
100.50757,4.089449
100.51918,3.9126201
100.53079,3.6627049
100.5424,4.110897
100.55401,4.053615
100.56562,3.8190648
100.57723,3.8197009
100.58884,3.7431891
100.60045,3.0831216
100.61206,3.0681747
100.62367,3.5483868
100.63528,3.3997975
100.64689,3.571263
100.6585,3.4262077
100.67011,3.5275376
100.68172,3.7635406
100.69333,3.3116631
100.70494,3.3817889
100.71655,3.2476184
100.72816,3.0706702
100.73977,2.6738581
100.75138,2.7397884
100.76299,2.8719286
100.7746,2.3579392
100.78621,2.1262875
100.79782,1.885146
100.80943,2.0157156
100.82104,2.149613
100.83265,2.4012016
100.84426,2.1608325
100.85587,2.1164038
100.86748,2.1850129
100.87909,1.9739121
100.8907,2.1974612
100.90231,2.1361164
100.91392,2.7409236
100.92553,2.6305471
100.93714,2.8839204
100.94875,2.6345624
100.96036,3.170238
100.97197,2.5504689
100.98358,2.8557858
100.99519,2.5263177
101.0068,2.6761352
101.01841,2.3565039
101.03002,2.5564903
101.04163,2.4728932
101.05324,2.4971423
101.06485,2.1614171
101.07646,2.6270044
101.08807,2.5145728
101.09968,2.7071546
101.11129,2.7824998
101.1229,2.884026
101.13451,2.8515381
101.14612,2.7270588
101.15773,2.6237901
101.16934,2.3513669
101.18095,2.3697712
101.19256,2.0479731
101.20417,2.1399297
101.21578,1.974317
101.22739,2.2594898
101.239,2.1077226
101.25061,2.4727461
101.26222,2.2253243
101.27383,2.5010287
101.28544,2.1733492
101.29705,2.4696969
101.30866,2.096083
101.32027,2.3789924
101.33188,1.8948472
101.34349,2.1060636
101.3551,1.5815119
101.36671,1.7163611
101.37832,1.5721613
101.38993,1.7315393
101.40154,1.7152701
101.41315,2.0432502
101.42476,2.0641311
101.43637,2.2212153
101.44798,2.1072718
101.45959,2.0899094
101.4712,2.6709327
101.48281,1.7274961
101.49442,2.5140419
101.50603,1.6444799
101.51764,2.2442634
101.52925,2.0210309
101.54086,3.9016406
101.55247,4.7566611
101.56408,4.790246
101.57569,4.0352555
101.5873,4.0785108
101.59891,4.385012
101.61052,4.4994349
101.62213,4.5907916
101.63374,5.1897015
101.64535,5.5304448
101.65696,5.4131179
101.66857,5.2483075
101.68018,5.3853086
101.69179,5.0266871
101.7034,4.7352694
101.71501,4.821749
101.72662,4.502096
101.73823,3.3127965
101.74984,3.521473
101.76145,3.4497495
101.77306,3.2252079
101.78467,2.8313549
101.79628,2.6528171
101.80789,3.1254225
101.8195,3.2809946
101.83111,2.7711856
101.84272,2.8142574
101.85433,2.3781448
101.86594,2.1786701
101.87755,2.7191352
101.88916,2.3728281
101.90077,2.2979091
101.91238,2.542614
101.92399,2.7962433
101.9356,2.1976325
101.94721,1.478586
101.95882,1.9975677
101.97043,2.1030932
101.98204,1.534661
101.99365,1.7736474
102.00526,2.0140506
102.01687,2.1939859
102.02848,2.2958553
102.04009,1.8896736
102.0517,1.9497127
102.06331,2.6536458
102.07492,2.8327277
102.08653,2.6542627
102.09814,2.733932
102.10975,3.2861207
102.12136,3.6687437
102.13297,2.8916009
102.14458,2.2157618
102.15619,3.1951839
102.1678,2.7295934
102.17941,2.3046847
102.19102,2.5321783
102.20263,2.3035588
102.21424,2.0506965
102.22585,2.2041211
102.23746,1.7118577
102.24907,2.0080367
102.26068,2.4748562
102.27229,3.0451241
102.2839,3.5815677
102.29551,3.6288934
102.30712,3.0236027
102.31873,3.3585774
102.33034,3.141288
102.34195,2.8491954
102.35356,2.7436084
102.36517,2.9744295
102.37678,3.0600334
102.38839,2.9802672
102.4,2.9830632
102.41161,3.3362091
102.42322,3.2942224
102.43483,2.7668023
102.44644,2.8196353
102.45805,3.2209844
102.46966,3.1608744
102.48127,3.0525312
102.49288,3.5021262
102.50449,3.1016577
102.5161,2.8397975
102.52771,3.6177075
102.53932,3.7899552
102.55093,3.2005208
102.56254,2.3970463
102.57415,3.9886181
102.58576,3.8467105
102.59737,3.654127
102.60898,3.3280362
102.62059,4.6456737
102.6322,3.3247864
102.64381,2.4352173
102.65542,2.9165978
102.66703,3.1146931
102.67864,4.7627169
102.69025,3.9303887
102.70186,5.0174318
102.71347,5.2996438
102.72508,4.8391966
102.73669,5.943168
102.7483,3.8129985
102.75991,4.4570605
102.77152,5.0264831
102.78313,4.2489341
102.79474,7.3218998
102.80635,9.5296537
102.81796,9.6015202
102.82957,6.9574612
102.84118,8.1661114
102.85279,9.1157434
102.8644,8.0221969
102.87601,8.7418825
102.88762,10.722532
102.89923,10.397799
102.91084,8.6743164
102.92245,9.8934188
102.93406,10.167213
102.94567,9.0617159
102.95728,7.8403888
102.96889,9.5833744
102.9805,7.8980676
102.99211,6.5996456
103.00372,7.3675665
103.01533,6.3936619
103.02694,6.2190398
103.03855,5.915649
103.05016,6.7382632
103.06177,5.6211451
103.07338,5.2908564
103.08499,6.6642599
103.0966,6.1990584
103.10821,4.9645723
103.11982,5.2438669
103.13143,4.4854646
103.14304,4.5617075
103.15465,4.7221357
103.16626,4.6043293
103.17787,4.1286095
103.18948,4.8082803
103.20109,3.8934434
103.2127,4.7226314
103.22431,6.8668623
103.23592,7.4074261
103.24753,9.6591741
103.25914,9.4256653
103.27075,10.582103
103.28236,8.7292143
103.29397,9.3088573
103.30558,8.7711469
103.31719,7.7064886
103.3288,8.2194577
103.34041,7.7625214
103.35202,8.7292773
103.36363,7.0962773
103.37524,7.5581237
103.38685,6.4756703
103.39846,7.1250166
103.41007,6.7070631
103.42168,7.3562716
103.43329,7.6604768
103.4449,7.072375
103.45651,7.3678768
103.46812,6.554256
103.47973,7.8787755
103.49134,6.6741012
103.50295,7.1759244
103.51456,6.62833
103.52617,6.5534976
103.53778,6.3072495
103.54939,5.2870943
103.561,5.9286495
103.57261,4.6875777
103.58422,5.0515273
103.59583,3.4568975
103.60744,4.9855681
103.61905,4.0914981
103.63066,4.7365232
103.64227,4.4963911
103.65388,4.9428327
103.66549,5.1972244
103.6771,4.3572549
103.68871,5.6368564
103.70032,4.3005384
103.71193,5.5875902
103.72354,4.7132209
103.73515,5.3429363
103.74676,5.4205071
103.75837,4.5704049
103.76998,4.943299
103.78159,5.2304388
103.7932,5.2198149
103.80481,5.148371
103.81642,5.5686531
103.82803,4.8661953
103.83964,5.5105627
103.85125,4.9211171
103.86286,5.2944322
103.87447,6.0630288
103.88608,4.7846725
103.89769,5.4840205
103.9093,4.9955454
103.92091,5.5397171
103.93252,5.8353864
103.94413,4.3092961
103.95574,4.7119045
103.96735,4.9807425
103.97896,5.7581891
103.99057,6.2443142
104.00218,11.82875
104.01379,12.265722
104.0254,12.656459
104.03701,10.787287
104.04862,10.274042
104.06023,9.7362191
104.07184,9.4208038
104.08345,9.9357563
104.09506,8.9705543
104.10667,8.1156081
104.11828,6.7742572
104.12989,6.5390203
104.1415,7.9962264
104.15311,7.6306945
104.16472,8.0053261
104.17633,8.2963193
104.18794,8.1137882
104.19955,8.0904676
104.21116,8.364947
104.22277,7.8165135
104.23438,7.8617297
104.24599,7.8552478
104.2576,8.0430404
104.26921,7.6736211
104.28082,6.8085263
104.29243,6.3205419
104.30404,5.3707554
104.31565,5.0862059
104.32726,5.5801255
104.33887,6.19361
104.35048,6.8475748
104.36209,6.6300048
104.3737,7.551662
104.38531,6.5493093
104.39692,9.7738784
104.40853,10.158775
104.42014,11.05312
104.43175,12.663728
104.44336,11.917457
104.45497,11.002608
104.46658,9.2407288
104.47819,9.6582951
104.4898,7.5206207
104.50141,7.8027784
104.51302,7.0856364
104.52463,7.7018995
104.53624,6.5580001
104.54785,6.3168929
104.55946,7.3820474
104.57107,7.9587103
104.58268,8.4603391
104.59429,11.792356
104.6059,12.831232
104.61751,12.860062
104.62912,11.855374
104.64073,8.8810334
104.65234,8.8901283
104.66395,10.081774
104.67556,10.643125
104.68717,10.848763
104.69878,10.198557
104.71039,9.0333352
104.722,6.1493286
104.73361,6.7903662
104.74522,6.1889563
104.75683,7.6962571
104.76844,8.5796574
104.78005,5.7456247
104.79166,7.284978
104.80327,6.0456674
104.81488,4.7977149
104.82649,4.5847631
104.8381,6.6315992
104.84971,6.7925903
104.86132,6.8620025
104.87293,6.6517276
104.88454,6.1939371
104.89615,7.9816085
104.90776,6.4923629
104.91937,8.7705103
104.93098,8.6984002
104.94259,6.559672
104.9542,8.1723279
104.9658,5.6321358
104.97741,6.3814384
104.98902,5.9385511
105.00063,5.4010112
105.01224,5.9079136
105.02385,11.756673
105.03546,13.555945
105.04707,13.305758
105.05868,12.011126
105.07029,10.624185
105.0819,9.8214652
105.09351,10.00601
105.10512,9.865952
105.11673,9.7549189
105.12834,8.4519854
105.13995,7.3637826
105.15156,6.5887116
105.16317,7.8248082
105.17478,8.096521
105.18639,7.3140963
105.198,7.6948446
105.20961,9.3373566
105.22122,12.811569
105.23283,14.110989
105.24444,12.852812
105.25605,13.024687
105.26766,11.976227
105.27927,11.866818
105.29088,11.267548
105.30249,9.8490271
105.3141,11.433475
105.32571,8.3052572
105.33732,9.551592
105.34893,9.0047257
105.36054,7.6413934
105.37215,7.6859493
105.38376,8.1085806
105.39537,6.2426708
105.40698,9.222508
105.41859,6.8587871
105.4302,11.811214
105.44181,6.9969967
105.45342,10.85966
105.46503,10.6892
105.47664,9.9207286
105.48825,12.080694
105.49986,9.1038307
105.51147,12.017418
105.52308,9.5800833
105.53469,9.2981314
105.5463,7.5942961
105.55791,6.7721486
105.56952,7.0996735
105.58113,6.7442694
105.59274,6.7966507
105.60435,6.1190469
105.61596,6.260286
105.62757,6.3791722
105.63918,6.6400883
105.65079,6.2686262
105.6624,6.3823878
105.67401,5.7509747
105.68562,5.6131572
105.69723,6.1012456
105.70884,5.9581737
105.72045,5.6572274
105.73206,5.5448748
105.74367,4.7707374
105.75528,4.977575
105.76689,4.1050536
105.7785,4.0162717
105.79011,3.9762072
105.80172,4.649923
105.81333,4.9874807
105.82494,4.7797261
105.83655,5.3887334
105.84816,4.4546194
105.85977,5.2114935
105.87138,4.2928824
105.88299,4.6911878
105.8946,4.4494903
105.90621,4.0621075
105.91782,4.2477111
105.92943,3.8814196
105.94104,4.3047108
105.95265,3.7996951
105.96426,4.0997016
105.97587,4.035313
105.98748,4.1054681
105.99909,3.3852178
106.0107,3.8016762
106.02231,3.0421798
106.03392,3.9007739
106.04553,3.5422406
106.05714,4.1031782
106.06875,4.0481922
106.08036,4.2792885
106.09197,4.0732158
106.10358,4.1472133
106.11519,3.9325947
106.1268,3.9200514
106.13841,3.7311135
106.15002,2.5600946
106.16163,3.63629
106.17324,3.7834306
106.18485,4.0928594
106.19646,3.3285929
106.20807,3.5076691
106.21968,3.1891961
106.23129,3.4181702
106.2429,3.3737105
106.25451,3.7710575
106.26612,3.6081097
106.27773,2.7116288
106.28934,3.1241288
106.30095,2.841283
106.31256,3.684764
106.32417,3.0569065
106.33578,2.8904149
106.34739,2.9730227
106.359,3.6808657
106.37061,4.4263513
106.38222,4.4169042
106.39383,5.724455
106.40544,5.9684307
106.41705,6.4325932
106.42866,6.6209315
106.44027,7.4571607
106.45188,6.5269146
106.46349,6.2710886
106.4751,6.4180903
106.48671,5.9417997
106.49832,6.321984
106.50993,6.3038058
106.52154,6.7372031
106.53315,6.0763675
106.54476,5.3961821
106.55637,5.5678376
106.56798,4.9113913
106.57959,5.1919153
106.5912,5.0567218
106.60281,5.811806
106.61442,5.4252307
106.62603,5.7369687
106.63764,5.239108
106.64925,5.9384435
106.66086,5.9916331
106.67247,5.4569188
106.68408,5.9569246
106.69569,5.3411862
106.7073,5.5491624
106.71891,4.9494117
106.73052,4.9502875
106.74213,4.4467192
106.75374,4.2091534
106.76535,3.9505268
106.77696,3.8774931
106.78857,3.9388879
106.80018,3.6287191
106.81179,3.9419725
106.8234,3.291079
106.83501,3.262298
106.84662,3.0633569
106.85823,2.7767472
106.86984,2.7084273
106.88145,2.9342649
106.89306,2.9895939
106.90467,3.074119
106.91628,2.6206225
106.92789,2.8811185
106.9395,2.8031962
106.95111,2.3612182
106.96272,3.2041502
106.97433,3.4909812
106.98594,3.32814
106.99755,2.2942749
107.00916,3.0251484
107.02077,3.390426
107.03238,3.8700363
107.04399,3.9056253
107.0556,4.0039337
107.06721,4.2105459
107.07882,3.5345868
107.09043,3.648938
107.10204,2.776344
107.11365,3.0045637
107.12526,2.032647
107.13687,1.9511747
107.14848,2.0676842
107.16009,3.789524
107.1717,5.4450331
107.18331,5.3293406
107.19492,5.4356886
107.20653,5.0411378
107.21814,5.7912222
107.22975,5.6438247
107.24136,5.5048157
107.25297,5.9637705
107.26458,6.6902611
107.27619,6.509184
107.2878,5.8199632
107.29941,5.8639744
107.31102,5.5479656
107.32263,3.9484623
107.33424,2.2937753
107.34585,2.5761645
107.35746,1.4256573
107.36907,2.5688426
107.38068,3.0009232
107.39229,2.9860786
107.4039,3.1989785
107.41551,4.222818
107.42712,3.7698342
107.43873,3.5261099
107.45034,4.0349602
107.46195,3.8577824
107.47356,3.676206
107.48517,3.2529724
107.49678,3.1984404
107.50839,3.030649
107.52,2.7388601
107.53161,2.1690818
107.54322,1.806414
107.55483,2.0944923
107.56644,2.2131437
107.57805,2.6145672
107.58966,2.2485567
107.60127,1.409479
107.61288,2.3509517
107.62449,2.3017832
107.6361,1.8474441
107.64771,1.5233869
107.65932,1.2599695
107.67093,2.0871465
107.68254,2.2793716
107.69415,1.9817363
107.70576,1.4668296
107.71737,3.2511627
107.72898,3.9396316
107.74059,3.9442647
107.7522,3.6344403
107.76381,3.1114326
107.77542,3.1344585
107.78703,2.8029079
107.79864,3.0676979
107.81025,2.9990962
107.82186,2.4562817
107.83347,2.0050983
107.84508,1.5305631
107.85669,2.0617919
107.8683,2.2072929
107.87991,1.9889643
107.89152,2.4649628
107.90313,2.3725051
107.91474,2.4017535
107.92635,2.5284657
107.93796,2.3201119
107.94957,2.2608875
107.96118,2.2779445
107.97279,2.3477608
107.9844,2.2070116
107.99601,2.0191942
108.00762,1.9588025
108.01923,1.9092362
108.03084,1.814871
108.04245,1.8964992
108.05406,1.9032511
108.06567,2.1216273
108.07728,2.0330318
108.08889,1.795965
108.1005,2.0871946
108.11211,2.122774
108.12372,2.0564636
108.13533,2.1202806
108.14694,2.6542675
108.15855,2.7279895
108.17016,2.9289877
108.18177,2.7341431
108.19338,2.9263486
108.20499,2.5613582
108.2166,2.4892888
108.22821,2.1805443
108.23982,2.4029953
108.25143,2.4683253
108.26304,2.9292263
108.27465,2.9606181
108.28626,2.9602113
108.29787,2.7434049
108.30948,2.7750385
108.32109,2.7286987
108.3327,2.6811043
108.34431,2.7415718
108.35592,2.7828292
108.36753,2.5364073
108.37914,2.2715991
108.39075,2.2061022
108.40236,2.5882585
108.41397,2.5566185
108.42558,2.4859302
108.43719,2.3209631
108.4488,2.1507598
108.46041,2.0676383
108.47202,2.0515875
108.48363,2.0515583
108.49524,2.5860161
108.50685,1.9554958
108.51846,1.2681027
108.53007,2.4437248
108.54168,2.5963368
108.55329,2.4803755
108.5649,3.1579363
108.57651,2.5330219
108.58812,3.3184329
108.59973,2.4390817
108.61134,2.7851624
108.62295,2.2306392
108.63456,2.1925818
108.64617,2.1927475
108.65778,2.0160293
108.66939,2.1159408
108.681,1.8315567
108.69261,2.0886455
108.70422,1.9238738
108.71583,2.0625204
108.72744,1.7867154
108.73905,1.8208275
108.75066,2.1129732
108.76227,1.8481029
108.77388,4.0635549
108.78549,4.6740412
108.7971,4.4146317
108.80871,3.1185953
108.82032,2.8378181
108.83193,3.2570045
108.84354,3.486133
108.85515,3.658874
108.86676,3.2728927
108.87837,3.1096769
108.88998,3.256487
108.90159,2.5951323
108.9132,3.2102883
108.92481,2.713432
108.93642,2.496885
108.94803,3.2752811
108.95964,2.1921552
108.97125,2.5578059
108.98286,2.3838834
108.99447,1.5074522
109.00608,2.3503784
109.01769,2.1083766
109.0293,2.2597722
109.04091,1.6787399
109.05252,1.980804
109.06413,3.6568507
109.07574,4.2916052
109.08735,4.6483872
109.09896,4.5576222
109.11057,4.2335897
109.12218,4.3737091
109.13379,4.9584007
109.1454,4.6077797
109.15701,4.6659981
109.16862,5.3124639
109.18023,5.1018689
109.19184,5.0799267
109.20345,4.8638316
109.21506,4.8338922
109.22667,4.874315
109.23828,4.3291364
109.24989,4.1733398
109.2615,3.656697
109.27311,3.2964338
109.28472,3.5215567
109.29633,3.0153716
109.30794,2.8687194
109.31955,2.7830957
109.33116,2.4050262
109.34277,2.6807343
109.35438,2.4659461
109.36599,2.3817419
109.3776,2.2861343
109.38921,2.0241143
109.40082,2.4801476
109.41243,1.9376217
109.42404,2.3657781
109.43565,2.2726642
109.44726,1.6390259
109.45887,2.0556104
109.47048,1.7688008
109.48209,2.3505917
109.4937,2.7718756
109.50531,3.2030122
109.51692,2.99167
109.52853,2.465518
109.54014,3.7652395
109.55175,3.3929129
109.56336,2.9262052
109.57497,2.7462849
109.58658,3.2035784
109.59819,3.182774
109.6098,2.3763054
109.62141,2.6760543
109.63302,3.3130062
109.64463,2.4277594
109.65624,2.2799776
109.66785,3.1877288
109.67946,2.8797453
109.69107,2.4870067
109.70268,2.2509672
109.71429,2.960802
109.7259,2.8448731
109.73751,1.8191708
109.74912,2.5815365
109.76073,2.9569106
109.77234,2.7531709
109.78395,2.0036916
109.79556,2.5509987
109.80717,2.6997531
109.81878,2.460374
109.83039,2.0771083
109.842,2.125468
109.85361,2.6578634
109.86522,2.2630081
109.87683,2.0488713
109.88844,2.059029
109.90005,2.6759152
109.91166,2.2389005
109.92327,1.9712641
109.93488,2.065819
109.94649,2.5304662
109.9581,3.2087409
109.96971,6.7668063
109.98132,7.1543028
109.99293,5.6385456
110.00454,5.1903974
110.01615,4.6415717
110.02776,5.9473087
110.03937,5.8251005
110.05098,5.7721754
110.06259,5.8431277
110.0742,5.1178154
110.0858,4.2477135
110.09741,4.1942301
110.10902,4.4834958
110.12063,4.5032906
110.13224,5.0694031
110.14385,4.6456228
110.15546,4.0435757
110.16707,3.6080996
110.17868,3.3996748
110.19029,3.7979731
110.2019,3.5466199
110.21351,3.5786696
110.22512,3.1864593
110.23673,3.39631
110.24834,3.6801737
110.25995,3.2923978
110.27156,3.9523479
110.28317,3.6457471
110.29478,3.807984
110.30639,2.4141481
110.318,2.9668226
110.32961,3.3542866
110.34122,3.2857207
110.35283,3.6440583
110.36444,2.5189777
110.37605,3.7664654
110.38766,5.8742973
110.39927,7.464933
110.41088,8.2406723
110.42249,6.7110394
110.4341,7.6920922
110.44571,7.6442431
110.45732,8.5141057
110.46893,8.9490335
110.48054,8.5876778
110.49215,8.9968686
110.50376,9.0093422
110.51537,8.6646855
110.52698,8.5328705
110.53859,7.8957108
110.5502,7.4759991
110.56181,7.9581887
110.57342,6.1802962
110.58503,5.5898288
110.59664,5.0229841
110.60825,5.4365955
110.61986,5.377412
110.63147,4.1543002
110.64308,4.5007256
110.65469,5.4086082
110.6663,5.1329822
110.67791,4.9130815
110.68952,5.1152014
110.70113,6.1076315
110.71274,5.9039868
110.72435,4.808008
110.73596,5.8030205
110.74757,4.6424438
110.75918,4.1075997
110.77079,4.0349773
110.7824,3.2107852
110.79401,4.3142213
110.80562,4.5353918
110.81723,4.020708
110.82884,3.8042169
110.84045,5.5563944
110.85206,6.2560433
110.86367,6.2882657
110.87528,6.4526464
110.88689,7.8449421
110.8985,7.2867356
110.91011,5.2319914
110.92172,8.824791
110.93333,11.519871
110.94494,9.321631
110.95655,9.152302
110.96816,7.4534174
110.97977,5.9851106
110.99138,7.188695
111.00299,8.2035125
111.0146,7.7430834
111.02621,7.5353098
111.03782,8.0882878
111.04943,6.6328677
111.06104,6.906028
111.07265,6.2641627
111.08426,4.5258731
111.09587,4.8937721
111.10748,5.1002957
111.11909,5.0550261
111.1307,5.6743533
111.14231,6.1086635
111.15392,5.3994943
111.16553,4.9665585
111.17714,5.1016958
111.18875,4.6390972
111.20036,4.5922197
111.21197,4.3334621
111.22358,3.6949964
111.23519,3.7038567
111.2468,4.1494791
111.25841,3.6545254
111.27002,4.7580132
111.28163,5.2574335
111.29324,4.6759536
111.30485,4.5786402
111.31646,4.885359
111.32807,4.6241345
111.33968,4.2431216
111.35129,4.3022579
111.3629,3.1488887
111.37451,3.2684062
111.38612,3.2432507
111.39773,4.0643475
111.40934,4.0771895
111.42095,6.404545
111.43256,6.2953207
111.44417,5.8874345
111.45578,5.594594
111.46739,5.9925641
111.479,5.8901338
111.49061,6.3515415
111.50222,6.2206393
111.51383,6.2115165
111.52544,6.2662879
111.53705,5.658571
111.54866,5.38336
111.56027,4.6706742
111.57188,5.206327
111.58349,4.5419121
111.5951,4.5566127
111.60671,4.0549752
111.61832,3.4008761
111.62993,3.004854
111.64154,4.2737698
111.65315,6.5196016
111.66476,6.7430001
111.67637,6.3523259
111.68798,5.3456398
111.69959,5.202484
111.7112,4.7271471
111.72281,5.2758881
111.73442,5.8360514
111.74603,5.4561336
111.75764,5.0332775
111.76925,3.7117996
111.78086,3.4323347
111.79247,4.322143
111.80408,4.6336805
111.81569,5.5419486
111.8273,5.5185689
111.83891,5.446238
111.85052,4.7159203
111.86213,4.4041875
111.87374,3.4106682
111.88535,2.6423303
111.89696,2.6183553
111.90857,3.2808509
111.92018,4.391861
111.93179,4.6151452
111.9434,4.8625247
111.95501,5.5583655
111.96662,5.5742257
111.97823,5.5409245
111.98984,5.5834493
112.00145,5.0190539
112.01306,5.3859811
112.02467,5.4249543
112.03628,5.2952551
112.04789,5.0651139
112.0595,5.0609762
112.07111,5.0117436
112.08272,4.6259669
112.09433,4.3422551
112.10594,3.9642495
112.11755,3.8525431
112.12916,3.904934
112.14077,3.8628034
112.15238,3.8227031
112.16399,3.6541084
112.1756,3.5676438
112.18721,3.3708767
112.19882,3.4077155
112.21043,3.4612296
112.22204,3.3074381
112.23365,3.6777142
112.24526,4.1356863
112.25687,4.1405508
112.26848,4.2745008
112.28009,3.7749249
112.2917,4.386995
112.30331,3.3864885
112.31492,3.2705056
112.32653,3.5078234
112.33814,3.8579344
112.34975,2.807053
112.36136,2.830003
112.37297,2.8612757
112.38458,2.5767641
112.39619,2.3364667
112.4078,2.8267193
112.41941,2.2557255
112.43102,2.7991486
112.44263,2.5189421
112.45424,2.4727836
112.46585,2.5381871
112.47746,2.5886386
112.48907,2.383944
112.50068,2.1003186
112.51229,2.5581037
112.5239,2.04353
112.53551,2.5609318
112.54712,2.7930233
112.55873,2.4708752
112.57034,2.6335671
112.58195,2.5258992
112.59356,2.3835592
112.60517,2.3076929
112.61678,2.1521616
112.62839,2.3442899
112.64,2.0307413
112.65161,2.1007804
112.66322,2.3281157
112.67483,5.2660941
112.68644,7.3517266
112.69805,7.7365561
112.70966,7.338481
112.72127,6.7698047
112.73288,7.1199872
112.74449,7.4821262
112.7561,8.4993168
112.76771,8.7797189
112.77932,7.9918333
112.79093,8.1518018
112.80254,8.7722349
112.81415,8.751629
112.82576,7.2696821
112.83737,7.1324403
112.84898,7.203838
112.86059,6.6752066
112.8722,5.4385895
112.88381,6.0700162
112.89542,5.0589357
112.90703,4.2587384
112.91864,5.0311915
112.93025,5.3888391
112.94186,4.8712077
112.95347,3.7699298
112.96508,4.5515387
112.97669,4.6460114
112.9883,3.3933616
112.99991,4.255034
113.01152,3.695527
113.02313,3.2581599
113.03474,3.3463107
113.04635,4.1322877
113.05796,3.7366891
113.06957,2.5942495
113.08118,2.8823083
113.09279,3.3164405
113.1044,2.8498806
113.11601,2.9499642
113.12762,3.4482817
113.13923,3.0184654
113.15084,2.5440975
113.16245,4.2324843
113.17406,3.8784589
113.18567,3.3155873
113.19728,2.4567244
113.20889,3.5558583
113.2205,4.5852177
113.23211,3.4934726
113.24372,4.4761911
113.25533,5.5624614
113.26694,5.1500847
113.27855,5.1967902
113.29016,5.3304777
113.30177,5.0513483
113.31338,4.8631936
113.32499,4.8486214
113.3366,5.0980351
113.34821,4.416908
113.35982,4.1327404
113.37143,5.1340121
113.38304,4.5002399
113.39465,3.3811263
113.40626,3.9275022
113.41787,4.1321933
113.42948,4.6042519
113.44109,5.0778569
113.4527,4.5917874
113.46431,4.2670267
113.47592,4.0280477
113.48753,3.3991528
113.49914,3.0769305
113.51075,3.4059626
113.52236,4.0985579
113.53397,4.0434803
113.54558,4.0037172
113.55719,3.9479942
113.5688,4.4440945
113.58041,4.6562958
113.59202,4.8758699
113.60363,4.803318
113.61524,4.5349867
113.62685,4.5458593
113.63846,4.4712237
113.65007,3.7563911
113.66168,4.2972251
113.67329,4.1097158
113.6849,3.7792171
113.69651,3.5583555
113.70812,5.0601174
113.71973,4.262209
113.73134,3.1841516
113.74295,3.6067
113.75456,4.0129125
113.76617,2.987896
113.77778,2.9275619
113.78939,3.2477512
113.801,3.810775
113.81261,3.2069084
113.82422,2.3109013
113.83583,4.3444136
113.84744,3.1954743
113.85905,3.7650881
113.87066,4.4595093
113.88227,3.7380855
113.89388,4.5661193
113.90549,4.8233816
113.9171,4.8001531
113.92871,5.4423868
113.94032,4.6166996
113.95193,4.5903251
113.96354,4.4347807
113.97515,4.4341885
113.98676,4.7521752
113.99837,4.0769287
114.00998,4.4582537
114.02159,7.333528
114.0332,7.6533805
114.04481,7.8247143
114.05642,8.6435681
114.06803,7.6952784
114.07964,7.4953236
114.09125,8.6707073
114.10286,9.5760987
114.11447,8.8915253
114.12608,8.8367865
114.13769,9.738838
114.1493,9.659643
114.16091,8.3755918
114.17252,8.3334707
114.18413,8.7782112
114.19574,7.0919936
114.20735,6.7556032
114.21896,7.0283651
114.23057,6.5562335
114.24218,5.1810601
114.25379,6.4267211
114.2654,6.4656719
114.27701,5.1856988
114.28862,5.6459223
114.30023,6.488703
114.31184,5.3711089
114.32345,4.2362358
114.33506,5.3279091
114.34667,4.9771161
114.35828,4.0014975
114.36989,4.2258954
114.3815,4.9724297
114.39311,3.8940223
114.40472,3.5829723
114.41633,3.5983373
114.42794,3.7145018
114.43955,3.0953093
114.45116,3.7069412
114.46277,3.7914585
114.47438,3.7978836
114.48599,3.3299804
114.4976,3.6652856
114.50921,3.4398983
114.52082,3.0288473
114.53243,3.4850272
114.54404,3.5672778
114.55565,3.2502836
114.56726,2.8858678
114.57887,3.2680232
114.59048,5.3492891
114.60209,6.0910893
114.6137,5.1772779
114.62531,3.7519544
114.63692,4.0764284
114.64853,4.628512
114.66014,5.0018143
114.67175,4.9409615
114.68336,4.6376494
114.69497,4.6394213
114.70658,5.2172566
114.71819,5.4043551
114.7298,4.935606
114.74141,4.2796193
114.75302,3.7728311
114.76463,3.9477102
114.77624,4.2971021
114.78785,3.8258445
114.79946,3.2039895
114.81107,3.5979928
114.82268,5.2391047
114.83429,5.0116403
114.8459,5.4576759
114.85751,4.0862067
114.86912,6.2398897
114.88073,5.584538
114.89234,6.0917954
114.90395,4.7523882
114.91556,6.6483976
114.92717,6.1955061
114.93878,5.3283042
114.95039,5.8487061
114.962,5.7536355
114.97361,6.7530575
114.98522,4.972521
114.99683,6.7720579
115.00844,5.4019939
115.02005,6.6252525
115.03166,5.553626
115.04327,6.8624922
115.05488,7.5789071
115.06649,6.6545408
115.0781,6.6827588
115.08971,6.4820869
115.10132,5.9831054
115.11293,5.4744093
115.12454,7.5688057
115.13615,5.5076439
115.14776,5.3848505
115.15937,6.1203322
115.17098,6.9277741
115.18259,4.2050584
115.1942,5.4686859
115.2058,6.8038566
115.21741,6.1723314
115.22902,4.0872993
115.24063,7.117137
115.25224,6.7213466
115.26385,4.0505343
115.27546,4.1580252
115.28707,5.9317273
115.29868,6.5578879
115.31029,6.2169193
115.3219,7.5170215
115.33351,7.8822793
115.34512,7.4181442
115.35673,8.1052646
115.36834,7.2238061
115.37995,6.4598933
115.39156,6.3346363
115.40317,6.26385
115.41478,7.5777577
115.42639,7.9372124
115.438,6.2219711
115.44961,7.5802503
115.46122,6.4498855
115.47283,4.9243016
115.48444,7.8782895
115.49605,8.1904364
115.50766,8.6896544
115.51927,8.1077365
115.53088,7.7205736
115.54249,7.9993459
115.5541,8.6313625
115.56571,9.6754533
115.57732,9.2971793
115.58893,9.0529193
115.60054,10.08421
115.61215,10.409809
115.62376,8.0453145
115.63537,8.7775021
115.64698,9.6310258
115.65859,7.1921727
115.6702,5.8788912
115.68181,7.5912673
115.69342,6.7195463
115.70503,4.2208301
115.71664,6.5427209
115.72825,10.570716
115.73986,9.0006649
115.75147,7.1035337
115.76308,8.6262421
115.77469,4.6951842
115.7863,7.8014922
115.79791,4.9221544
115.80952,7.1278854
115.82113,6.5084041
115.83274,6.0574683
115.84435,7.5093798
115.85596,5.8833684
115.86757,5.7476266
115.87918,6.0437851
115.89079,4.2306259
115.9024,4.8684222
115.91401,4.0376881
115.92562,4.676393
115.93723,4.6143404
115.94884,2.0827863
115.96045,2.6276763
115.97206,2.9845549
115.98367,2.8374205
115.99528,3.5324667
116.00689,3.0903928
116.0185,3.4037864
116.03011,5.1311809
116.04172,2.7846799
116.05333,2.9492067
116.06494,4.3951345
116.07655,4.2855104
116.08816,4.6072961
116.09977,3.3705905
116.11138,4.2142466
116.12299,3.6284472
116.1346,4.6074439
116.14621,3.2174241
116.15782,3.2972945
116.16943,2.3476177
116.18104,2.4920894
116.19265,2.2345284
116.20426,2.0341072
116.21587,2.9147504
116.22748,2.2596282
116.23909,3.6952798
116.2507,1.7096766
116.26231,3.5081566
116.27392,1.802258
116.28553,2.8145179
116.29714,2.3781147
116.30875,2.5035929
116.32036,2.2606685
116.33197,3.0180834
116.34358,5.2602952
116.35519,5.2578645
116.3668,5.4821144
116.37841,4.7409049
116.39002,4.5738449
116.40163,4.1182722
116.41324,3.9781198
116.42485,4.2716589
116.43646,3.6473395
116.44807,3.3178671
116.45968,2.3917951
116.47129,2.3571748
116.4829,3.1244901
116.49451,3.0579636
116.50612,3.5748946
116.51773,3.3661493
116.52934,3.5592894
116.54095,3.4500272
116.55256,3.4122027
116.56417,3.3847814
116.57578,3.1031284
116.58739,3.1754365
116.599,3.4614416
116.61061,3.4608476
116.62222,2.993672
116.63383,4.1995982
116.64544,3.4984957
116.65705,5.018627
116.66866,4.7945724
116.68027,4.6886405
116.69188,4.8600786
116.70349,3.6350243
116.7151,4.1146423
116.72671,2.9856621
116.73832,3.8512833
116.74993,2.6870546
116.76154,2.6374708
116.77315,2.4803765
116.78476,2.5119614
116.79637,2.6996795
116.80798,2.9789234
116.81959,3.8486261
116.8312,3.4410755
116.84281,4.2771203
116.85442,3.6291227
116.86603,3.9775427
116.87764,4.2001202
116.88925,3.4927388
116.90086,3.6111447
116.91247,2.7677973
116.92408,3.007826
116.93569,2.5392868
116.9473,2.3048445
116.95891,3.9623135
116.97052,4.4582224
116.98213,4.184851
116.99374,4.5631451
117.00535,4.5214066
117.01696,4.7711623
117.02857,4.9769798
117.04018,4.9489443
117.05179,4.9515869
117.0634,4.5740533
117.07501,4.2564006
117.08662,3.3654554
117.09823,3.0840605
117.10984,2.8507965
117.12145,2.7889815
117.13306,2.7616731
117.14467,2.5833653
117.15628,2.6211222
117.16789,2.4905382
117.1795,2.5158163
117.19111,2.6218049
117.20272,2.4988767
117.21433,2.309575
117.22594,2.4564738
117.23755,2.3827902
117.24916,2.1289823
117.26077,2.1079139
117.27238,2.2896956
117.28399,2.4371584
117.2956,2.4685369
117.30721,2.3327356
117.31882,2.5319569
117.33043,2.7387879
117.34204,2.9951314
117.35365,3.0774834
117.36526,4.2861413
117.37687,5.1845884
117.38848,6.5183455
117.40009,4.7932937
117.4117,6.0343354
117.42331,4.292573
117.43492,5.0562801
117.44653,3.7121172
117.45814,4.3399485
117.46975,3.5573
117.48136,3.4762937
117.49297,4.0450235
117.50458,2.6327164
117.51619,3.9316916
117.5278,2.1349363
117.53941,3.3576562
117.55102,2.3963789
117.56263,2.8824392
117.57424,2.6303702
117.58585,2.22138
117.59746,2.567343
117.60907,1.4524676
117.62068,2.4220885
117.63229,1.817502
117.6439,1.9160756
117.65551,1.9160023
117.66712,1.8301247
117.67873,1.7545504
117.69034,1.6291158
117.70195,2.1272455
117.71356,1.4606821
117.72517,1.8963668
117.73678,1.5130382
117.74839,1.7293034
117.76,1.7737424
117.77161,1.9368968
117.78322,2.0736751
117.79483,1.9546584
117.80644,2.4881051
117.81805,1.5405809
117.82966,2.4912788
117.84127,1.7246754
117.85288,1.9747713
117.86449,1.9635578
117.8761,1.3809449
117.88771,2.0096103
117.89932,1.394237
117.91093,4.3686131
117.92254,3.8982446
117.93415,3.9159338
117.94576,3.6334824
117.95737,4.0623078
117.96898,4.4593254
117.98059,4.7249051
117.9922,4.2240596
118.00381,3.6688277
118.01542,4.0796203
118.02703,3.7246298
118.03864,3.9006443
118.05025,3.4507121
118.06186,3.378915
118.07347,3.520194
118.08508,3.5052857
118.09669,3.2729892
118.1083,3.1434974
118.11991,2.8406388
118.13152,3.028551
118.14313,2.7666344
118.15474,2.5857397
118.16635,2.4322699
118.17796,2.2292724
118.18957,2.2374538
118.20118,2.2797222
118.21279,2.085842
118.2244,1.9730102
118.23601,1.902213
118.24762,1.9107653
118.25923,1.7928674
118.27084,1.6443847
118.28245,1.6745531
118.29406,1.2539725
118.30567,1.5111283
118.31728,1.5499228
118.32889,1.4832116
118.3405,1.6352771
118.35211,1.3962832
118.36372,1.6170385
118.37533,1.46873
118.38694,1.4801575
118.39855,1.371835
118.41016,1.3554607
118.42177,1.3769818
118.43338,1.1951829
118.44499,1.6190161
118.4566,1.3783793
118.46821,1.6954604
118.47982,1.3337256
118.49143,1.4893536
118.50304,1.3229935
118.51465,1.2985136
118.52626,1.4640561
118.53787,1.3907553
118.54948,1.3533224
118.56109,1.4691084
118.5727,1.322869
118.58431,1.4409155
118.59592,1.34155
118.60753,1.4009463
118.61914,1.3335254
118.63075,1.3047798
118.64236,1.3696815
118.65397,1.43472
118.66558,1.2479043
118.67719,1.3642919
118.6888,1.2270226
118.70041,1.1239612
118.71202,1.2085956
118.72363,1.0438273
118.73524,1.1763578
118.74685,1.0299008
118.75846,1.2678967
118.77007,1.0323104
118.78168,1.2568749
118.79329,1.1292016
118.8049,1.0512567
118.81651,1.1855012
118.82812,0.98383327
118.83973,1.138712
118.85134,0.89591168
118.86295,1.0227401
118.87456,0.98629402
118.88617,0.9981434
118.89778,0.97884148
118.90939,1.055036
118.921,0.97114263
118.93261,1.0718634
118.94422,1.1978374
118.95583,0.90350556
118.96744,1.2286239
118.97905,0.93923363
118.99066,0.92019581
119.00227,0.98195538
119.01388,0.75687607
119.02549,0.82629552
119.0371,0.8821351
119.04871,0.92776993
119.06032,0.79205347
119.07193,1.9625152
119.08354,3.612823
119.09515,3.6241972
119.10676,3.9954741
119.11837,3.3304009
119.12998,3.1160058
119.14159,3.0170939
119.1532,2.8882213
119.16481,3.3453395
119.17642,3.2690911
119.18803,2.9545558
119.19964,2.4131067
119.21125,1.4996249
119.22286,1.4086076
119.23447,1.3041706
119.24608,1.3663506
119.25769,1.5411827
119.2693,1.4072952
119.28091,1.3171186
119.29252,1.360666
119.30413,1.2874967
119.31574,1.2234608
119.32735,1.2810242
119.33896,1.0936854
119.35057,1.1380548
119.36218,1.026499
119.37379,0.99918804
119.3854,0.94806713
119.39701,0.91472942
119.40862,0.95868259
119.42023,0.98043846
119.43184,1.1969308
119.44345,1.0942619
119.45506,1.062506
119.46667,1.2044405
119.47828,1.2452274
119.48989,1.1455654
119.5015,1.2176883
119.51311,1.2430377
119.52472,1.2530743
119.53633,1.2650898
119.54794,1.2710934
119.55955,1.3280662
119.57116,1.3586977
119.58277,1.326786
119.59438,1.3695879
119.60599,1.370274
119.6176,1.246631
119.62921,1.2467433
119.64082,1.1014385
119.65243,1.0810036
119.66404,1.0661308
119.67565,1.0210104
119.68726,1.0706929
119.69887,1.1073289
119.71048,1.0661025
119.72209,0.99890608
119.7337,0.93309427
119.74531,0.90159375
119.75692,0.88604562
119.76853,0.83645461
119.78014,0.78713599
119.79175,0.77860423
119.80336,0.7783671
119.81497,0.79348295
119.82658,0.83101957
119.83819,0.86877522
119.8498,0.89998532
119.86141,0.93337037
119.87302,0.91859942
119.88463,0.91189324
119.89624,0.92458968
119.90785,0.89823343
119.91946,0.87052218
119.93107,0.84847495
119.94268,0.78893947
119.95429,0.73732314
119.9659,0.70545071
119.97751,0.69278099
119.98912,0.69966842
120.00073,0.7335232
120.01234,0.69879663
120.02395,0.74992444
120.03556,0.75508301
120.04717,0.78510368
120.05878,0.77435478
120.07039,0.80596342
120.082,0.79310537
120.09361,0.78746197
120.10522,0.78329568
120.11683,0.738285
120.12844,0.76031437
120.14005,0.71135544
120.15166,0.70971899
120.16327,0.69648843
120.17488,0.72053368
120.18649,0.74028331
120.1981,0.75614886
120.20971,0.7715553
120.22132,0.77368119
120.23293,0.74783902
120.24454,0.72210352
120.25615,0.70352145
120.26776,0.66302582
120.27937,0.62207544
120.29098,0.69533353
120.30259,0.70815696
120.3142,0.75327556
120.3258,0.7947183
120.33741,0.81008584
120.34902,0.83862239
120.36063,0.85988033
120.37224,0.85025099
120.38385,0.85427391
120.39546,0.82700567
120.40707,0.79589994
120.41868,0.76355812
120.43029,0.71221169
120.4419,0.67373654
120.45351,0.648339
120.46512,0.62873536
120.47673,0.61370648
120.48834,0.62330342
120.49995,0.62375134
120.51156,0.62420897
120.52317,0.62411549
120.53478,0.62369622
120.54639,0.64854351
120.558,0.65892757
120.56961,2.8343761
120.58122,3.6634719
120.59283,4.7485374
120.60444,4.5036942
120.61605,4.2413956
120.62766,5.1279094
120.63927,5.8715251
120.65088,6.1576459
120.66249,5.6209252
120.6741,5.5354278
120.68571,6.2363565
120.69732,6.5586366
120.70893,6.6062218
120.72054,6.0910828
120.73215,5.4760183
120.74376,4.9220383
120.75537,4.5813895
120.76698,5.1745066
120.77859,4.7506928
120.7902,4.2578752
120.80181,4.3523015
120.81342,3.953284
120.82503,3.7066249
120.83664,3.7013421
120.84825,3.5319649
120.85986,3.7206459
120.87147,3.9443053
120.88308,4.2001498
120.89469,4.3584104
120.9063,4.7094517
120.91791,4.1768343
120.92952,4.9249488
120.94113,4.9450955
120.95274,4.6428842
120.96435,4.9951264
120.97596,4.6654616
120.98757,3.9015618
120.99918,3.6982951
121.01079,3.3684882
121.0224,4.0540789
121.03401,4.3299947
121.04562,4.5060216
121.05723,4.7792571
121.06884,4.5958278
121.08045,4.4403468
121.09206,4.5833629
121.10367,4.4383088
121.11528,4.3496878
121.12689,4.5824865
121.1385,4.6153853
121.15011,4.4282571
121.16172,3.8548034
121.17333,3.8585422
121.18494,3.9910557
121.19655,3.7356101
121.20816,3.8429804
121.21977,3.8416582
121.23138,4.0133587
121.24299,3.9468871
121.2546,3.8485912
121.26621,3.8349266
121.27782,3.7878062
121.28943,4.3253601
121.30104,5.4425348
121.31265,6.6509651
121.32426,5.8296342
121.33587,4.7352447
121.34748,6.1075762
121.35909,6.2618081
121.3707,6.6691022
121.38231,6.1173943
121.39392,5.7114165
121.40553,7.0437152
121.41714,6.5170799
121.42875,6.1355681
121.44036,5.9715607
121.45197,5.3197668
121.46358,6.058636
121.47519,5.4647449
121.4868,4.0109185
121.49841,4.8010903
121.51002,4.6061159
121.52163,4.4200178
121.53324,4.2875571
121.54485,3.6247566
121.55646,4.0407735
121.56807,4.3267383
121.57968,3.1308766
121.59129,3.5438092
121.6029,3.5083039
121.61451,3.5496607
121.62612,3.3012561
121.63773,2.3765818
121.64934,2.5089403
121.66095,2.6722171
121.67256,2.4708967
121.68417,2.4109137
121.69578,2.4447019
121.70739,2.2275897
121.719,1.9155898
121.73061,2.2851778
121.74222,2.3929484
121.75383,2.1436865
121.76544,2.2177597
121.77705,2.4093356
121.78866,2.2356426
121.80027,2.4127706
121.81188,2.2535432
121.82349,1.9305056
121.8351,1.8878289
121.84671,2.3255032
121.85832,2.4443033
121.86993,1.9665487
121.88154,1.8910841
121.89315,2.1650162
121.90476,1.9119136
121.91637,1.4005393
121.92798,1.9578787
121.93959,1.9865121
121.9512,1.5913426
121.96281,1.7584844
121.97442,2.0177599
121.98603,1.8377817
121.99764,1.6785413
122.00925,1.9931158
122.02086,1.9045131
122.03247,1.6490155
122.04408,1.7113595
122.05569,1.8183056
122.0673,1.8537404
122.07891,1.8475631
122.09052,1.7620929
122.10213,1.7161806
122.11374,1.5748635
122.12535,1.683694
122.13696,1.7166247
122.14857,1.7152698
122.16018,1.8898634
122.17179,1.688498
122.1834,1.7430198
122.19501,1.6091452
122.20662,1.6431462
122.21823,1.4757159
122.22984,1.3984382
122.24145,1.5738528
122.25306,1.7028493
122.26467,1.4878212
122.27628,1.4340625
122.28789,1.5927316
122.2995,1.6928835
122.31111,1.071481
122.32272,1.7841965
122.33433,1.7573594
122.34594,1.3512252
122.35755,1.6951353
122.36916,1.5351297
122.38077,1.4238471
122.39238,1.4926862
122.40399,1.4027764
122.4156,1.065414
122.42721,1.5559264
122.43882,1.7007555
122.45043,1.0407771
122.46204,1.3157971
122.47365,1.9309047
122.48526,1.1298479
122.49687,1.2581075
122.50848,1.7795092
122.52009,1.3136314
122.5317,1.1673825
122.54331,1.5577813
122.55492,1.545774
122.56653,1.2069939
122.57814,1.4497523
122.58975,1.5856332
122.60136,1.2654442
122.61297,1.1829149
122.62458,1.5142477
122.63619,1.3236916
122.6478,0.98323112
122.65941,1.3445145
122.67102,1.2260635
122.68263,1.2642696
122.69424,1.0523681
122.70585,1.0990643
122.71746,1.5716791
122.72907,1.1030517
122.74068,1.1731635
122.75229,1.5780998
122.7639,0.96116673
122.77551,1.221566
122.78712,1.5197291
122.79873,1.0974222
122.81034,1.1436989
122.82195,1.2831598
122.83356,1.2709676
122.84517,1.0975247
122.85678,1.0920669
122.86839,1.2550296
122.88,0.94925103
122.89161,0.967167
122.90322,1.1287674
122.91483,0.91546165
122.92644,1.1508101
122.93805,1.0667977
122.94966,1.026203
122.96127,1.2701583
122.97288,1.0451995
122.98449,1.1536798
122.9961,1.2050413
123.00771,0.89169623
123.01932,1.0664567
123.03093,0.9802456
123.04254,1.0084691
123.05415,0.79591594
123.06576,0.8387229
123.07737,1.1846208
123.08898,0.78072474
123.10059,0.84012906
123.1122,1.2447166
123.12381,0.86937792
123.13542,0.86402707
123.14703,1.1407051
123.15864,0.88134842
123.17025,0.83443355
123.18186,1.0309735
123.19347,0.78025233
123.20508,0.81175859
123.21669,1.044688
123.2283,0.93912853
123.23991,0.7914054
123.25152,1.0962839
123.26313,0.83484845
123.27474,0.74003598
123.28635,1.0678522
123.29796,0.72047133
123.30957,0.67798838
123.32118,1.0373268
123.33279,0.80950914
123.3444,1.0239948
123.35601,4.5362064
123.36762,5.4222207
123.37923,7.0758104
123.39084,8.1863411
123.40245,8.4727201
123.41406,9.5025346
123.42567,9.0876663
123.43728,8.5173683
123.44889,7.9239462
123.4605,7.7246454
123.47211,7.3328
123.48372,8.204958
123.49533,8.2379917
123.50694,7.8434752
123.51855,7.3104271
123.53016,7.220134
123.54177,6.7320597
123.55338,6.613742
123.56499,6.9166399
123.5766,7.5755425
123.58821,7.7816724
123.59982,7.3174854
123.61143,7.0341875
123.62304,7.5463802
123.63465,7.4873645
123.64626,7.0521349
123.65787,6.8302263
123.66948,6.3156694
123.68109,5.9437101
123.6927,5.6525659
123.70431,5.3215161
123.71592,4.833056
123.72753,4.4763875
123.73914,4.1340775
123.75075,4.0860046
123.76236,3.9696836
123.77397,4.0897221
123.78558,4.0571559
123.79719,4.2432181
123.8088,4.191702
123.82041,3.9366275
123.83202,3.7841428
123.84363,3.6460106
123.85524,3.4805325
123.86685,3.669443
123.87846,3.4789817
123.89007,3.1845236
123.90168,3.1888176
123.91329,3.1837162
123.9249,3.1298328
123.93651,3.2914318
123.94812,3.3281633
123.95973,3.3754293
123.97134,3.3434116
123.98295,3.2897239
123.99456,3.2764555
124.00617,3.3259392
124.01778,3.3138658
124.02939,3.3599727
124.041,3.3964541
124.05261,3.3440508
124.06422,3.2193764
124.07583,3.2021631
124.08744,3.130209
124.09905,3.0485916
124.11066,2.9401334
124.12227,2.8678189
124.13388,2.8109906
124.14549,2.8854723
124.1571,2.8111994
124.16871,2.7659825
124.18032,2.7291585
124.19193,2.7156707
124.20354,2.6511075
124.21515,2.5822158
124.22676,2.5012741
124.23837,2.6263097
124.24998,2.7922899
124.26159,2.6916524
124.2732,2.5459041
124.28481,2.6690515
124.29642,2.6516668
124.30803,2.5162715
124.31964,2.6440434
124.33125,2.6901814
124.34286,2.4228105
124.35447,2.3568094
124.36608,2.5082431
124.37769,2.3678045
124.3893,2.2046967
124.40091,2.3263402
124.41252,2.3209682
124.42413,1.996199
124.43574,2.0398271
124.44735,2.1024324
124.45896,1.9167572
124.47057,1.8198258
124.48218,1.93281
124.49379,1.9884166
124.5054,1.7198868
124.51701,1.8491773
124.52862,2.0649453
124.54023,1.7997046
124.55184,1.7112996
124.56345,1.9259606
124.57506,1.9181539
124.58667,1.5753774
124.59828,1.7902157
124.60989,1.9353359
124.6215,1.5727658
124.63311,1.6205664
124.64472,1.7378372
124.65633,1.7333413
124.66794,1.3888598
124.67955,1.5916172
124.69116,1.7424745
124.70277,1.4448574
124.71438,1.5611289
124.72599,1.675319
124.7376,1.6814116
124.74921,1.550696
124.76082,1.6130475
124.77243,1.660762
124.78404,1.5770083
124.79565,1.6091478
124.80726,1.593145
124.81887,1.6081842
124.83048,1.6316774
124.84209,1.6257924
124.8537,1.9801649
124.86531,1.5353375
124.87692,2.0853233
124.88853,2.5037234
124.90014,2.3954127
124.91175,1.5761542
124.92336,2.2409101
124.93497,2.5951988
124.94658,2.2242558
124.95819,2.3150818
124.9698,2.722683
124.98141,2.4659906
124.99302,1.9651333
125.00463,2.2091266
125.01624,2.4990878
125.02785,2.001823
125.03946,1.5739009
125.05107,2.4176685
125.06268,2.2187519
125.07429,1.4512612
125.0859,2.2012415
125.09751,2.4847304
125.10912,1.9938148
125.12073,2.2695014
125.13234,4.541784
125.14395,4.3778641
125.15556,4.7772455
125.16717,4.6553841
125.17878,4.2045832
125.19039,4.4401444
125.202,4.2246704
125.21361,3.6993787
125.22522,3.8275297
125.23683,3.4932432
125.24844,3.2983357
125.26005,2.9418534
125.27166,3.457421
125.28327,2.2639708
125.29488,3.3116445
125.30649,3.0216572
125.3181,4.0268334
125.32971,3.2238602
125.34132,4.4229279
125.35293,7.082717
125.36454,4.5328937
125.37615,6.8891648
125.38776,5.4618509
125.39937,5.794817
125.41098,5.6619934
125.42259,5.4759605
125.4342,6.0446218
125.4458,5.8721167
125.45741,6.5175677
125.46902,5.5514125
125.48063,8.1443223
125.49224,5.159441
125.50385,7.7803934
125.51546,5.0677153
125.52707,6.9072564
125.53868,5.1841309
125.55029,7.332025
125.5619,5.8344198
125.57351,6.5737752
125.58512,5.3781762
125.59673,5.7715454
125.60834,6.4019639
125.61995,6.6870138
125.63156,5.6697477
125.64317,4.4823399
125.65478,6.5389681
125.66639,6.1108157
125.678,4.2236181
125.68961,7.915849
125.70122,4.0533734
125.71283,7.8280061
125.72444,5.4583348
125.73605,6.5541008
125.74766,5.2767232
125.75927,5.1826008
125.77088,4.9548022
125.78249,6.254256
125.7941,5.8813492
125.80571,8.2477935
125.81732,6.5986672
125.82893,8.8610584
125.84054,8.4934756
125.85215,8.8387632
125.86376,8.2212875
125.87537,8.0286398
125.88698,7.0682396
125.89859,7.4711532
125.9102,7.8745841
125.92181,7.2191716
125.93342,8.1084822
125.94503,6.8119872
125.95664,7.480428
125.96825,6.6555373
125.97986,7.1998494
125.99147,7.2262327
126.00308,7.333252
126.01469,8.3336295
126.0263,7.7443891
126.03791,8.5920372
126.04952,8.7572772
126.06113,9.1994739
126.07274,8.6843372
126.08435,8.3311021
126.09596,7.6368751
126.10757,7.8933359
126.11918,6.8867497
126.13079,6.3092883
126.1424,6.1695767
126.15401,6.4999405
126.16562,6.4233149
126.17723,7.4104591
126.18884,5.7217579
126.20045,6.3192058
126.21206,5.4452197
126.22367,7.3843111
126.23528,4.4674933
126.24689,3.6520818
126.2585,4.8890544
126.27011,5.3156524
126.28172,3.5302757
126.29333,6.1416282
126.30494,6.1090566
126.31655,3.4505398
126.32816,6.1891285
126.33977,6.2695317
126.35138,3.6381175
126.36299,4.1394882
126.3746,4.7473242
126.38621,3.8996167
126.39782,4.4408244
126.40943,4.6478589
126.42104,2.9657897
126.43265,2.9572722
126.44426,4.3391688
126.45587,3.6295691
126.46748,4.027998
126.47909,4.7793359
126.4907,2.7302929
126.50231,3.420167
126.51392,4.86329
126.52553,3.5406488
126.53714,3.6988186
126.54875,3.6210862
126.56036,3.3376758
126.57197,3.4454279
126.58358,4.0959888
126.59519,4.0001475
126.6068,3.3031195
126.61841,3.2097916
126.63002,3.075789
126.64163,3.7287981
126.65324,3.624137
126.66485,3.0187205
126.67646,3.0076877
126.68807,4.0853165
126.69968,9.3774936
126.71129,9.6695762
126.7229,7.130279
126.73451,7.6175879
126.74612,7.4843233
126.75773,8.1702784
126.76934,7.3972587
126.78095,6.1267493
126.79256,7.5951036
126.80417,7.1625411
126.81578,5.5191795
126.82739,6.0900132
126.839,5.8370309
126.85061,6.1759749
126.86222,5.2229637
126.87383,6.2088708
126.88544,4.3321384
126.89705,4.8287686
126.90866,5.0548052
126.92027,3.6600902
126.93188,4.2685452
126.94349,3.6953294
126.9551,3.7313676
126.96671,4.2610995
126.97832,3.3321057
126.98993,4.1020185
127.00154,3.8101522
127.01315,3.5753078
127.02476,3.8290645
127.03637,3.4839894
127.04798,4.9481463
127.05959,4.1104309
127.0712,4.5979332
127.08281,4.0752713
127.09442,3.4771972
127.10603,3.8819202
127.11764,2.6585756
127.12925,3.8565346
127.14086,4.0580946
127.15247,3.7452443
127.16408,4.3337959
127.17569,2.6477339
127.1873,3.9096661
127.19891,3.1453301
127.21052,3.806096
127.22213,3.5756187
127.23374,2.7787668
127.24535,3.434564
127.25696,2.3145368
127.26857,3.3363674
127.28018,3.1778465
127.29179,2.9224405
127.3034,5.8517374
127.31501,4.3065084
127.32662,5.009437
127.33823,4.4062428
127.34984,5.3653231
127.36145,6.2102892
127.37306,4.8066035
127.38467,4.8429278
127.39628,4.0927282
127.40789,3.9454926
127.4195,3.901691
127.43111,3.7347132
127.44272,3.7527964
127.45433,4.9127427
127.46594,4.9324874
127.47755,3.6364378
127.48916,3.8728844
127.50077,3.3910592
127.51238,3.1077595
127.52399,3.1115617
127.5356,2.7060767
127.54721,2.8997682
127.55882,2.9792551
127.57043,2.7475646
127.58204,2.335857
127.59365,2.6246445
127.60526,3.3977304
127.61687,2.5526941
127.62848,3.1045103
127.64009,3.2252939
127.6517,3.3148696
127.66331,3.2053388
127.67492,3.1316996
127.68653,3.3293953
127.69814,3.3126431
127.70975,3.2646622
127.72136,3.2995046
127.73297,2.8633881
127.74458,3.2350533
127.75619,3.546691
127.7678,3.0406356
127.77941,3.0826373
127.79102,3.2754798
127.80263,3.345506
127.81424,2.879215
127.82585,3.0468652
127.83746,2.8633481
127.84907,2.7510085
127.86068,3.0176405
127.87229,2.9728704
127.8839,2.4960124
127.89551,2.7370209
127.90712,2.550523
127.91873,2.4060005
127.93034,2.3352125
127.94195,2.4379478
127.95356,2.1205117
127.96517,1.5766431
127.97678,2.1942674
127.98839,2.0207463
128,1.4629565
128.01161,1.5887506
128.02322,1.765286
128.03483,2.2966294
128.04644,2.1540326
128.05805,2.1145344
128.06966,2.6807557
128.08127,2.461721
128.09288,2.4889746
128.10449,2.3044826
128.1161,2.6490582
128.12771,2.3897135
128.13932,2.0692353
128.15093,2.3862705
128.16254,2.211355
128.17415,2.0408573
128.18576,1.9591157
128.19737,2.3973654
128.20898,2.2644897
128.22059,2.0437695
128.2322,6.5691373
128.24381,8.3739429
128.25542,6.1066259
128.26703,5.3167794
128.27864,5.1037982
128.29025,5.9898546
128.30186,6.3915584
128.31347,5.6166632
128.32508,5.1321144
128.33669,5.6319492
128.3483,4.9764009
128.35991,4.8876548
128.37152,4.8545352
128.38313,3.2422159
128.39474,4.2001195
128.40635,4.7226008
128.41796,6.1740459
128.42957,3.7125627
128.44118,4.6831686
128.45279,5.5355591
128.4644,5.1129139
128.47601,4.5088077
128.48762,6.1591264
128.49923,5.844569
128.51084,5.363392
128.52245,7.5748922
128.53406,7.630978
128.54567,6.6971697
128.55728,7.8051202
128.56889,7.2007059
128.5805,7.0440107
128.59211,4.5024872
128.60372,4.106991
128.61533,4.6772816
128.62694,4.5598221
128.63855,4.2050832
128.65016,5.5554171
128.66177,5.187141
128.67338,6.8119573
128.68499,4.8585388
128.6966,5.2519215
128.70821,5.2026848
128.71982,4.0900019
128.73143,6.3502752
128.74304,6.9428257
128.75465,6.2388664
128.76626,7.8165904
128.77787,7.4230074
128.78948,6.6385172
128.80109,8.1551146
128.8127,7.1466794
128.82431,7.0881072
128.83592,8.8904447
128.84753,8.4757287
128.85914,7.8496615
128.87075,8.9390329
128.88236,9.5889596
128.89397,6.6592069
128.90558,9.0319719
128.91719,8.6137668
128.9288,5.7441321
128.94041,7.2998337
128.95202,6.771593
128.96363,4.9139415
128.97524,5.51833
128.98685,6.4636796
128.99846,9.2172722
129.01007,7.9698718
129.02168,6.5726475
129.03329,6.8937014
129.0449,6.5229859
129.05651,7.6414964
129.06812,8.1899874
129.07973,8.2260553
129.09134,8.8002038
129.10295,8.971236
129.11456,7.6099367
129.12617,7.2930638
129.13778,6.7960184
129.14939,6.4663399
129.161,6.1113889
129.17261,7.0340187
129.18422,8.0523213
129.19583,7.1393566
129.20744,7.9408311
129.21905,6.7590078
129.23066,6.4404276
129.24227,8.7714898
129.25388,9.0967552
129.26549,6.5128793
129.2771,6.6913395
129.28871,8.188735
129.30032,7.5004695
129.31193,6.6688601
129.32354,6.7403491
129.33515,7.0373459
129.34676,5.8775545
129.35837,5.431505
129.36998,5.6097331
129.38159,5.565882
129.3932,5.0188508
129.40481,5.248403
129.41642,4.3936569
129.42803,4.5073994
129.43964,4.9606256
129.45125,5.1807207
129.46286,5.2175641
129.47447,4.9614934
129.48608,4.5794539
129.49769,4.1770378
129.5093,4.1890044
129.52091,4.4584299
129.53252,4.6260493
129.54413,4.2138101
129.55574,4.0443385
129.56735,3.6586979
129.57896,3.3954078
129.59057,3.7084112
129.60218,3.9870334
129.61379,3.7307442
129.6254,3.8181024
129.63701,3.5758572
129.64862,3.3733071
129.66023,2.9713284
129.67184,3.0371126
129.68345,3.111277
129.69506,3.198867
129.70667,3.1589189
129.71828,5.2076148
129.72989,5.0781352
129.7415,5.8344581
129.75311,4.9960177
129.76472,5.1986351
129.77633,6.325286
129.78794,7.8973489
129.79955,7.5986263
129.81116,7.820325
129.82277,9.3388385
129.83438,9.0640517
129.84599,8.2236072
129.8576,9.9156879
129.86921,7.4993176
129.88082,8.371297
129.89243,9.4405082
129.90404,7.5958535
129.91565,7.2422453
129.92726,8.2246678
129.93887,6.925182
129.95048,6.2288828
129.96209,6.4969755
129.9737,4.7290139
129.98531,5.1825237
129.99692,6.377077
130.00853,5.3326079
130.02014,5.7027061
130.03175,6.3232769
130.04336,5.3974257
130.05497,5.3867187
130.06658,6.0507667
130.07819,4.7983846
130.0898,5.3441501
130.10141,5.6405683
130.11302,4.2127497
130.12463,4.6322237
130.13624,4.778287
130.14785,3.7993572
130.15946,4.659158
130.17107,4.5794827
130.18268,4.7943252
130.19429,4.5527699
130.2059,4.7119548
130.21751,4.3350279
130.22912,4.649642
130.24073,4.3548393
130.25234,4.7961869
130.26395,4.3697713
130.27556,4.740852
130.28717,5.4475756
130.29878,5.1479602
130.31039,5.0941533
130.322,4.5061582
130.33361,5.0576381
130.34522,4.103957
130.35683,5.7420772
130.36844,4.9443792
130.38005,4.3187667
130.39166,5.4956471
130.40327,4.6766222
130.41488,3.8886826
130.42649,5.8620042
130.4381,4.4238534
130.44971,4.063334
130.46132,5.4304843
130.47293,3.4260079
130.48454,4.1759393
130.49615,4.5239752
130.50776,3.7001879
130.51937,4.1350063
130.53098,3.5674734
130.54259,3.3798657
130.5542,4.0247985
130.5658,2.6103672
130.57741,3.4730521
130.58902,3.4716427
130.60063,2.621175
130.61224,3.3705323
130.62385,3.2215396
130.63546,2.6406972
130.64707,2.7318407
130.65868,2.7586298
130.67029,2.6944544
130.6819,2.5703978
130.69351,2.6165742
130.70512,2.8276444
130.71673,2.3386997
130.72834,2.5404632
130.73995,2.6689057
130.75156,2.4122555
130.76317,2.4686432
130.77478,2.4205354
130.78639,2.2337407
130.798,2.230195
130.80961,2.2658782
130.82122,2.1383284
130.83283,2.1838028
130.84444,2.2845389
130.85605,2.2240069
130.86766,2.0600838
130.87927,2.1227101
130.89088,2.2348016
130.90249,2.016632
130.9141,2.06051
130.92571,2.1152082
130.93732,2.0846754
130.94893,1.9100439
130.96054,2.5680681
130.97215,2.8907108
130.98376,3.0167658
130.99537,3.4254012
131.00698,3.9720059
131.01859,4.7506344
131.0302,4.8444292
131.04181,4.6592433
131.05342,4.8847
131.06503,4.8907974
131.07664,4.1117203
131.08825,4.362664
131.09986,3.6853455
131.11147,4.0655333
131.12308,3.9144219
131.13469,3.9652197
131.1463,3.4873823
131.15791,3.7882404
131.16952,3.3170106
131.18113,3.8902287
131.19274,3.1739318
131.20435,3.7816423
131.21596,4.0275892
131.22757,4.5039477
131.23918,3.7616737
131.25079,3.9653749
131.2624,5.287897
131.27401,4.5793096
131.28562,6.0955985
131.29723,5.812345
131.30884,5.9343994
131.32045,6.5944584
131.33206,7.566396
131.34367,7.9600776
131.35528,8.7460555
131.36689,8.458632
131.3785,8.6683587
131.39011,9.1346388
131.40172,8.4985019
131.41333,8.1367713
131.42494,8.602722
131.43655,8.0232496
131.44816,8.1028654
131.45977,7.6196888
131.47138,7.1290349
131.48299,7.3431589
131.4946,6.6085059
131.50621,5.4989994
131.51782,6.0338569
131.52943,5.5012121
131.54104,5.4952454
131.55265,6.0665631
131.56426,5.8327971
131.57587,8.4550021
131.58748,6.9981151
131.59909,7.179166
131.6107,8.7167569
131.62231,7.5999874
131.63392,8.2600372
131.64553,9.0268654
131.65714,7.3632193
131.66875,5.58903
131.68036,6.1847601
131.69197,5.8775772
131.70358,4.6985735
131.71519,5.666414
131.7268,7.9677375
131.73841,5.6975701
131.75002,5.1968096
131.76163,7.1942803
131.77324,5.6428287
131.78485,5.5530354
131.79646,5.8017646
131.80807,6.4511031
131.81968,6.2698173
131.83129,6.5092467
131.8429,6.7836587
131.85451,6.9457991
131.86612,8.0187435
131.87773,8.4575691
131.88934,7.9061805
131.90095,7.8901742
131.91256,8.2754722
131.92417,6.9954339
131.93578,6.2494792
131.94739,6.4288325
131.959,7.5699106
131.97061,7.6315304
131.98222,8.3161516
131.99383,9.5044198
132.00544,10.144219
132.01705,8.8689686
132.02866,8.5464593
132.04027,9.2752572
132.05188,8.786909
132.06349,6.8621624
132.0751,6.7941762
132.08671,8.8029011
132.09832,8.4818899
132.10993,7.3043121
132.12154,8.1763747
132.13315,9.5121048
132.14476,6.8447517
132.15637,6.7907676
132.16798,9.5467011
132.17959,7.9112164
132.1912,6.6894626
132.20281,6.5665586
132.21442,8.7278777
132.22603,7.2881899
132.23764,6.1416572
132.24925,7.6824286
132.26086,7.63998
132.27247,5.5703289
132.28408,6.4649429
132.29569,6.7795397
132.3073,6.7273523
132.31891,7.0711182
132.33052,8.0856689
132.34213,8.1996513
132.35374,7.6579903
132.36535,8.2732724
132.37696,8.8545437
132.38857,8.611538
132.40018,8.1591976
132.41179,8.1341367
132.4234,7.8170309
132.43501,7.6253486
132.44662,6.5221471
132.45823,6.0058107
132.46984,7.2461654
132.48145,7.0773724
132.49306,6.719519
132.50467,5.9712868
132.51628,6.5537387
132.52789,6.9204356
132.5395,6.0143435
132.55111,6.0059243
132.56272,5.7647924
132.57433,6.1168465
132.58594,6.7832719
132.59755,6.7781852
132.60916,6.1259407
132.62077,6.1865181
132.63238,5.9840077
132.64399,6.2345794
132.6556,6.4278555
132.66721,6.0451921
132.67882,5.6006959
132.69043,5.3709744
132.70204,5.4833788
132.71365,5.7452295
132.72526,5.6571473
132.73687,5.4764191
132.74848,5.3995927
132.76009,5.6220652
132.7717,5.4336945
132.78331,5.1491034
132.79492,5.5323096
132.80653,6.751324
132.81814,8.7132489
132.82975,8.3580987
132.84136,7.5754112
132.85297,7.4806553
132.86458,8.0943435
132.87619,7.0829032
132.8878,5.6410352
132.89941,6.4935411
132.91102,6.5568764
132.92263,6.6430789
132.93424,5.0855618
132.94585,5.8737423
132.95746,5.9974456
132.96907,7.6887793
132.98068,7.3032671
132.99229,9.0464244
133.0039,8.0370071
133.01551,8.1263331
133.02712,7.2436383
133.03873,7.9182139
133.05034,7.670692
133.06195,7.2356826
133.07356,7.8690634
133.08517,7.4971431
133.09678,7.6597435
133.10839,8.0094861
133.12,7.2891842
133.13161,6.232629
133.14322,7.6941247
133.15483,6.2974448
133.16644,5.6526253
133.17805,6.5958594
133.18966,6.5814978
133.20127,6.5311787
133.21288,8.9936468
133.22449,7.8310476
133.2361,8.4129818
133.24771,8.704675
133.25932,9.2307462
133.27093,8.3885332
133.28254,8.2728112
133.29415,8.0622973
133.30576,6.8476793
133.31737,7.2060382
133.32898,6.2435868
133.34059,7.2302378
133.3522,6.0919411
133.36381,5.6018957
133.37542,7.0613955
133.38703,8.0281285
133.39864,9.7595772
133.41025,8.8956127
133.42186,10.716604
133.43347,7.5323932
133.44508,7.8982301
133.45669,7.713763
133.4683,8.6011725
133.47991,9.3320892
133.49152,6.4687805
133.50313,9.4808106
133.51474,7.7621461
133.52635,8.7532844
133.53796,9.4112701
133.54957,9.3922768
133.56118,7.6356179
133.57279,8.1967157
133.5844,8.5411443
133.59601,8.0531613
133.60762,7.604314
133.61923,7.3942112
133.63084,6.4650113
133.64245,5.2444668
133.65406,5.0818133
133.66567,4.7246248
133.67728,4.8419157
133.68889,4.3935918
133.7005,4.1157138
133.71211,4.8568872
133.72372,4.193832
133.73533,4.6855514
133.74694,4.7767039
133.75855,5.3276766
133.77016,5.2176282
133.78177,4.8945462
133.79338,4.4087519
133.80499,4.1631996
133.8166,3.0868545
133.82821,3.9557195
133.83982,3.0959343
133.85143,2.9809314
133.86304,3.0317946
133.87465,2.710695
133.88626,2.4892676
133.89787,2.8888808
133.90948,3.592532
133.92109,7.2594419
133.9327,9.3375948
133.94431,9.9856448
133.95592,11.00141
133.96753,11.273207
133.97914,11.002055
133.99075,11.340986
134.00236,10.860382
134.01397,9.8995658
134.02558,7.9611318
134.03719,9.8997615
134.0488,9.5832499
134.06041,8.0337275
134.07202,7.3220488
134.08363,6.7549676
134.09524,6.6500092
134.10685,6.4616422
134.11846,5.2728256
134.13007,6.9670853
134.14168,5.8375706
134.15329,4.9282648
134.1649,5.7817049
134.17651,4.8808659
134.18812,5.0852013
134.19973,4.3928528
134.21134,3.7660276
134.22295,5.0026772
134.23456,5.3164845
134.24617,3.8312448
134.25778,3.8308984
134.26939,3.7401211
134.281,3.5335911
134.29261,3.7405063
134.30422,3.2937928
134.31583,3.3802257
134.32744,2.9870087
134.33905,3.121763
134.35066,3.4228638
134.36227,3.4985741
134.37388,3.4890334
134.38549,7.2688849
134.3971,8.7454037
134.40871,8.7782875
134.42032,8.4162732
134.43193,8.0222126
134.44354,8.4852425
134.45515,8.5069818
134.46676,8.5206542
134.47837,8.6803685
134.48998,8.4530062
134.50159,8.4749958
134.5132,8.4601616
134.52481,8.3309481
134.53642,8.459038
134.54803,8.5225663
134.55964,8.1885102
134.57125,7.7586049
134.58286,7.9417891
134.59447,8.1793401
134.60608,7.2077894
134.61769,7.4215485
134.6293,7.6479674
134.64091,7.181185
134.65252,6.954496
134.66413,7.3143776
134.67574,6.9168382
134.68735,6.2343354
134.69896,6.4646778
134.71057,7.0205242
134.72218,6.1470272
134.73379,6.2539742
134.7454,6.5027469
134.75701,5.8572772
134.76862,5.5103128
134.78023,5.7826588
134.79184,5.9591474
134.80345,5.2491328
134.81506,5.4281627
134.82667,5.6284941
134.83828,4.9645231
134.84989,4.621594
134.8615,5.700226
134.87311,6.3430674
134.88472,6.3754864
134.89633,7.2694223
134.90794,7.2567944
134.91955,6.826387
134.93116,6.2181185
134.94277,6.0842059
134.95438,6.2611973
134.96599,5.6552558
134.9776,6.347686
134.98921,5.6407208
135.00082,5.6312751
135.01243,6.3705087
135.02404,5.0393912
135.03565,5.5103245
135.04726,5.704136
135.05887,5.9716056
135.07048,5.2295046
135.08209,5.819016
135.0937,4.3449867
135.10531,5.5024533
135.11692,4.4112066
135.12853,5.6711122
135.14014,4.0623123
135.15175,5.2553298
135.16336,5.0111774
135.17497,5.5628767
135.18658,5.292861
135.19819,4.8038547
135.2098,4.8092386
135.22141,5.2446477
135.23302,4.688073
135.24463,5.4513536
135.25624,4.9438172
135.26785,4.2517053
135.27946,4.9105895
135.29107,4.6259468
135.30268,4.8782987
135.31429,4.5019519
135.3259,4.8028238
135.33751,4.4782185
135.34912,7.3544041
135.36073,8.1578518
135.37234,7.9993914
135.38395,8.5317943
135.39556,8.7136493
135.40717,7.6948175
135.41878,7.2269733
135.43039,6.8429063
135.442,6.9730203
135.45361,6.8672289
135.46522,6.8933084
135.47683,6.4035825
135.48844,6.4086739
135.50005,6.3956223
135.51166,6.6058532
135.52327,5.9942702
135.53488,6.0087286
135.54649,6.0621551
135.5581,5.8495047
135.56971,5.6676361
135.58132,5.6707716
135.59293,5.7438712
135.60454,6.5647389
135.61615,6.4013333
135.62776,6.4264252
135.63937,6.1866554
135.65098,6.2051755
135.66259,6.1243292
135.6742,5.9270024
135.6858,5.8965785
135.69741,5.7511466
135.70902,5.5015971
135.72063,5.6279883
135.73224,6.010426
135.74385,5.9085305
135.75546,5.8374706
135.76707,6.0059782
135.77868,6.1141215
135.79029,5.6532899
135.8019,5.5660001
135.81351,5.4331718
135.82512,5.756135
135.83673,5.6731787
135.84834,5.4357546
135.85995,6.1954208
135.87156,5.7303438
135.88317,5.9061588
135.89478,5.7046972
135.90639,5.724208
135.918,5.8524501
135.92961,6.1193805
135.94122,5.4026611
135.95283,5.7414291
135.96444,7.2369624
135.97605,8.7289141
135.98766,8.8881725
135.99927,10.467576
136.01088,11.298354
136.02249,11.958633
136.0341,11.708798
136.04571,11.680727
136.05732,9.9249888
136.06893,10.247678
136.08054,9.2673576
136.09215,9.8244399
136.10376,10.549786
136.11537,8.5090158
136.12698,7.6469065
136.13859,8.6883466
136.1502,6.728065
136.16181,7.4147841
136.17342,9.0603766
136.18503,7.8291407
136.19664,8.7784828
136.20825,9.4725235
136.21986,7.5852177
136.23147,8.9298129
136.24308,9.0302829
136.25469,7.68433
136.2663,8.8257487
136.27791,7.9798717
136.28952,7.3893552
136.30113,7.9926819
136.31274,6.8080622
136.32435,6.5712963
136.33596,7.2225683
136.34757,5.0842499
136.35918,5.3530204
136.37079,6.8212963
136.3824,4.909864
136.39401,5.5476028
136.40562,6.9146847
136.41723,5.2436462
136.42884,5.4640348
136.44045,6.21502
136.45206,4.8233449
136.46367,5.2129091
136.47528,5.415785
136.48689,4.8991481
136.4985,5.2700237
136.51011,4.6119968
136.52172,4.6410637
136.53333,5.4415451
136.54494,4.6729296
136.55655,5.1456485
136.56816,5.994635
136.57977,5.9213369
136.59138,6.1950543
136.60299,6.9899107
136.6146,6.6291177
136.62621,6.5603383
136.63782,6.8995114
136.64943,5.9775365
136.66104,6.590368
136.67265,5.7532307
136.68426,6.6374294
136.69587,6.0161245
136.70748,5.3224026
136.71909,6.244285
136.7307,6.1958611
136.74231,5.8768054
136.75392,5.4273929
136.76553,4.8634764
136.77714,5.4707288
136.78875,5.3635724
136.80036,6.410163
136.81197,6.1302029
136.82358,4.7706978
136.83519,5.0701629
136.8468,7.2642163
136.85841,15.195213
136.87002,17.594678
136.88163,17.65477
136.89324,16.252903
136.90485,14.760508
136.91646,14.059242
136.92807,12.90823
136.93968,11.026551
136.95129,11.079601
136.9629,10.530514
136.97451,8.7946242
136.98612,9.7035862
136.99773,8.8433918
137.00934,7.3889486
137.02095,6.9587851
137.03256,7.0350909
137.04417,6.5153532
137.05578,6.1148857
137.06739,6.6214872
137.079,6.4399635
137.09061,6.4214856
137.10222,5.3410214
137.11383,5.3333048
137.12544,5.584258
137.13705,4.738747
137.14866,4.291299
137.16027,4.81266
137.17188,4.5094158
137.18349,4.9621295
137.1951,9.0151813
137.20671,6.6091402
137.21832,7.1002827
137.22993,6.8318786
137.24154,5.7365788
137.25315,5.9404839
137.26476,5.8170009
137.27637,6.0515487
137.28798,7.1056436
137.29959,7.3515888
137.3112,7.2664465
137.32281,6.120518
137.33442,5.0045733
137.34603,5.1388464
137.35764,5.4301615
137.36925,6.5947771
137.38086,6.0416349
137.39247,9.0635397
137.40408,11.410025
137.41569,11.128129
137.4273,11.671026
137.43891,10.308385
137.45052,10.936861
137.46213,10.153271
137.47374,9.4476998
137.48535,8.9098791
137.49696,8.4169501
137.50857,7.2515398
137.52018,6.9427967
137.53179,7.1135852
137.5434,7.4904047
137.55501,6.0327912
137.56662,8.6955584
137.57823,8.7002087
137.58984,8.928146
137.60145,9.4505846
137.61306,11.398222
137.62467,9.8087424
137.63628,10.695184
137.64789,8.3869891
137.6595,10.05782
137.67111,7.3598197
137.68272,9.7122207
137.69433,9.0450887
137.70594,8.87299
137.71755,7.4880389
137.72916,7.6896737
137.74077,6.7796751
137.75238,7.0904419
137.76399,5.7587456
137.7756,7.7900328
137.78721,8.5782712
137.79882,8.4206163
137.81043,8.5754717
137.82204,9.2543902
137.83365,9.17723
137.84526,9.300008
137.85687,9.1643102
137.86848,8.3138533
137.88009,9.228121
137.8917,9.212846
137.90331,9.4706367
137.91492,11.618199
137.92653,10.470269
137.93814,8.6588276
137.94975,13.439066
137.96136,10.006581
137.97297,7.022255
137.98458,8.3930564
137.99619,7.4873088
138.0078,6.1478999
138.01941,5.7314049
138.03102,6.7900309
138.04263,7.5457827
138.05424,7.0446088
138.06585,8.1275626
138.07746,6.8955051
138.08907,5.2593607
138.10068,7.3323456
138.11229,8.3242047
138.1239,6.0968758
138.13551,7.09689
138.14712,7.3175257
138.15873,5.4466814
138.17034,5.650824
138.18195,6.795835
138.19356,3.5432605
138.20517,5.0694718
138.21678,6.509566
138.22839,4.0281232
138.24,6.2898139
138.25161,6.488145
138.26322,3.8058545
138.27483,5.9228527
138.28644,6.9463691
138.29805,4.5298277
138.30966,5.1477156
138.32127,5.9408188
138.33288,3.4746375
138.34449,4.886567
138.3561,5.4804175
138.36771,8.3412077
138.37932,12.454061
138.39093,10.275201
138.40254,9.7689935
138.41415,10.521833
138.42576,9.9049511
138.43737,10.915531
138.44898,9.7068452
138.46059,8.727578
138.4722,9.9573902
138.48381,8.6086774
138.49542,8.0722846
138.50703,9.0303088
138.51864,7.7161702
138.53025,7.9250225
138.54186,6.8137181
138.55347,8.0745667
138.56508,5.8167972
138.57669,6.2278586
138.5883,6.5197566
138.59991,4.6695042
138.61152,5.3270691
138.62313,4.8517166
138.63474,4.2532157
138.64635,5.7210538
138.65796,4.1388832
138.66957,4.7153142
138.68118,4.2129372
138.69279,4.1614693
138.7044,4.8183866
138.71601,4.1467605
138.72762,5.5716602
138.73923,4.0810452
138.75084,4.9487695
138.76245,4.7587155
138.77406,4.0167698
138.78567,4.9621505
138.79728,3.3128186
138.80889,4.3503961
138.8205,3.9577104
138.83211,3.6505674
138.84372,4.2834101
138.85533,3.5854908
138.86694,3.7076435
138.87855,3.0603163
138.89016,4.405956
138.90177,5.3546914
138.91338,5.9305409
138.92499,6.3236429
138.9366,6.1485622
138.94821,6.5470675
138.95982,7.2233241
138.97143,5.674304
138.98304,5.8135278
138.99465,5.6453944
139.00626,5.5263036
139.01787,4.9484068
139.02948,5.2492115
139.04109,5.1916644
139.0527,4.8401206
139.06431,5.9490075
139.07592,5.0875178
139.08753,3.924926
139.09914,3.3752056
139.11075,3.7998285
139.12236,3.6486344
139.13397,3.5576416
139.14558,3.7355368
139.15719,3.5339742
139.1688,3.6977526
139.18041,3.2123824
139.19202,3.0515303
139.20363,3.6685684
139.21524,3.7363246
139.22685,3.6650353
139.23846,4.0694369
139.25007,4.2603051
139.26168,3.4506333
139.27329,4.0789254
139.2849,4.1901937
139.29651,3.8925305
139.30812,3.8023166
139.31973,4.3798914
139.33134,3.9256838
139.34295,3.4716129
139.35456,4.2057583
139.36617,4.1235198
139.37778,3.279087
139.38939,3.8196365
139.401,4.1378231
139.41261,3.5261067
139.42422,3.3008683
139.43583,3.31465
139.44744,3.5365573
139.45905,3.1935698
139.47066,3.2639839
139.48227,3.2760727
139.49388,2.5752351
139.50549,3.3763255
139.5171,3.3104272
139.52871,3.8218432
139.54032,2.8301817
139.55193,3.1756356
139.56354,3.968835
139.57515,4.5419439
139.58676,3.4421938
139.59837,4.0323245
139.60998,3.5811263
139.62159,3.5199645
139.6332,3.8022698
139.64481,4.0545456
139.65642,3.4136656
139.66803,3.2916793
139.67964,3.5214787
139.69125,3.8598438
139.70286,3.407237
139.71447,3.3157934
139.72608,3.3710586
139.73769,3.8957529
139.7493,8.1306423
139.76091,9.5856019
139.77252,9.4090079
139.78413,9.9858626
139.79574,8.806631
139.80735,9.1198625
139.81896,9.4084119
139.83057,8.1612777
139.84218,7.8139879
139.85379,7.410218
139.8654,6.8626922
139.87701,6.673591
139.88862,6.9588921
139.90023,6.7814569
139.91184,6.0881481
139.92345,5.4063649
139.93506,5.0926448
139.94667,5.0404156
139.95828,5.158826
139.96989,5.3561923
139.9815,5.3275659
139.99311,6.0453249
140.00472,6.0966718
140.01633,5.1449884
140.02794,5.6004373
140.03955,5.9168655
140.05116,7.2593399
140.06277,7.3047259
140.07438,7.8734266
140.08599,8.7456902
140.0976,8.1860061
140.10921,9.5857056
140.12082,8.0837084
140.13243,8.0137458
140.14404,7.4883708
140.15565,6.9968676
140.16726,8.240101
140.17887,7.3672352
140.19048,7.6623811
140.20209,5.6985832
140.2137,9.4826707
140.22531,11.274221
140.23692,9.4018767
140.24853,7.9356492
140.26014,9.2042751
140.27175,10.611744
140.28336,10.570768
140.29497,9.492053
140.30658,6.9574779
140.31819,7.0411655
140.3298,7.8007814
140.34141,8.6368137
140.35302,8.2030579
140.36463,6.1749637
140.37624,5.0017324
140.38785,7.8596123
140.39946,6.3480167
140.41107,6.7492315
140.42268,6.7139602
140.43429,7.6235471
140.4459,8.2338915
140.45751,6.0894054
140.46912,6.7799667
140.48073,6.7721277
140.49234,5.7810985
140.50395,4.8955002
140.51556,4.9613369
140.52717,5.3021441
140.53878,5.9687642
140.55039,7.3371794
140.562,7.6636479
140.57361,7.2300781
140.58522,6.9267149
140.59683,6.2430853
140.60844,6.6641729
140.62005,6.8224042
140.63166,6.9537471
140.64327,6.6441371
140.65488,6.6155585
140.66649,5.8016852
140.6781,5.7393925
140.68971,4.8961595
140.70132,4.8829164
140.71293,7.1270446
140.72454,8.1707201
140.73615,8.2069676
140.74776,7.8989315
140.75937,7.5104892
140.77098,7.7395437
140.78259,7.7616207
140.7942,6.8394459
140.8058,7.9785789
140.81741,7.8223037
140.82902,7.3067853
140.84063,6.8567751
140.85224,6.4909991
140.86385,6.947796
140.87546,7.278201
140.88707,5.813232
140.89868,6.4806698
140.91029,6.4878357
140.9219,4.9646816
140.93351,4.5208738
140.94512,5.6951837
140.95673,5.0753916
140.96834,5.2514973
140.97995,5.404248
140.99156,5.0350773
141.00317,4.4495925
141.01478,4.4813836
141.02639,3.7155157
141.038,5.0331485
141.04961,4.4801635
141.06122,4.7227026
141.07283,4.4393811
141.08444,4.2315676
141.09605,4.1729513
141.10766,4.1456569
141.11927,4.0822199
141.13088,3.762576
141.14249,3.9222624
141.1541,3.1814812
141.16571,3.6462317
141.17732,3.5718288
141.18893,3.597608
141.20054,3.8791019
141.21215,3.6768709
141.22376,3.9246173
141.23537,3.7682605
141.24698,4.3787129
141.25859,5.0863979
141.2702,4.9877747
141.28181,5.1034189
141.29342,4.5311174
141.30503,5.5733856
141.31664,7.8126466
141.32825,7.5704579
141.33986,7.871292
141.35147,8.2533945
141.36308,8.5633035
141.37469,8.8168983
141.3863,8.7671988
141.39791,6.9512311
141.40952,8.473432
141.42113,8.2474545
141.43274,7.685515
141.44435,7.4591135
141.45596,7.454944
141.46757,6.9422414
141.47918,6.9173102
141.49079,6.120356
141.5024,5.0940832
141.51401,4.9737501
141.52562,5.6372344
141.53723,5.0295734
141.54884,5.7245376
141.56045,5.1366077
141.57206,4.2864844
141.58367,5.3025607
141.59528,4.9586873
141.60689,4.1896907
141.6185,5.7460287
141.63011,4.9679521
141.64172,4.1642766
141.65333,5.2611977
141.66494,4.4033548
141.67655,3.4632499
141.68816,5.3117343
141.69977,4.2160174
141.71138,4.2418648
141.72299,4.8740202
141.7346,4.5225555
141.74621,6.6666814
141.75782,6.0584485
141.76943,5.6226973
141.78104,5.082135
141.79265,5.9891144
141.80426,4.6203849
141.81587,5.7415691
141.82748,5.094045
141.83909,4.4617893
141.8507,4.9546827
141.86231,5.0430111
141.87392,4.3678167
141.88553,5.8083813
141.89714,4.8262998
141.90875,4.6242159
141.92036,4.9978063
141.93197,3.6717144
141.94358,4.6426161
141.95519,4.4103891
141.9668,3.3432976
141.97841,4.890599
141.99002,3.7094795
142.00163,3.3345473
142.01324,4.5576209
142.02485,3.4368822
142.03646,3.68486
142.04807,3.4065763
142.05968,3.2697675
142.07129,3.8007024
142.0829,3.5254932
142.09451,3.3704618
142.10612,3.4138341
142.11773,3.3472581
142.12934,3.4483194
142.14095,3.2710827
142.15256,2.9223332
142.16417,2.9470808
142.17578,2.9342968
142.18739,2.7792192
142.199,2.9821837
142.21061,3.0300958
142.22222,2.7113075
142.23383,2.7172002
142.24544,2.844584
142.25705,2.5122472
142.26866,2.5139392
142.28027,2.8357603
142.29188,3.1117875
142.30349,3.4588308
142.3151,3.2911297
142.32671,3.2453988
142.33832,3.2366652
142.34993,3.4045645
142.36154,3.5593056
142.37315,2.9407851
142.38476,2.8425363
142.39637,2.5353869
142.40798,3.4091413
142.41959,3.076068
142.4312,3.1455107
142.44281,2.5387925
142.45442,2.8528749
142.46603,2.6447103
142.47764,3.549119
142.48925,3.0495297
142.50086,2.8620416
142.51247,2.8912273
142.52408,3.01875
142.53569,3.4864614
142.5473,3.4430015
142.55891,2.9442152
142.57052,2.8589829
142.58213,4.0531188
142.59374,3.7497598
142.60535,3.1580951
142.61696,4.2440652
142.62857,5.8230325
142.64018,5.2366356
142.65179,6.0359802
142.6634,6.2717155
142.67501,6.2255048
142.68662,6.67336
142.69823,6.4798967
142.70984,5.6345563
142.72145,6.3364935
142.73306,6.0003839
142.74467,6.1229492
142.75628,5.6132449
142.76789,5.8385345
142.7795,5.7485447
142.79111,5.1087057
142.80272,4.6411125
142.81433,4.7560537
142.82594,5.8775943
142.83755,5.1942383
142.84916,4.2614634
142.86077,7.6315778
142.87238,5.1384894
142.88399,4.1307263
142.8956,5.304544
142.90721,4.3522112
142.91882,3.4012025
142.93043,4.1052626
142.94204,4.6751303
142.95365,4.3271911
142.96526,3.7221558
142.97687,5.971436
142.98848,5.2060108
143.00009,5.5891112
143.0117,5.8773713
143.02331,5.6955114
143.03492,5.5246482
143.04653,4.764724
143.05814,4.7971058
143.06975,4.9964806
143.08136,5.5645236
143.09297,5.3737555
143.10458,5.5067113
143.11619,6.3129287
143.1278,6.6118726
143.13941,6.2516081
143.15102,6.0764321
143.16263,6.1379517
143.17424,5.7003307
143.18585,5.6832277
143.19746,5.7229756
143.20907,5.1896855
143.22068,4.982416
143.23229,5.903603
143.2439,5.4743507
143.25551,7.0241956
143.26712,8.2467398
143.27873,8.1141714
143.29034,7.6292
143.30195,7.8325787
143.31356,6.2417732
143.32517,5.9766202
143.33678,5.9643384
143.34839,6.2094875
143.36,7.4201806
143.37161,7.5851008
143.38322,7.150396
143.39483,7.3579644
143.40644,6.7250535
143.41805,5.6034976
143.42966,5.7144739
143.44127,4.9984355
143.45288,5.8859733
143.46449,5.2514626
143.4761,4.643952
143.48771,5.5414954
143.49932,5.1377095
143.51093,4.5791487
143.52254,6.3423023
143.53415,4.3501659
143.54576,4.8981171
143.55737,5.8069723
143.56898,3.9278232
143.58059,4.2890449
143.5922,5.081201
143.60381,4.8711299
143.61542,4.702856
143.62703,5.0674076
143.63864,3.909851
143.65025,4.6825816
143.66186,4.5651618
143.67347,4.3131806
143.68508,4.2848326
143.69669,4.6058544
143.7083,4.1726493
143.71991,5.7517206
143.73152,3.5883688
143.74313,5.3709287
143.75474,4.1073325
143.76635,5.3522536
143.77796,4.9063823
143.78957,5.1652857
143.80118,5.2570557
143.81279,5.7565296
143.8244,4.537309
143.83601,4.6528552
143.84762,4.2964607
143.85923,4.9411514
143.87084,4.6065723
143.88245,4.3907183
143.89406,4.7008706
143.90567,4.2446813
143.91728,4.0826859
143.92889,4.21422
143.9405,3.6603202
143.95211,3.3474635
143.96372,3.5763695
143.97533,3.60956
143.98694,4.4054992
143.99855,4.60626
144.01016,4.0969553
144.02177,3.7960144
144.03338,4.7607938
144.04499,5.1471159
144.0566,3.2431638
144.06821,3.5701294
144.07982,3.8562043
144.09143,3.1527788
144.10304,3.1100772
144.11465,3.0756814
144.12626,3.0318749
144.13787,3.394663
144.14948,3.0968718
144.16109,3.2261377
144.1727,4.044753
144.18431,3.7405839
144.19592,3.0197906
144.20753,4.461
144.21914,5.301231
144.23075,4.9084495
144.24236,4.946654
144.25397,4.4024025
144.26558,4.7791008
144.27719,3.975368
144.2888,4.548183
144.30041,4.0540978
144.31202,4.369782
144.32363,3.6849401
144.33524,4.1767684
144.34685,3.3292585
144.35846,3.9300062
144.37007,3.6774416
144.38168,3.5388877
144.39329,3.3133792
144.4049,2.8796095
144.41651,3.1375543
144.42812,2.6890455
144.43973,2.2909689
144.45134,2.3517208
144.46295,2.7835087
144.47456,2.6839734
144.48617,2.4693839
144.49778,2.6336309
144.50939,3.354469
144.521,3.9168879
144.53261,2.8602622
144.54422,2.7519177
144.55583,3.1145134
144.56744,2.3113925
144.57905,2.6971487
144.59066,2.960335
144.60227,3.1042591
144.61388,2.3970603
144.62549,2.4051139
144.6371,2.8808017
144.64871,3.4008406
144.66032,2.2047337
144.67193,1.7298178
144.68354,2.8342237
144.69515,2.5982382
144.70676,1.9493918
144.71837,2.5894689
144.72998,3.3184866
144.74159,4.1419864
144.7532,3.8130214
144.76481,3.0142066
144.77642,2.9228033
144.78803,3.1167241
144.79964,3.3184978
144.81125,2.9057147
144.82286,2.2767153
144.83447,2.359295
144.84608,2.1663834
144.85769,2.0585611
144.8693,1.7795295
144.88091,2.4780877
144.89252,4.0515748
144.90413,3.7234877
144.91574,3.0587473
144.92735,3.5878605
144.93896,4.628987
144.95057,3.9523873
144.96218,2.8056622
144.97379,2.7476314
144.9854,2.7412804
144.99701,3.3482574
145.00862,2.4598405
145.02023,2.6460936
145.03184,3.0020491
145.04345,3.5959678
145.05506,3.1593487
145.06667,4.004041
145.07828,3.8294764
145.08989,4.7761204
145.1015,3.7746144
145.11311,4.0190323
145.12472,3.6709067
145.13633,3.1788243
145.14794,2.4180543
145.15955,1.4506194
145.17116,1.3690131
145.18277,2.4043214
145.19438,2.0453874
145.20599,1.9273436
145.2176,2.5481145
145.22921,2.3848574
145.24082,2.2904627
145.25243,2.3826405
145.26404,2.2331608
145.27565,2.0626767
145.28726,2.3001153
145.29887,1.6485532
145.31048,2.568854
145.32209,1.3502147
145.3337,1.3976184
145.34531,1.4238024
145.35692,1.7066472
145.36853,2.6321177
145.38014,2.7654224
145.39175,2.8495554
145.40336,2.7154011
145.41497,3.0844829
145.42658,3.0020617
145.43819,2.9631349
145.4498,2.7031754
145.46141,2.3188493
145.47302,2.4521627
145.48463,2.2966865
145.49624,1.7734866
145.50785,1.4378277
145.51946,2.0687283
145.53107,1.6057113
145.54268,1.8300032
145.55429,1.7838739
145.5659,1.4474199
145.57751,1.5211423
145.58912,1.8994669
145.60073,1.3113637
145.61234,1.6114187
145.62395,2.066358
145.63556,2.2960564
145.64717,2.5494019
145.65878,2.3443201
145.67039,2.4636631
145.682,2.5609726
145.69361,2.6104589
145.70522,2.3920519
145.71683,2.2655595
145.72844,2.1119776
145.74005,2.3366244
145.75166,2.3462398
145.76327,2.1026602
145.77488,2.1399536
145.78649,1.8873471
145.7981,1.9844155
145.80971,2.0922824
145.82132,1.7769625
145.83293,1.8610687
145.84454,1.9307076
145.85615,1.7885725
145.86776,1.5224731
145.87937,1.8376772
145.89098,1.6920261
145.90259,1.5595558
145.9142,1.4665902
145.9258,1.6704055
145.93741,1.3492675
145.94902,1.4254731
145.96063,1.4746938
145.97224,1.4116367
145.98385,1.3300758
145.99546,1.2411951
146.00707,1.1842311
146.01868,1.2801083
146.03029,1.2595989
146.0419,1.1806096
146.05351,1.2049406
146.06512,1.3546809
146.07673,1.2407101
146.08834,1.1796022
146.09995,1.2792426
146.11156,1.2826845
146.12317,1.1610962
146.13478,1.3042946
146.14639,1.3447923
146.158,1.1774102
146.16961,1.3099058
146.18122,1.6318123
146.19283,1.9961903
146.20444,1.5762095
146.21605,1.6820185
146.22766,1.6313294
146.23927,1.9562103
146.25088,1.6476125
146.26249,2.1275701
146.2741,1.2352522
146.28571,2.0496468
146.29732,1.3960425
146.30893,1.9914694
146.32054,1.3581217
146.33215,1.9462244
146.34376,1.2488037
146.35537,2.3213884
146.36698,1.6524532
146.37859,1.9320203
146.3902,1.3031776
146.40181,1.9004648
146.41342,1.6835685
146.42503,2.4116257
146.43664,1.8123633
146.44825,1.7116755
146.45986,1.3541704
146.47147,2.1739788
146.48308,1.8122109
146.49469,1.9324858
146.5063,1.3256285
146.51791,1.941952
146.52952,1.6680994
146.54113,2.1061887
146.55274,1.8048133
146.56435,1.3697433
146.57596,1.1859667
146.58757,2.208659
146.59918,2.1060268
146.61079,1.7386436
146.6224,1.4540627
146.63401,1.4983711
146.64562,1.6789616
146.65723,1.8249237
146.66884,1.8219599
146.68045,1.3451381
146.69206,1.6972514
146.70367,1.8103395
146.71528,2.0650709
146.72689,1.2702916
146.7385,1.2385388
146.75011,1.6141842
146.76172,2.0216154
146.77333,1.5680241
146.78494,1.6473494
146.79655,1.2586339
146.80816,1.8570338
146.81977,2.5042678
146.83138,2.9751556
146.84299,2.5271948
146.8546,2.3687806
146.86621,2.7115775
146.87782,2.7958892
146.88943,2.3897343
146.90104,1.9970428
146.91265,2.2872219
146.92426,2.7468365
146.93587,2.2502104
146.94748,2.2539316
146.95909,2.1837674
146.9707,2.0438618
146.98231,2.0587919
146.99392,2.0630026
147.00553,1.93344
147.01714,1.7572647
147.02875,1.9449429
147.04036,2.2169445
147.05197,2.234527
147.06358,1.9650748
147.07519,1.9909616
147.0868,2.0546448
147.09841,2.0726203
147.11002,2.0275286
147.12163,1.8839904
147.13324,1.8716966
147.14485,1.8651281
147.15646,1.8890593
147.16807,1.8802956
147.17968,1.9125289
147.19129,1.9417663
147.2029,1.8375955
147.21451,1.9094528
147.22612,1.8577606
147.23773,1.8249758
147.24934,1.7506744
147.26095,1.7052545
147.27256,1.7677045
147.28417,1.8208711
147.29578,1.7539338
147.30739,1.7795057
147.319,1.4976471
147.33061,1.7477157
147.34222,1.9289402
147.35383,1.7244796
147.36544,1.5964004
147.37705,2.1354533
147.38866,1.9391212
147.40027,1.4208687
147.41188,1.6386172
147.42349,1.8029874
147.4351,1.6653955
147.44671,1.9185479
147.45832,1.8686782
147.46993,2.1255646
147.48154,1.7041305
147.49315,1.9230346
147.50476,1.7427437
147.51637,2.1197324
147.52798,1.4218167
147.53959,1.6399833
147.5512,2.0076806
147.56281,1.473521
147.57442,1.8329057
147.58603,1.5768013
147.59764,1.8759472
147.60925,1.3777065
147.62086,2.3283089
147.63247,1.5892144
147.64408,2.1916204
147.65569,1.5507746
147.6673,2.280406
147.67891,1.135671
147.69052,1.7496463
147.70213,1.3528045
147.71374,2.1145038
147.72535,1.0476054
147.73696,1.6682998
147.74857,1.280565
147.76018,1.7976668
147.77179,1.4202961
147.7834,1.6040622
147.79501,1.2926256
147.80662,1.3455303
147.81823,1.4063772
147.82984,1.4341921
147.84145,1.4028845
147.85306,0.9585338
147.86467,1.5323646
147.87628,1.3903482
147.88789,1.6168687
147.8995,1.1016609
147.91111,1.6657672
147.92272,1.0756636
147.93433,1.5716681
147.94594,1.2668421
147.95755,1.8730129
147.96916,1.6652522
147.98077,2.2673278
147.99238,2.0545658
148.00399,2.3064941
148.0156,2.4260698
148.02721,1.8217829
148.03882,1.7426485
148.05043,2.2779596
148.06204,1.864167
148.07365,1.5673561
148.08526,2.3615193
148.09687,1.7000493
148.10848,1.295996
148.12009,1.5156406
148.1317,2.1362819
148.14331,1.6346395
148.15492,3.1238565
148.16653,2.5807524
148.17814,3.0619164
148.18975,3.0345475
148.20136,3.1032181
148.21297,3.7579005
148.22458,2.9133456
148.23619,3.7995769
148.2478,3.092445
148.25941,3.9757784
148.27102,2.8010146
148.28263,3.8058792
148.29424,2.9849222
148.30585,3.372459
148.31746,4.5227789
148.32907,3.6882172
148.34068,3.4343213
148.35229,3.5589891
148.3639,5.1119552
148.37551,2.3657575
148.38712,3.9937537
148.39873,3.561739
148.41034,4.7890375
148.42195,2.9927469
148.43356,3.513372
148.44517,4.7106782
148.45678,3.2100513
148.46839,2.7195607
148.48,4.7584152
148.49161,4.870297
148.50322,2.3518652
148.51483,3.4692435
148.52644,2.804145
148.53805,3.9316289
148.54966,4.0011455
148.56127,4.4542202
148.57288,5.6297149
148.58449,4.7399627
148.5961,4.938125
148.60771,4.3106802
148.61932,3.8878604
148.63093,3.6229153
148.64254,3.3158602
148.65415,4.101836
148.66576,3.7841656
148.67737,2.9135706
148.68898,5.0901259
148.70059,5.245716
148.7122,2.8985766
148.72381,3.149779
148.73542,3.804782
148.74703,3.0683048
148.75864,3.994675
148.77025,5.709135
148.78186,5.2798206
148.79347,5.0665371
148.80508,3.3172266
148.81669,4.2159958
148.8283,5.5540536
148.83991,4.5075535
148.85152,3.7886576
148.86313,3.6297491
148.87474,4.822512
148.88635,3.7269689
148.89796,3.8822453
148.90957,3.9780125
148.92118,2.4562767
148.93279,3.7126191
148.9444,3.9545639
148.95601,3.7998295
148.96762,4.2573574
148.97923,3.2131477
148.99084,3.9183219
149.00245,2.963003
149.01406,5.3624946
149.02567,5.5071506
149.03728,3.1543677
149.04889,5.3674531
149.0605,5.2125709
149.07211,3.7537963
149.08372,4.2443356
149.09533,3.0785169
149.10694,3.5239343
149.11855,3.4422248
149.13016,4.2559426
149.14177,2.8861409
149.15338,3.0657471
149.16499,3.945752
149.1766,2.4408562
149.18821,2.3735087
149.19982,2.4923659
149.21143,2.1372711
149.22304,2.6784437
149.23465,2.8712063
149.24626,2.3897445
149.25787,2.8735398
149.26948,2.6268792
149.28109,1.5052797
149.2927,2.1967077
149.30431,2.1072359
149.31592,1.7650863
149.32753,1.9881042
149.33914,1.9147913
149.35075,1.7799435
149.36236,1.824465
149.37397,1.724415
149.38558,1.8466195
149.39719,2.0449853
149.4088,1.7117274
149.42041,2.194862
149.43202,2.1089811
149.44363,1.4834666
149.45524,1.9439656
149.46685,2.5569114
149.47846,3.2083886
149.49007,4.6812089
149.50168,5.3456071
149.51329,5.3185838
149.5249,6.3210732
149.53651,5.7477975
149.54812,6.0579055
149.55973,4.8983347
149.57134,5.5850734
149.58295,4.8380032
149.59456,5.6954518
149.60617,5.6931674
149.61778,4.6692356
149.62939,5.0006338
149.641,4.1309992
149.65261,4.8374532
149.66422,4.2545595
149.67583,4.9295465
149.68744,5.1528921
149.69905,5.026163
149.71066,5.2936015
149.72227,4.4624976
149.73388,5.830674
149.74549,5.1479653
149.7571,5.6634281
149.76871,4.9958268
149.78032,4.9983329
149.79193,4.8216954
149.80354,4.2150817
149.81515,4.4037483
149.82676,3.0537829
149.83837,3.0924263
149.84998,2.4975228
149.86159,2.2684706
149.8732,2.6825182
149.88481,2.163223
149.89642,2.6799708
149.90803,2.879858
149.91964,3.9110923
149.93125,3.6711289
149.94286,3.6931478
149.95447,3.7792692
149.96608,5.4904393
149.97769,5.4472886
149.9893,5.272301
150.00091,6.3352365
150.01252,5.7514768
150.02413,5.9528891
150.03574,6.2864709
150.04735,5.2893149
150.05896,5.9964556
150.07057,6.0819925
150.08218,5.8071028
150.09379,5.6193545
150.1054,5.7380853
150.11701,5.4971452
150.12862,5.1757001
150.14023,4.9296276
150.15184,4.0848736
150.16345,4.2513862
150.17506,4.2936763
150.18667,3.8614408
150.19828,4.2168879
150.20989,3.7460126
150.2215,3.1931582
150.23311,3.4683468
150.24472,3.1198472
150.25633,3.1391977
150.26794,3.4141034
150.27955,3.1596215
150.29116,3.5524354
150.30277,3.7818185
150.31438,4.800946
150.32599,4.8697672
150.3376,5.8177595
150.34921,4.0233733
150.36082,5.6745877
150.37243,3.7271759
150.38404,4.4015671
150.39565,4.4665019
150.40726,4.1044349
150.41887,4.9443308
150.43048,5.7004484
150.44209,5.4661512
150.4537,5.4384371
150.46531,6.6917421
150.47692,6.2211822
150.48853,5.3319072
150.50014,6.8099608
150.51175,4.9026422
150.52336,4.9969936
150.53497,4.2357903
150.54658,4.359483
150.55819,4.3313845
150.5698,4.5534859
150.58141,6.477319
150.59302,7.9470505
150.60463,10.744676
150.61624,9.8449898
150.62785,8.2092826
150.63946,8.088275
150.65107,5.9583937
150.66268,7.0571491
150.67429,7.7180066
150.6859,6.6627343
150.69751,8.6635845
150.70912,5.0697563
150.72073,8.0740576
150.73234,7.2047762
150.74395,7.5149956
150.75556,6.3378552
150.76717,7.6030084
150.77878,9.5052082
150.79039,10.13266
150.802,9.7634564
150.81361,7.1678487
150.82522,8.1241872
150.83683,6.3394648
150.84844,8.5525457
150.86005,7.1930915
150.87166,6.9764153
150.88327,7.0154437
150.89488,6.4075375
150.90649,7.6919663
150.9181,5.4542922
150.92971,5.6740472
150.94132,6.7450892
150.95293,7.1988047
150.96454,7.680506
150.97615,6.6271918
150.98776,6.9070433
150.99937,7.1380852
151.01098,6.9890368
151.02259,6.7258924
151.0342,5.946336
151.0458,5.7816772
151.05741,5.5812595
151.06902,6.4960478
151.08063,5.2700821
151.09224,8.384339
151.10385,5.3880361
151.11546,8.7879451
151.12707,5.5291762
151.13868,8.6990928
151.15029,6.1559993
151.1619,7.2442043
151.17351,6.0726587
151.18512,6.1564177
151.19673,5.3784814
151.20834,6.0842811
151.21995,5.1689382
151.23156,5.3189875
151.24317,2.8819577
151.25478,4.6410604
151.26639,3.1409287
151.278,4.1374566
151.28961,2.5544518
151.30122,3.399722
151.31283,2.5261556
151.32444,2.979995
151.33605,3.1832587
151.34766,3.1020579
151.35927,3.7403292
151.37088,7.7972419
151.38249,7.5399856
151.3941,8.2578851
151.40571,7.9537532
151.41732,7.7766983
151.42893,7.9385111
151.44054,7.6719911
151.45215,7.7743772
151.46376,6.6804766
151.47537,7.1114615
151.48698,5.5482724
151.49859,8.7553689
151.5102,7.603676
151.52181,7.9889247
151.53342,8.7122236
151.54503,8.2770487
151.55664,9.3415375
151.56825,8.7199729
151.57986,7.8079512
151.59147,7.7897122
151.60308,6.4938526
151.61469,7.7978035
151.6263,6.119933
151.63791,8.2864675
151.64952,6.4189617
151.66113,6.7136374
151.67274,6.4920893
151.68435,5.69108
151.69596,6.4350076
151.70757,6.0032054
151.71918,6.9841435
151.73079,7.4226034
151.7424,6.3685375
151.75401,6.6343506
151.76562,6.8599466
151.77723,7.1429489
151.78884,6.2681666
151.80045,6.9691171
151.81206,6.0549547
151.82367,6.1728826
151.83528,5.5502456
151.84689,5.4342627
151.8585,5.2163825
151.87011,4.6108137
151.88172,4.4441517
151.89333,4.4415939
151.90494,4.3512233
151.91655,4.5640631
151.92816,4.6965949
151.93977,4.7627307
151.95138,4.7478292
151.96299,4.4361793
151.9746,4.5428315
151.98621,4.0541976
151.99782,4.2157744
152.00943,4.1207432
152.02104,4.0372052
152.03265,3.57344
152.04426,3.8248438
152.05587,3.6897911
152.06748,3.6331284
152.07909,3.7533915
152.0907,3.7841579
152.10231,3.6711722
152.11392,3.7042032
152.12553,3.5267206
152.13714,3.6291717
152.14875,7.6988794
152.16036,13.400109
152.17197,15.224326
152.18358,14.740594
152.19519,13.376687
152.2068,13.072418
152.21841,12.06748
152.23002,11.75873
152.24163,10.787371
152.25324,10.085229
152.26485,9.2374922
152.27646,9.1632051
152.28807,9.4745948
152.29968,8.9016487
152.31129,7.915875
152.3229,7.9285541
152.33451,7.8437664
152.34612,6.887329
152.35773,6.618532
152.36934,6.823171
152.38095,6.0341384
152.39256,5.904332
152.40417,5.6531211
152.41578,5.1565166
152.42739,4.8241288
152.439,4.5519585
152.45061,4.219065
152.46222,4.3503379
152.47383,3.5691585
152.48544,4.4706092
152.49705,4.3441359
152.50866,3.7923956
152.52027,3.7580403
152.53188,3.8741132
152.54349,3.6444554
152.5551,3.3603119
152.56671,3.463589
152.57832,3.4212378
152.58993,3.7446689
152.60154,3.5778895
152.61315,3.0434612
152.62476,3.385664
152.63637,2.8912364
152.64798,2.9871699
152.65959,3.1777934
152.6712,2.7295743
152.68281,2.7386112
152.69442,2.8859127
152.70603,2.5004801
152.71764,2.2638657
152.72925,2.5688754
152.74086,2.2537705
152.75247,2.3808039
152.76408,2.1676062
152.77569,1.8966714
152.7873,2.1169066
152.79891,1.9023347
152.81052,1.7532647
152.82213,2.0788298
152.83374,2.1732868
152.84535,1.8740037
152.85696,2.0716087
152.86857,1.7491309
152.88018,1.7207372
152.89179,2.0851394
152.9034,2.0348764
152.91501,2.1609607
152.92662,2.1988413
152.93823,2.4984121
152.94984,2.587091
152.96145,2.3338596
152.97306,5.442589
152.98467,7.6006206
152.99628,8.6768563
153.00789,8.1577755
153.0195,7.8371607
153.03111,7.6763019
153.04272,6.9095995
153.05433,6.6911184
153.06594,6.0897713
153.07755,5.4348531
153.08916,5.1039646
153.10077,5.2878043
153.11238,5.0571644
153.12399,4.7554913
153.1356,4.156568
153.14721,3.9198166
153.15882,4.1523258
153.17043,3.7277301
153.18204,3.2724637
153.19365,3.4897742
153.20526,2.7194118
153.21687,2.7967128
153.22848,2.8214914
153.24009,2.5481858
153.2517,1.7710572
153.26331,1.8277309
153.27492,2.2203236
153.28653,1.9011196
153.29814,2.1164527
153.30975,1.9833266
153.32136,1.5637641
153.33297,1.6679817
153.34458,1.4072171
153.35619,1.508532
153.3678,1.3415011
153.37941,1.1752831
153.39102,1.3503071
153.40263,1.6708397
153.41424,2.0519639
153.42585,1.9437187
153.43746,1.8648105
153.44907,1.3435972
153.46068,1.4516428
153.47229,1.6204931
153.4839,1.9032081
153.49551,1.7308676
153.50712,1.5044221
153.51873,1.3725668
153.53034,1.5297236
153.54195,1.5139721
153.55356,1.4088992
153.56517,1.4833763
153.57678,1.2676945
153.58839,1.1696813
153.6,1.2488183
153.61161,1.4434987
153.62322,1.3622605
153.63483,1.6530067
153.64644,2.1989195
153.65805,2.5500461
153.66966,2.0570124
153.68127,1.3646632
153.69288,1.3691419
153.70449,1.8878881
153.7161,1.8859762
153.72771,2.6640621
153.73932,2.2120492
153.75093,2.385865
153.76254,1.5279706
153.77415,1.4615723
153.78576,1.7932571
153.79737,1.7590602
153.80898,2.3314411
153.82059,2.0329643
153.8322,1.4932907
153.84381,1.4977384
153.85542,1.5935319
153.86703,1.5945913
153.87864,2.2038419
153.89025,1.7788272
153.90186,1.9045667
153.91347,1.3243463
153.92508,1.3369121
153.93669,2.1157817
153.9483,2.2061751
153.95991,2.9031199
153.97152,2.3075668
153.98313,1.5698929
153.99474,1.437565
154.00635,1.7782753
154.01796,1.8051898
154.02957,1.3455501
154.04118,1.6117763
154.05279,1.9150259
154.0644,2.7021562
154.07601,2.3574096
154.08762,1.8988727
154.09923,1.6912837
154.11084,1.6115509
154.12245,1.6280281
154.13406,1.259393
154.14567,1.176098
154.15728,1.3784344
154.16889,1.4058555
154.1805,1.9043554
154.19211,2.3019361
154.20372,3.4822427
154.21533,2.8360701
154.22694,3.1919873
154.23855,1.6932426
154.25016,1.7956322
154.26177,1.551841
154.27338,1.5497841
154.28499,2.2021259
154.2966,3.5326979
154.30821,3.5952838
154.31982,3.9894714
154.33143,2.8640846
154.34304,3.2895638
154.35465,2.4380018
154.36626,2.9394049
154.37787,3.1087526
154.38948,3.727704
154.40109,5.7899402
154.4127,5.4318513
154.42431,5.4979291
154.43592,5.9058776
154.44753,5.2154412
154.45914,5.6258679
154.47075,5.3810693
154.48236,5.163882
154.49397,4.7359659
154.50558,5.245359
154.51719,4.5288523
154.5288,4.2528729
154.54041,4.0121822
154.55202,3.8487812
154.56363,3.4932508
154.57524,2.836842
154.58685,2.2062945
154.59846,1.9569072
154.61007,2.0518293
154.62168,3.9445922
154.63329,5.8483774
154.6449,6.0217677
154.65651,6.5304315
154.66812,6.0951745
154.67973,5.8753555
154.69134,5.5970058
154.70295,5.5732346
154.71456,4.9365075
154.72617,4.9215998
154.73778,4.2803902
154.74939,4.0401472
154.761,3.9939263
154.77261,4.1386514
154.78422,4.4994573
154.79583,4.9220734
154.80744,4.2770966
154.81905,5.4831997
154.83066,5.901416
154.84227,6.3229716
154.85388,6.6066654
154.86549,5.0473568
154.8771,6.363378
154.88871,3.8469053
154.90032,6.3593806
154.91193,4.6417213
154.92354,5.6992675
154.93515,4.3332107
154.94676,4.5165421
154.95837,5.4203286
154.96998,4.7830451
154.98159,7.5639343
154.9932,7.2135605
155.00481,8.4564486
155.01642,8.4882821
155.02803,7.5020652
155.03964,7.0967861
155.05125,6.2654974
155.06286,6.3875214
155.07447,5.9593631
155.08608,7.3639561
155.09769,7.1083999
155.1093,7.521892
155.12091,6.2002574
155.13252,5.8047631
155.14413,5.9931726
155.15574,5.3842772
155.16735,7.3112849
155.17896,7.3037119
155.19057,7.7211677
155.20218,7.7763792
155.21379,7.1678346
155.2254,6.7602068
155.23701,6.6782522
155.24862,6.5834476
155.26023,6.8171561
155.27184,6.7261573
155.28345,6.4871353
155.29506,5.8071062
155.30667,4.764026
155.31828,5.6773826
155.32989,5.4730255
155.3415,5.3629295
155.35311,7.183747
155.36472,6.0340209
155.37633,5.0333212
155.38794,6.2156558
155.39955,6.2970926
155.41116,7.2175717
155.42277,7.9512153
155.43438,6.7079066
155.44599,8.602452
155.4576,9.168433
155.46921,7.7268307
155.48082,7.809902
155.49243,9.5620377
155.50404,5.9603459
155.51565,6.6182311
155.52726,7.9051443
155.53887,6.0465543
155.55048,6.8218579
155.56209,7.6095802
155.5737,6.0937494
155.58531,4.8189801
155.59692,6.3794791
155.60853,5.5077783
155.62014,4.3180018
155.63175,4.8352714
155.64336,4.798792
155.65497,3.7673225
155.66658,4.0489469
155.67819,4.8884078
155.6898,3.0753063
155.70141,3.8780134
155.71302,4.7278453
155.72463,3.9197878
155.73624,3.5905805
155.74785,5.5843807
155.75946,3.6627094
155.77107,3.4847338
155.78268,4.9070829
155.79429,3.0854308
155.8059,3.3684739
155.81751,3.6228937
155.82912,3.3538712
155.84073,3.4304089
155.85234,3.3680883
155.86395,4.0677564
155.87556,2.3910536
155.88717,3.4506492
155.89878,2.7896351
155.91039,2.6042576
155.922,2.7619657
155.93361,2.0730585
155.94522,2.3435449
155.95683,2.9707879
155.96844,1.8253618
155.98005,2.4117978
155.99166,2.8823728
156.00327,2.8765947
156.01488,3.0587457
156.02649,3.117624
156.0381,2.8015996
156.04971,2.8567987
156.06132,2.9552032
156.07293,3.2630046
156.08454,3.3817092
156.09615,3.3897822
156.10776,3.0041024
156.11937,3.3582986
156.13098,3.3865148
156.14259,3.5724091
156.1542,3.5753591
156.1658,3.4934917
156.17741,3.4420524
156.18902,3.5292152
156.20063,3.3583998
156.21224,3.4590454
156.22385,3.3932734
156.23546,3.2552932
156.24707,3.1834384
156.25868,2.8260424
156.27029,3.2387874
156.2819,2.6412565
156.29351,2.9380714
156.30512,2.6151138
156.31673,2.7435518
156.32834,2.8433077
156.33995,2.3655726
156.35156,2.2664016
156.36317,2.2868381
156.37478,3.1224273
156.38639,5.8986651
156.398,5.9100474
156.40961,6.3546053
156.42122,6.5819152
156.43283,5.5957205
156.44444,5.9288721
156.45605,5.680979
156.46766,5.4443428
156.47927,4.5487809
156.49088,5.2186922
156.50249,3.5032696
156.5141,4.7203474
156.52571,4.0081548
156.53732,4.5753035
156.54893,4.1698757
156.56054,5.0722067
156.57215,6.7855833
156.58376,5.7078362
156.59537,6.7968965
156.60698,5.6469676
156.61859,6.3454708
156.6302,5.9395946
156.64181,6.1573397
156.65342,5.4487766
156.66503,4.9189447
156.67664,5.0173439
156.68825,4.1763486
156.69986,5.4528034
156.71147,5.6166567
156.72308,4.3510897
156.73469,6.1301859
156.7463,4.847413
156.75791,6.8547227
156.76952,4.7914285
156.78113,5.7164578
156.79274,4.5410599
156.80435,4.5756428
156.81596,2.953715
156.82757,3.8381584
156.83918,1.9239384
156.85079,1.8046884
156.8624,3.1715973
156.87401,2.8374059
156.88562,2.2851016
156.89723,2.816398
156.90884,3.9266038
156.92045,4.7608672
156.93206,4.4795202
156.94367,5.3659752
156.95528,5.6626342
156.96689,5.5438553
156.9785,5.2446499
156.99011,4.452058
157.00172,4.1339958
157.01333,4.6251157
157.02494,7.015046
157.03655,6.1776091
157.04816,5.5634161
157.05977,3.2744203
157.07138,3.5844792
157.08299,5.2204206
157.0946,5.713014
157.10621,5.7732792
157.11782,6.0301478
157.12943,4.8781758
157.14104,3.4732954
157.15265,3.6964538
157.16426,4.0384123
157.17587,4.939729
157.18748,4.8395564
157.19909,3.5353266
157.2107,2.4165018
157.22231,1.7084623
157.23392,2.46794
157.24553,5.8338316
157.25714,6.1880027
157.26875,5.5310691
157.28036,4.3269518
157.29197,2.901572
157.30358,4.5829393
157.31519,5.0118833
157.3268,4.554054
157.33841,4.0927178
157.35002,3.377421
157.36163,2.8123286
157.37324,2.5668088
157.38485,3.0169396
157.39646,3.0889713
157.40807,3.6950716
157.41968,3.0756006
157.43129,1.7589227
157.4429,1.8953363
157.45451,2.236612
157.46612,2.3596783
157.47773,2.3287116
157.48934,2.5425881
157.50095,2.3169472
157.51256,2.312076
157.52417,2.6523279
157.53578,2.6549008
157.54739,2.5899183
157.559,2.1954433
157.57061,2.5067279
157.58222,2.4787055
157.59383,2.7056681
157.60544,2.8747591
157.61705,3.1712005
157.62866,3.1783634
157.64027,2.4358218
157.65188,2.4163967
157.66349,2.76388
157.6751,2.9286972
157.68671,2.3411682
157.69832,2.4766906
157.70993,2.7909698
157.72154,2.2490219
157.73315,1.723409
157.74476,2.2661724
157.75637,2.6694852
157.76798,3.1169621
157.77959,2.1966989
157.7912,3.1513408
157.80281,3.9577836
157.81442,3.3811106
157.82603,2.0210581
157.83764,2.2811071
157.84925,1.9239331
157.86086,2.4555422
157.87247,2.0161027
157.88408,1.3159256
157.89569,1.6155988
157.9073,3.0431368
157.91891,3.1407447
157.93052,2.704697
157.94213,1.5434384
157.95374,2.2012566
157.96535,1.8375313
157.97696,3.2503412
157.98857,2.1660509
158.00018,2.5420291
158.01179,2.6079635
158.0234,3.0114525
158.03501,3.7644283
158.04662,4.164964
158.05823,3.9640217
158.06984,4.5724062
158.08145,4.6199948
158.09306,3.9769352
158.10467,4.1519128
158.11628,3.932966
158.12789,4.0215511
158.1395,4.5326508
158.15111,3.432718
158.16272,3.4695372
158.17433,4.4318742
158.18594,2.9197216
158.19755,3.2862021
158.20916,3.2471277
158.22077,3.003561
158.23238,2.9972986
158.24399,3.4890409
158.2556,2.7452788
158.26721,3.1082901
158.27882,3.0205268
158.29043,2.7078511
158.30204,3.1244897
158.31365,3.6235749
158.32526,2.5250732
158.33687,2.9389425
158.34848,2.4294187
158.36009,2.1580452
158.3717,2.3736869
158.38331,2.6038129
158.39492,2.2788508
158.40653,2.5996943
158.41814,2.3721442
158.42975,2.3085418
158.44136,2.463712
158.45297,2.4860283
158.46458,2.7641065
158.47619,2.5036815
158.4878,2.6341731
158.49941,2.2603729
158.51102,2.7427621
158.52263,1.8759968
158.53424,2.1320473
158.54585,2.0082869
158.55746,1.9801514
158.56907,2.0723969
158.58068,1.8780544
158.59229,1.9674492
158.6039,1.7870887
158.61551,2.0657673
158.62712,1.7158106
158.63873,2.0517266
158.65034,1.5944563
158.66195,1.9084829
158.67356,1.482021
158.68517,1.7940293
158.69678,1.8365141
158.70839,1.8899557
158.72,1.9181035
158.73161,2.9670748
158.74322,2.4446235
158.75483,2.0456149
158.76644,3.7397454
158.77805,3.2463287
158.78966,2.294604
158.80127,2.9144528
158.81288,3.394702
158.82449,2.0925224
158.8361,2.1252478
158.84771,2.4230705
158.85932,2.4656108
158.87093,1.3045923
158.88254,2.1075165
158.89415,1.9217473
158.90576,2.8267202
158.91737,3.0855334
158.92898,4.1738404
158.94059,3.3358923
158.9522,3.5269213
158.96381,3.3541815
158.97542,3.7624496
158.98703,3.7042187
158.99864,3.862759
159.01025,3.9911881
159.02186,3.7670544
159.03347,3.9631906
159.04508,3.5115688
159.05669,3.3036928
159.0683,3.6811943
159.07991,4.5936875
159.09152,4.1057626
159.10313,3.8097979
159.11474,3.4426898
159.12635,4.4418859
159.13796,4.3603093
159.14957,3.0158572
159.16118,3.5036186
159.17279,3.2787576
159.1844,3.4522988
159.19601,2.7941455
159.20762,2.9523744
159.21923,4.0372243
159.23084,3.7646047
159.24245,2.8169176
159.25406,3.2827898
159.26567,3.3573319
159.27728,4.2695713
159.28889,2.9577162
159.3005,4.4194656
159.31211,5.0012664
159.32372,3.9384385
159.33533,4.7465017
159.34694,3.8331692
159.35855,3.5449584
159.37016,3.9049918
159.38177,2.9632592
159.39338,3.3448288
159.40499,2.4976439
159.4166,4.0232063
159.42821,3.4174275
159.43982,3.9880533
159.45143,4.3296163
159.46304,3.7395871
159.47465,3.5446071
159.48626,4.0973597
159.49787,6.643122
159.50948,6.5103385
159.52109,6.3930831
159.5327,4.5107057
159.54431,3.4496835
159.55592,5.2992139
159.56753,7.3948807
159.57914,5.7252579
159.59075,3.9232016
159.60236,4.1377656
159.61397,4.949977
159.62558,5.5627502
159.63719,4.0651064
159.6488,4.0317487
159.66041,5.0909274
159.67202,4.3263932
159.68363,4.8436096
159.69524,4.6038138
159.70685,5.1454088
159.71846,4.256603
159.73007,5.8989399
159.74168,6.1601715
159.75329,4.667944
159.7649,6.4708424
159.77651,5.6438032
159.78812,4.9864704
159.79973,5.8928321
159.81134,4.4739293
159.82295,4.3727371
159.83456,4.1683623
159.84617,3.5361729
159.85778,3.8940189
159.86939,3.7896716
159.881,3.3900159
159.89261,3.2309499
159.90422,1.9146308
159.91583,2.674786
159.92744,2.2524565
159.93905,2.8610882
159.95066,3.1261736
159.96227,2.3650045
159.97388,2.7819798
159.98549,2.9803871
159.9971,2.4200387
160.00871,3.0112682
160.02032,3.6405489
160.03193,3.3205781
160.04354,2.941888
160.05515,3.6750688
160.06676,2.4096501
160.07837,2.3219652
160.08998,2.8269428
160.10159,1.8678546
160.1132,2.3629766
160.12481,2.4902021
160.13642,1.5453565
160.14803,2.3439331
160.15964,1.9964909
160.17125,4.0795174
160.18286,4.8100893
160.19447,5.8505051
160.20608,6.4401003
160.21769,6.8967285
160.2293,7.6878619
160.24091,6.4326157
160.25252,6.5150028
160.26413,6.2596685
160.27574,5.7690789
160.28735,5.9215809
160.29896,5.5873493
160.31057,6.285439
160.32218,5.4890453
160.33379,5.455681
160.3454,5.4178046
160.35701,5.1227476
160.36862,5.2678406
160.38023,5.3250436
160.39184,6.0495941
160.40345,5.5060579
160.41506,6.0589353
160.42667,5.5761018
160.43828,6.3866915
160.44989,6.2237307
160.4615,5.6157812
160.47311,5.6990698
160.48472,4.6394656
160.49633,5.6123402
160.50794,4.3699757
160.51955,5.2703952
160.53116,4.3794184
160.54277,4.3810263
160.55438,4.1345826
160.56599,3.8274898
160.5776,4.5666414
160.58921,3.8775458
160.60082,4.8595793
160.61243,3.6926806
160.62404,4.4124273
160.63565,4.3571282
160.64726,4.0267824
160.65887,3.5740946
160.67048,4.6843791
160.68209,5.8867049
160.6937,6.1032201
160.70531,6.4708832
160.71692,7.4550895
160.72853,7.5016595
160.74014,7.5452899
160.75175,7.6498443
160.76336,6.8243189
160.77497,7.2465471
160.78658,7.0487956
160.79819,7.019103
160.8098,6.5930492
160.82141,6.66875
160.83302,6.7763432
160.84463,6.3006898
160.85624,5.8444238
160.86785,5.3391309
160.87946,5.0823429
160.89107,4.9829835
160.90268,4.9499233
160.91429,4.7473757
160.9259,4.483195
160.93751,4.3429015
160.94912,4.0329079
160.96073,4.1068262
160.97234,4.2274257
160.98395,4.2349484
160.99556,4.3452455
161.00717,4.3706369
161.01878,3.9032398
161.03039,4.8334934
161.042,4.7019059
161.05361,5.5529658
161.06522,5.091549
161.07683,5.2786785
161.08844,4.5423247
161.10005,4.5000005
161.11166,3.9051054
161.12327,3.8474487
161.13488,3.2211041
161.14649,5.512331
161.1581,5.0354264
161.16971,6.573654
161.18132,5.2813273
161.19293,5.699387
161.20454,8.6885564
161.21615,6.2481703
161.22776,5.3694381
161.23937,7.1468975
161.25098,5.0609001
161.26259,3.5701424
161.2742,4.6013085
161.2858,4.4629188
161.29741,3.4933794
161.30902,5.8969601
161.32063,6.7457862
161.33224,7.3119854
161.34385,12.049338
161.35546,9.9058277
161.36707,9.3597715
161.37868,7.3183004
161.39029,6.3716086
161.4019,8.9169551
161.41351,7.4649638
161.42512,8.1697195
161.43673,7.8055679
161.44834,7.2173293
161.45995,9.2217713
161.47156,7.7314331
161.48317,7.1423821
161.49478,8.0274272
161.50639,10.414911
161.518,8.0149647
161.52961,9.8020614
161.54122,7.7640158
161.55283,9.0192782
161.56444,8.3980546
161.57605,8.865005
161.58766,8.0513991
161.59927,8.3760589
161.61088,7.9970453
161.62249,6.8537287
161.6341,7.6237501
161.64571,6.6946705
161.65732,7.2998678
161.66893,5.962172
161.68054,5.6349737
161.69215,7.1618665
161.70376,7.0677206
161.71537,6.8436498
161.72698,5.405939
161.73859,6.8185266
161.7502,7.0608761
161.76181,6.5855738
161.77342,6.2926727
161.78503,6.3077363
161.79664,6.9133434
161.80825,9.3816435
161.81986,7.6259229
161.83147,9.7590263
161.84308,8.3792646
161.85469,9.1772464
161.8663,8.0017173
161.87791,7.8490115
161.88952,7.9786427
161.90113,6.371513
161.91274,7.6322294
161.92435,7.439059
161.93596,7.779145
161.94757,6.5678124
161.95918,6.5135802
161.97079,5.5022499
161.9824,5.5128961
161.99401,5.4584732
162.00562,3.9786095
162.01723,4.5444276
162.02884,4.1549541
162.04045,8.5764827
162.05206,11.448597
162.06367,11.431781
162.07528,10.871439
162.08689,12.150594
162.0985,9.3707203
162.11011,11.242704
162.12172,8.8120928
162.13333,9.7673477
162.14494,7.3042399
162.15655,9.0457655
162.16816,7.3265179
162.17977,8.5067892
162.19138,6.7673341
162.20299,11.36375
162.2146,6.1100564
162.22621,11.060189
162.23782,9.2901227
162.24943,10.14669
162.26104,9.2543369
162.27265,8.5906329
162.28426,8.8231324
162.29587,8.3821891
162.30748,10.066624
162.31909,7.2444761
162.3307,9.5221248
162.34231,6.1214531
162.35392,8.6538771
162.36553,6.9710053
162.37714,7.6291844
162.38875,8.1687304
162.40036,7.7146451
162.41197,9.2471604
162.42358,8.0349965
162.43519,9.160593
162.4468,8.2583248
162.45841,9.2268487
162.47002,8.7289653
162.48163,9.3048543
162.49324,8.7794642
162.50485,8.6614358
162.51646,8.5186948
162.52807,8.0272733
162.53968,8.0765441
162.55129,7.4165058
162.5629,6.9913169
162.57451,7.1458827
162.58612,7.1000649
162.59773,7.2077401
162.60934,7.1647098
162.62095,7.3102394
162.63256,7.0852564
162.64417,6.9537183
162.65578,6.488407
162.66739,6.4536783
162.679,6.3701682
162.69061,6.3781517
162.70222,6.0472237
162.71383,5.8537791
162.72544,5.8689169
162.73705,5.6956264
162.74866,5.7915489
162.76027,5.646287
162.77188,5.9376181
162.78349,5.4924695
162.7951,5.7251589
162.80671,5.3817095
162.81832,5.5115627
162.82993,5.5935003
162.84154,5.2003685
162.85315,5.5391461
162.86476,5.1274287
162.87637,5.6173672
162.88798,4.8682039
162.89959,5.526842
162.9112,4.9293741
162.92281,5.4860423
162.93442,4.8029577
162.94603,5.2668633
162.95764,4.8073886
162.96925,5.1321387
162.98086,4.8528685
162.99247,4.8388988
163.00408,4.8950954
163.01569,4.6291863
163.0273,4.9390769
163.03891,4.3070764
163.05052,8.3137804
163.06213,17.651634
163.07374,19.491329
163.08535,19.400825
163.09696,17.23764
163.10857,15.657093
163.12018,15.12306
163.13179,13.779023
163.1434,12.688639
163.15501,11.714847
163.16662,10.525508
163.17823,9.6067703
163.18984,9.9172361
163.20145,9.440529
163.21306,8.843556
163.22467,8.9842582
163.23628,7.6294394
163.24789,6.1754298
163.2595,6.0762223
163.27111,7.0013015
163.28272,7.160077
163.29433,7.1829326
163.30594,6.8434551
163.31755,7.3727765
163.32916,7.1502747
163.34077,7.4440437
163.35238,7.8493888
163.36399,7.6455583
163.3756,6.913599
163.38721,7.0629664
163.39882,6.7697598
163.41043,6.841994
163.42204,6.7854555
163.43365,6.5017192
163.44526,6.2519601
163.45687,5.8157519
163.46848,5.4649351
163.48009,5.5572995
163.4917,5.464968
163.50331,4.8582772
163.51492,4.6505234
163.52653,4.3607068
163.53814,4.0400937
163.54975,3.9625601
163.56136,3.993264
163.57297,3.8756829
163.58458,3.8388706
163.59619,3.7193016
163.6078,3.5396476
163.61941,3.5849588
163.63102,3.4989827
163.64263,3.2809783
163.65424,3.6911022
163.66585,3.3572208
163.67746,3.3377935
163.68907,3.3951065
163.70068,3.4079204
163.71229,3.6738024
163.7239,3.6369201
163.73551,3.5131396
163.74712,3.250072
163.75873,3.3675554
163.77034,3.1253908
163.78195,2.9707934
163.79356,2.7809466
163.80517,2.9083428
163.81678,2.7713181
163.82839,2.6142097
163.84,2.6534248
163.85161,2.662863
163.86322,2.4689224
163.87483,2.4549001
163.88644,2.5837055
163.89805,2.188506
163.90966,2.0491498
163.92127,2.0713301
163.93288,1.8891318
163.94449,1.9121527
163.9561,1.9667036
163.96771,1.7063386
163.97932,1.773182
163.99093,1.8022101
164.00254,1.8193419
164.01415,1.7920284
164.02576,1.7157884
164.03737,1.6473385
164.04898,1.548055
164.06059,1.5090642
164.0722,1.4721266
164.08381,1.40347
164.09542,1.3694096
164.10703,1.3310796
164.11864,1.278583
164.13025,1.2027385
164.14186,1.0709992
164.15347,0.9416563
164.16508,0.85444413
164.17669,0.81369997
164.1883,0.78521838
164.19991,0.84457442
164.21152,0.96151141
164.22313,1.0687509
164.23474,1.3017872
164.24635,1.2445775
164.25796,1.9011668
164.26957,1.7247065
164.28118,1.7974773
164.29279,1.9776348
164.3044,1.9581971
164.31601,1.9754821
164.32762,1.9636466
164.33923,2.1304283
164.35084,2.2563175
164.36245,2.3886387
164.37406,2.3508794
164.38567,2.3818876
164.39728,2.265017
164.40889,2.2878244
164.4205,2.4718497
164.43211,2.2188107
164.44372,2.1268203
164.45533,2.0279579
164.46694,2.1709962
164.47855,2.2935651
164.49016,2.2240391
164.50177,2.0463335
164.51338,1.9195822
164.52499,1.8523706
164.5366,1.8518676
164.54821,1.7814998
164.55982,1.6437481
164.57143,1.5049432
164.58304,1.5860581
164.59465,1.5216976
164.60626,1.6001827
164.61787,1.5854782
164.62948,1.6808254
164.64109,1.7243829
164.6527,1.7565337
164.66431,1.7754211
164.67592,1.8672484
164.68753,1.8757001
164.69914,1.8918842
164.71075,1.9021378
164.72236,1.8503241
164.73397,1.8476297
164.74558,1.84891
164.75719,1.7380693
164.7688,1.7388036
164.78041,1.7638749
164.79202,2.5346581
164.80363,4.660019
164.81524,5.1315315
164.82685,5.1020515
164.83846,4.9159884
164.85007,5.714805
164.86168,5.2328892
164.87329,4.8042551
164.8849,4.7650427
164.89651,4.2661966
164.90812,3.97826
164.91973,4.4192126
164.93134,3.9481288
164.94295,3.9807954
164.95456,4.0360186
164.96617,4.1461288
164.97778,3.4384816
164.98939,3.0437176
165.001,3.2031129
165.01261,3.0021954
165.02422,2.4234846
165.03583,2.8690058
165.04744,2.6935089
165.05905,2.0745523
165.07066,2.5514884
165.08227,2.6125217
165.09388,2.4313074
165.10549,2.7844131
165.1171,3.5282007
165.12871,3.163823
165.14032,3.1227323
165.15193,3.4268829
165.16354,2.9975584
165.17515,2.7878955
165.18676,2.9927144
165.19837,3.0243749
165.20998,2.6765427
165.22159,2.5815528
165.2332,2.7223609
165.24481,2.4539923
165.25642,2.3250438
165.26803,2.3370164
165.27964,2.3664676
165.29125,2.3655161
165.30286,2.3035572
165.31447,1.9991873
165.32608,1.446217
165.33769,1.8428395
165.3493,2.6987616
165.36091,4.8562288
165.37252,4.9947933
165.38413,3.7610409
165.39574,3.7293981
165.40735,2.9783391
165.41896,1.7493895
165.43057,3.1600134
165.44218,2.4789527
165.45379,1.6957654
165.4654,3.1792099
165.47701,2.5665615
165.48862,1.7241976
165.50023,2.7911458
165.51184,2.1871615
165.52345,1.8488631
165.53506,2.6058193
165.54667,1.7972226
165.55828,2.472911
165.56989,2.9329689
165.5815,2.3164327
165.59311,2.953724
165.60472,3.0732631
165.61633,2.0950585
165.62794,2.8087935
165.63955,2.8087938
165.65116,2.3787812
165.66277,2.8077478
165.67438,2.7847027
165.68599,2.1629503
165.6976,2.20058
165.70921,2.1515354
165.72082,1.8697152
165.73243,1.8894674
165.74404,2.3286491
165.75565,2.7773397
165.76726,2.062112
165.77887,2.1424489
165.79048,1.5982635
165.80209,2.1575489
165.8137,1.7649198
165.82531,1.6224586
165.83692,1.5719006
165.84853,2.012882
165.86014,2.4466867
165.87175,1.9073553
165.88336,1.8822762
165.89497,1.538708
165.90658,1.5498962
165.91819,2.6822443
165.9298,5.2340868
165.94141,6.1449036
165.95302,5.9828377
165.96463,5.6037041
165.97624,5.2377303
165.98785,4.9303204
165.99946,4.7920514
166.01107,4.2485053
166.02268,4.2132325
166.03429,3.7472373
166.0459,3.4032519
166.05751,3.8199823
166.06912,3.6367569
166.08073,4.2575485
166.09234,5.6862452
166.10395,6.1949615
166.11556,5.7625615
166.12717,5.1350069
166.13878,5.6651675
166.15039,4.6710415
166.162,5.8108093
166.17361,5.3877427
166.18522,5.6415464
166.19683,5.5625849
166.20844,5.0964288
166.22005,4.6133474
166.23166,4.3264442
166.24327,4.2782745
166.25488,3.6304483
166.26649,4.3970378
166.2781,3.9598661
166.28971,5.2600752
166.30132,5.0033233
166.31293,4.8380006
166.32454,4.0977801
166.33615,4.7834802
166.34776,3.9067861
166.35937,4.6724804
166.37098,4.4471992
166.38259,4.1137601
166.3942,4.4543528
166.4058,3.566382
166.41741,3.2791598
166.42902,2.9729512
166.44063,3.4748804
166.45224,3.2903133
166.46385,2.0593729
166.47546,2.7563736
166.48707,1.4989518
166.49868,1.9871215
166.51029,2.9828669
166.5219,2.904662
166.53351,2.7727345
166.54512,2.9883315
166.55673,3.2487661
166.56834,2.837759
166.57995,3.3910108
166.59156,2.4096181
166.60317,3.6607856
166.61478,3.1939021
166.62639,4.458916
166.638,4.6321348
166.64961,3.852304
166.66122,3.8614498
166.67283,2.5667943
166.68444,3.1942424
166.69605,2.0165649
166.70766,4.2873345
166.71927,2.2252325
166.73088,4.3086356
166.74249,1.5287334
166.7541,2.8875689
166.76571,2.7559048
166.77732,2.7719747
166.78893,3.6066734
166.80054,3.1113659
166.81215,4.016545
166.82376,3.0244301
166.83537,3.5256602
166.84698,2.6140324
166.85859,3.0237022
166.8702,2.4538303
166.88181,2.8719209
166.89342,2.681082
166.90503,2.3953065
166.91664,3.0347819
166.92825,1.6995858
166.93986,3.4474742
166.95147,2.2980094
166.96308,3.5207794
166.97469,2.8311572
166.9863,3.4739343
166.99791,2.5128609
167.00952,2.9959017
167.02113,3.2587626
167.03274,3.8353068
167.04435,2.8017213
167.05596,4.2129749
167.06757,2.4215011
167.07918,4.1191729
167.09079,2.5653481
167.1024,3.8797144
167.11401,2.15929
167.12562,3.6460669
167.13723,1.8539212
167.14884,3.1628479
167.16045,2.1635682
167.17206,2.8419866
167.18367,2.1689811
167.19528,2.3209572
167.20689,2.0140994
167.2185,2.3100291
167.23011,2.9925821
167.24172,3.228287
167.25333,3.7935443
167.26494,3.84438
167.27655,4.1350307
167.28816,3.9743708
167.29977,2.8092918
167.31138,3.6672264
167.32299,2.2060565
167.3346,3.2601936
167.34621,2.6494024
167.35782,2.7721461
167.36943,2.8174906
167.38104,1.7669918
167.39265,2.8800953
167.40426,1.7703083
167.41587,2.8417972
167.42748,2.4619551
167.43909,2.6950596
167.4507,2.4150166
167.46231,1.5388994
167.47392,1.8810255
167.48553,1.2154818
167.49714,1.7240389
167.50875,1.3267361
167.52036,1.2919377
167.53197,1.1620908
167.54358,1.1879651
167.55519,1.3391931
167.5668,1.1708808
167.57841,1.6788592
167.59002,1.4365773
167.60163,1.8830517
167.61324,2.0283681
167.62485,1.5906924
167.63646,1.6222691
167.64807,1.3651439
167.65968,1.5628599
167.67129,1.3656109
167.6829,1.4401435
167.69451,1.3734177
167.70612,1.4723495
167.71773,0.98776962
167.72934,1.4905547
167.74095,1.0590275
167.75256,1.5387952
167.76417,1.5225573
167.77578,1.6230077
167.78739,1.8950102
167.799,1.6002414
167.81061,1.9372113
167.82222,2.1193142
167.83383,2.6461264
167.84544,1.6038155
167.85705,2.266736
167.86866,1.2923988
167.88027,2.5985863
167.89188,2.0176391
167.90349,2.1820995
167.9151,2.4749902
167.92671,1.9935638
167.93832,2.5155212
167.94993,1.494876
167.96154,2.1551976
167.97315,1.3114062
167.98476,1.4950236
167.99637,1.325286
168.00798,0.76061787
168.01959,1.419544
168.0312,0.87465976
168.04281,1.6487771
168.05442,2.1089875
168.06603,2.9384054
168.07764,3.0247154
168.08925,2.0721204
168.10086,1.9685699
168.11247,2.2365044
168.12408,2.17447
168.13569,2.8070266
168.1473,2.3177162
168.15891,2.3701769
168.17052,2.2129195
168.18213,1.604629
168.19374,1.7898641
168.20535,1.7607209
168.21696,1.7639974
168.22857,2.2853073
168.24018,1.7454835
168.25179,1.8514182
168.2634,1.4789578
168.27501,2.1495911
168.28662,1.8172804
168.29823,2.6139557
168.30984,1.9734382
168.32145,2.7909266
168.33306,2.1210065
168.34467,2.1796115
168.35628,2.4324826
168.36789,1.9982076
168.3795,2.3436506
168.39111,1.9331758
168.40272,2.314301
168.41433,2.1918463
168.42594,1.9546145
168.43755,2.5165908
168.44916,1.8759684
168.46077,2.2409208
168.47238,1.7365182
168.48399,2.0345215
168.4956,1.7221037
168.50721,2.0068087
168.51882,2.0236834
168.53043,2.7208299
168.54204,2.7853565
168.55365,2.3454653
168.56526,1.9040624
168.57687,1.9622184
168.58848,1.996635
168.60009,2.210579
168.6117,1.4110398
168.62331,1.9161794
168.63492,1.7112675
168.64653,2.6063503
168.65814,2.3405238
168.66975,1.7895087
168.68136,2.0371959
168.69297,1.6856898
168.70458,2.4048049
168.71619,1.8480722
168.7278,1.6030184
168.73941,2.0229328
168.75102,1.4357982
168.76263,1.8083437
168.77424,2.1947393
168.78585,2.0551515
168.79746,2.6890372
168.80907,2.9192064
168.82068,2.8545307
168.83229,2.7719728
168.8439,3.4499195
168.85551,2.4453213
168.86712,2.7085355
168.87873,2.8156211
168.89034,2.1585304
168.90195,2.9942942
168.91356,2.8102331
168.92517,2.1185441
168.93678,2.9251381
168.94839,2.5447326
168.96,1.6606533
168.97161,2.488026
168.98322,2.2220548
168.99483,1.228162
169.00644,2.1305999
169.01805,2.1086602
169.02966,1.0687156
169.04127,2.0677116
169.05288,1.5484731
169.06449,1.9823622
169.0761,2.0665385
169.08771,1.807345
169.09932,2.1295317
169.11093,2.0741636
169.12254,0.92071794
169.13415,0.87541595
169.14576,1.331814
169.15737,1.371515
169.16898,1.205618
169.18059,1.5192034
169.1922,1.4400955
169.20381,1.4361772
169.21542,1.5307859
169.22703,1.577533
169.23864,1.3930252
169.25025,1.5055996
169.26186,1.6248832
169.27347,1.7575231
169.28508,1.5363034
169.29669,1.4298073
169.3083,1.6219564
169.31991,1.3391715
169.33152,1.2163948
169.34313,1.4792857
169.35474,1.2739715
169.36635,1.0785754
169.37796,1.1074892
169.38957,1.2594682
169.40118,1.2275205
169.41279,1.1358397
169.4244,1.4497031
169.43601,1.4529576
169.44762,1.1631782
169.45923,1.0968409
169.47084,2.0128353
169.48245,1.8118709
169.49406,1.0850698
169.50567,1.5471529
169.51728,1.1990316
169.52889,1.0482273
169.5405,1.1393394
169.55211,1.3146874
169.56372,1.2704456
169.57533,1.3495059
169.58694,1.6748496
169.59855,1.5088852
169.61016,0.96942009
169.62177,1.4637845
169.63338,1.1510601
169.64499,0.98891411
169.6566,1.3006064
169.66821,1.085922
169.67982,1.1206427
169.69143,1.089507
169.70304,0.95854144
169.71465,1.0833281
169.72626,0.95813524
169.73787,0.81274852
169.74948,0.98045427
169.76109,1.015119
169.7727,0.83934463
169.78431,0.9215782
169.79592,1.0259382
169.80753,0.89272183
169.81914,0.80842544
169.83075,0.96186241
169.84236,0.94993667
169.85397,0.74282956
169.86558,0.86593799
169.87719,0.95507177
169.8888,0.83951664
169.90041,0.79990527
169.91202,1.1147518
169.92363,1.0173876
169.93524,0.80455854
169.94685,0.9425868
169.95846,1.058831
169.97007,1.0355662
169.98168,1.3903131
169.99329,1.1206973
170.0049,1.0520209
170.01651,1.0018777
170.02812,1.1301125
170.03973,1.0152964
170.05134,1.3256656
170.06295,1.2244746
170.07456,1.0816512
170.08617,0.94398994
170.09778,1.1815307
170.10939,1.0307582
170.121,1.2667463
170.13261,0.72746025
170.14422,1.2359844
170.15583,0.96162553
170.16744,1.1955808
170.17905,0.80919014
170.19066,1.1567055
170.20227,0.96058138
170.21388,1.4502492
170.22549,1.0690694
170.2371,1.082308
170.24871,0.65811947
170.26032,1.1879616
170.27193,1.0460254
170.28354,1.4331346
170.29515,0.84889901
170.30676,1.0810368
170.31837,0.86323218
170.32998,1.2666929
170.34159,1.0249481
170.3532,1.1339178
170.36481,0.77234317
170.37642,1.2392147
170.38803,1.114639
170.39964,1.1418495
170.41125,0.82869011
170.42286,0.77109811
170.43447,0.87724661
170.44608,1.2974351
170.45769,1.1993994
170.4693,0.99072213
170.48091,0.85450747
170.49252,0.87998614
170.50413,1.0070376
170.51574,1.0212755
170.52735,0.84214921
170.53896,0.92496768
170.55057,1.0976864
170.56218,1.0060307
170.57379,1.0371796
170.5854,0.56370151
170.59701,0.42251484
170.60862,0.94248301
170.62023,1.1167177
170.63184,0.9378984
170.64345,1.067559
170.65506,0.57210109
170.66667,0.70094783
170.67828,0.79746991
170.68989,0.83717453
170.7015,0.68340432
170.71311,0.97134998
170.72472,0.74512182
170.73633,0.98855288
170.74794,0.69053687
170.75955,0.51517793
170.77116,0.70307916
170.78277,0.86696542
170.79438,0.80373953
170.80599,1.0574703
170.8176,0.72597051
170.82921,0.54751737
170.84082,0.69735263
170.85243,0.76430146
170.86404,0.62008638
170.87565,0.85311562
170.88726,0.40858132
170.89887,0.84103436
170.91048,0.71059981
170.92209,0.63172084
170.9337,0.6010955
170.94531,0.69144471
170.95692,0.54527007
170.96853,0.79363961
170.98014,0.6813494
170.99175,0.41865466
171.00336,0.5457294
171.01497,0.53384693
171.02658,0.56906022
171.03819,0.50126274
171.0498,0.46661572
171.06141,0.60763326
171.07302,0.4769149
171.08463,0.56442868
171.09624,0.63515508
171.10785,0.33247322
171.11946,0.59429574
171.13107,0.62573636
171.14268,0.38111203
171.15429,0.64176655
171.1659,0.66506848
171.17751,0.27691112
171.18912,0.4398852
171.20073,0.61274707
171.21234,0.52929451
171.22395,0.50382853
171.23556,0.44503414
171.24717,0.58633994
171.25878,0.55437674
171.27039,0.39520013
171.282,0.50920415
171.29361,0.54435853
171.30522,0.31686902
171.31683,0.449649
171.32844,0.4901342
171.34005,0.29656074
171.35166,0.32146956
171.36327,0.42168932
171.37488,0.2883528
171.38649,0.25775857
171.3981,0.31982522
171.40971,0.29920857
171.42132,0.18699079
171.43293,0.18810598
171.44454,0.25584161
171.45615,0.23541022
171.46776,0.13399824
171.47937,0.1966432
171.49098,0.18142995
171.50259,0.12374186
171.5142,0.14436157
171.5258,0.15571749
171.53741,0.10971973
171.54902,0.068687385
171.56063,0.11068985
171.57224,0.14129197
171.58385,0.094341102
171.59546,0.066145453
171.60707,0.072099058
171.61868,0.084215324
171.63029,0.087043079
171.6419,0.09200104
171.65351,0.04667914
171.66512,0.038298752
171.67673,0.084186996
171.68834,0.086776351
171.69995,0.067928111
171.71156,0.11078683
171.72317,0.051717734
171.73478,0.049002354
171.74639,0.048854007
171.758,0.065605845
171.76961,0.043954136
171.78122,0.054875911
171.79283,0.047677436
171.80444,0.048852123
171.81605,0.014073487
171.82766,0.028900749
171.83927,0.043425501
171.85088,0.013565316
171.86249,0.023417705
171.8741,0.082389901
171.88571,0.041233361
171.89732,0.0045614687
171.90893,0.019308408
171.92054,0.010836929
171.93215,0.0052120246
171.94376,0.014957756
171.95537,0.066681785
171.96698,0.0040533172
171.97859,0.0075497446
171.9902,0.0058260721
172.00181,0.0020694005
172.01342,0.024901482
172.02503,0.00019665287
172.03664,0.039074772
172.04825,0.011757139
172.05986,0.0093031245
172.07147,0.073163697
172.08308,0.040384973
172.09469,0.032749068
172.1063,0.057939533
172.11791,0.052500659
172.12952,0.032431418
172.14113,8.9095676e-05
172.15274,0.014480628
172.16435,0
172.17596,0.026568495
172.18757,0.025646569
172.19918,0.020168947
172.21079,0.055381454
172.2224,0.0050749715
172.23401,0.02366393
172.24562,0.01381826
172.25723,0
172.26884,0.018158694
172.28045,0.013929475
172.29206,0.0012510436
172.30367,0.077374514
172.31528,0.027813068
172.32689,0.00071745413
172.3385,0.0045246646
172.35011,0
172.36172,0
172.37333,0.00038177116
172.38494,0.04535874
172.39655,0
172.40816,0.0022954633
172.41977,0.0051846415
172.43138,0.0022592786
172.44299,0
172.4546,0.0080531349
172.46621,0
172.47782,0.018493826
172.48943,0.030545198
172.50104,0.018999618
172.51265,0.00036011141
172.52426,0.00068122188
172.53587,0.052221413
172.54748,0.006951232
172.55909,0.013135563
172.5707,0.012840856
172.58231,6.3982023e-05
172.59392,0.01507444
172.60553,0.015276455
172.61714,0
172.62875,0.013103587
172.64036,0.00060730049
172.65197,0.012678837
172.66358,0.0075187922
172.67519,0.00019849224
172.6868,0.0012724642
172.69841,0.0095550984
172.71002,0.015082238
172.72163,0.0047160611
172.73324,0.021447885
172.74485,0.014217379
172.75646,0.0048460268
172.76807,0.026190248
172.77968,0.020360647
172.79129,0
172.8029,0.0027743517
172.81451,0.0083210654
172.82612,0.0069502189
172.83773,0.0089275426
172.84934,0.057651853
172.86095,0.033139493
172.87256,0.0098690972
172.88417,0.025347309
172.89578,0.0048947975
172.90739,0.040435159
172.919,0.025225486
172.93061,0.0048833851
172.94222,0.012192914
172.95383,0.0042749851
172.96544,0.0218559
172.97705,0.024346313
172.98866,0.0037384258
173.00027,0.00027824994
173.01188,0.012037961
173.02349,0.018838736
173.0351,0.069995892
173.04671,0.010762125
173.05832,0.016411037
173.06993,0.0071045343
173.08154,0.0037085625
173.09315,0.0053639134
173.10476,0.04179473
173.11637,0.030562485
173.12798,0.0029509931
173.13959,0.014337151
173.1512,0.035804482
173.16281,0.038354062
173.17442,0.0013262225
173.18603,0.019649635
173.19764,0.026429432
173.20925,1.1843042e-06
173.22086,0.023619649
173.23247,0.012891168
173.24408,0.00085531107
173.25569,0.025153236
173.2673,0.00045391925
173.27891,0.00087692551
173.29052,0.010187558
173.30213,0.014978747
173.31374,0.059791471
173.32535,0.21464793
173.33696,0.10751002
173.34857,0.11686205
173.36018,0.069004128
173.37179,0.091503348
173.3834,0.071638299
173.39501,0.047351796
173.40662,0.050908563
173.41823,0.046744934
173.42984,0.055992745
173.44145,0.069134396
173.45306,0.011742346
173.46467,0.034690544
173.47628,0.026986964
173.48789,0.060824846
173.4995,0.0085118206
173.51111,0.0091345463
173.52272,0.0087590136
173.53433,0.029031799
173.54594,0.00095634902
173.55755,0.03946372
173.56916,0.078111584
173.58077,0.03471971
173.59238,0.014330468
173.60399,0.036494825
173.6156,0.0059073707
173.62721,0.043365515
173.63882,0.0073676367
173.65043,0.051742556
173.66204,0.11670887
173.67365,0.035936376
173.68526,0.016833982
173.69687,0.049413182
173.70848,0.074521463
173.72009,0.029144728
173.7317,0.018341788
173.74331,0.015563822
173.75492,0.0044179523
173.76653,0.021859096
173.77814,0.0057119105
173.78975,0.016625918
173.80136,0.017884731
173.81297,0.0050921345
173.82458,0.040081752
173.83619,0.03439779
173.8478,0.029979562
173.85941,0.071497103
173.87102,0.045491652
173.88263,0.027472237
173.89424,0.027693057
173.90585,0.014782633
173.91746,0.044297786
173.92907,0.001715027
173.94068,0.0069410046
173.95229,0.0093872173
173.9639,0.014607232
173.97551,0.075317073
173.98712,0.0463091
173.99873,0.062363106
174.01034,0.065934919
174.02195,0.022594408
174.03356,0.0092544121
174.04517,0.018130521
174.05678,0.068167103
174.06839,0.0055142526
174.08,0.023251501
174.09161,0.0235644
174.10322,0.00066438823
174.11483,0.049110093
174.12644,0.0098837825
174.13805,0.027447473
174.14966,0.029163448
174.16127,0.0026193986
174.17288,0.012156561
174.18449,0.0025633183
174.1961,0.0044048105
174.20771,0.0065346787
174.21932,0
174.23093,0.011194524
174.24254,0
174.25415,0.0097285436
174.26576,0.0071791295
174.27737,0.001748562
174.28898,0
174.30059,0.000634651
174.3122,0.0020343475
174.32381,0.012475311
174.33542,0.033640603
174.34703,0.011658342
174.35864,0.0060803661
174.37025,0.0026517972
174.38186,0.00026164496
174.39347,0.006121739
174.40508,0.036207874
174.41669,0.00098101698
174.4283,0
174.43991,0.0040568728
174.45152,0.0017554268
174.46313,0.008210753
174.47474,0.00014740194
174.48635,0.0026776861
174.49796,0.011745915
174.50957,0.030640095
174.52118,0.034456749
174.53279,0.060100508
174.5444,0.052736952
174.55601,0.0046350839
174.56762,0.028712071
174.57923,0.0072118816
174.59084,0.060045261
174.60245,0
